0.000000000000000 0.000000000000000
0.010000000000000 0.000092111340293
0.020000000000000 0.000367680845703
0.030000000000000 0.000825471395567
0.040000000000000 0.001464128787875
0.050000000000000 0.002282186031950
0.060000000000000 0.003278067709173
0.070000000000000 0.004450094389975
0.080000000000000 0.005796487095466
0.090000000000000 0.007315371792386
0.100000000000000 0.009004783910302
0.110000000000000 0.010869476502021
0.120000000000000 0.012902955616701
0.130000000000000 0.015103274698222
0.140000000000000 0.017468403078888
0.150000000000000 0.019996230579542
0.160000000000000 0.022684572085184
0.170000000000000 0.025531172087131
0.180000000000000 0.028533709183222
0.190000000000000 0.031689800528026
0.200000000000000 0.034997006225505
0.210000000000000 0.038472445320406
0.220000000000000 0.042097379822922
0.230000000000000 0.045869379723368
0.240000000000000 0.049785965850292
0.250000000000000 0.053844614055356
0.260000000000000 0.058042759310906
0.270000000000000 0.062377799715510
0.280000000000000 0.066847100403179
0.290000000000000 0.071447997352490
0.300000000000000 0.076177801092234
0.310000000000000 0.081065158508751
0.320000000000000 0.086079426621745
0.330000000000000 0.091217936103802
0.340000000000000 0.096477999896081
0.350000000000000 0.101856916526610
0.360000000000000 0.107351973314607
0.370000000000000 0.112960449459920
0.380000000000000 0.118679619016965
0.390000000000000 0.124506753752923
0.400000000000000 0.130439125890221
0.410000000000000 0.136508382710045
0.420000000000000 0.142680083384980
0.430000000000000 0.148951540877125
0.440000000000000 0.155320075173190
0.450000000000000 0.161783015571606
0.460000000000000 0.168337702858575
0.470000000000000 0.174981491374573
0.480000000000000 0.181711750973042
0.490000000000000 0.188525868873155
0.500000000000000 0.195421251408663
0.510000000000000 0.202420535836041
0.520000000000000 0.209497405243236
0.530000000000000 0.216649334187582
0.540000000000000 0.223873821084692
0.550000000000000 0.231168389525159
0.560000000000000 0.238530589500701
0.570000000000000 0.245957998542367
0.580000000000000 0.253448222773442
0.590000000000000 0.260998897879749
0.600000000000000 0.268607690000053
0.610000000000000 0.276261397361464
0.620000000000000 0.283968168629741
0.630000000000000 0.291725768128922
0.640000000000000 0.299531993744055
0.650000000000000 0.307384677438230
0.660000000000000 0.315281685706384
0.670000000000000 0.323220919968529
0.680000000000000 0.331200316905026
0.690000000000000 0.339217848736481
0.700000000000000 0.347271523450789
0.710000000000000 0.355289699228973
0.720000000000000 0.363337728507866
0.730000000000000 0.371413748731525
0.740000000000000 0.379515934510340
0.750000000000000 0.387642497559568
0.760000000000000 0.395791686601147
0.770000000000000 0.403961787230869
0.780000000000000 0.412151121753009
0.790000000000000 0.420358048984399
0.800000000000000 0.428580964029873
0.810000000000000 0.436653850608950
0.820000000000000 0.444735073082926
0.830000000000000 0.452823188439885
0.840000000000000 0.460916789904820
0.850000000000000 0.469014506507686
0.860000000000000 0.477115002636523
0.870000000000000 0.485216977577046
0.880000000000000 0.493319165040076
0.890000000000000 0.501420332678059
0.900000000000000 0.509519281591935
0.910000000000000 0.517334661730313
0.920000000000000 0.525139261027842
0.930000000000000 0.532932068999199
0.940000000000000 0.540712107262963
0.950000000000000 0.548478428919184
0.960000000000000 0.556230117927655
0.970000000000000 0.563966288487614
0.980000000000000 0.571686084419542
0.990000000000000 0.579388678549714
1.000000000000000 0.587073272098082
1.010000000000000 0.594309649458160
1.020000000000000 0.601518695823801
1.030000000000000 0.608699824116977
1.040000000000000 0.615852473306290
1.050000000000000 0.622976107727612
1.060000000000000 0.630070216415283
1.070000000000000 0.637134312444057
1.080000000000000 0.644167932281950
1.090000000000000 0.651170635154143
1.100000000000000 0.658142002418034
1.110000000000000 0.664507341347843
1.120000000000000 0.670832015828830
1.130000000000000 0.677115827989026
1.140000000000000 0.683358599026095
1.150000000000000 0.689560168566993
1.160000000000000 0.695720394043094
1.170000000000000 0.701839150080634
1.180000000000000 0.707916327906266
1.190000000000000 0.713951834767550
1.200000000000000 0.719945593368171
1.210000000000000 0.725177358217474
1.220000000000000 0.730358453750843
1.230000000000000 0.735489022966348
1.240000000000000 0.740569220866585
1.250000000000000 0.745599213914397
1.260000000000000 0.750579179505426
1.270000000000000 0.755509305457096
1.280000000000000 0.760389789513682
1.290000000000000 0.765220838867056
1.300000000000000 0.770002669692779
1.310000000000000 0.773909313722800
1.320000000000000 0.777758885445924
1.330000000000000 0.781551805428437
1.340000000000000 0.785288499730837
1.350000000000000 0.788969399487532
1.360000000000000 0.792594940502285
1.370000000000000 0.796165562858969
1.380000000000000 0.799681710547178
1.390000000000000 0.803143831102254
1.400000000000000 0.806552375259301
1.410000000000000 0.809017483906473
1.420000000000000 0.811422565499479
1.430000000000000 0.813768249399127
1.440000000000000 0.816055164927069
1.450000000000000 0.818283941073916
1.460000000000000 0.820455206220745
1.470000000000000 0.822569587873509
1.480000000000000 0.824627712409960
1.490000000000000 0.826630204838613
1.500000000000000 0.828577688569360
1.510000000000000 0.829582934386041
1.520000000000000 0.830528396105421
1.530000000000000 0.831414840784046
1.540000000000000 0.832243031134574
1.550000000000000 0.833013725351240
1.560000000000000 0.833727676945791
1.570000000000000 0.834385634593483
1.580000000000000 0.834988341988783
1.590000000000000 0.835536537710361
1.600000000000000 0.836030955095041
1.610000000000000 0.835645628600734
1.620000000000000 0.835203404626342
1.630000000000000 0.834705122267977
1.640000000000000 0.834151613254847
1.650000000000000 0.833543701871851
1.660000000000000 0.832882204889772
1.670000000000000 0.832167931502747
1.680000000000000 0.831401683272697
1.690000000000000 0.830584254080408
1.700000000000000 0.829716430082984
1.710000000000000 0.828089845313100
1.720000000000000 0.826411241837279
1.730000000000000 0.824681474172182
1.740000000000000 0.822901387646902
1.750000000000000 0.821071818398962
1.760000000000000 0.819193593375414
1.770000000000000 0.817267530338756
1.780000000000000 0.815294437877470
1.790000000000000 0.813275115420910
1.800000000000000 0.811210353258345
1.810000000000000 0.808543603833841
1.820000000000000 0.805830972316105
1.830000000000000 0.803073284796237
1.840000000000000 0.800271357369405
1.850000000000000 0.797425996181179
1.860000000000000 0.794537997476938
1.870000000000000 0.791608147654182
1.880000000000000 0.788637223317559
1.890000000000000 0.785625991336467
1.900000000000000 0.782575208905050
1.910000000000000 0.779098259573336
1.920000000000000 0.775582153515064
1.930000000000000 0.772027657623025
1.940000000000000 0.768435528766818
1.950000000000000 0.764806513869583
1.960000000000000 0.761141349986321
1.970000000000000 0.757440764383685
1.980000000000000 0.753705474621115
1.990000000000000 0.749936188633221
2.000000000000000 0.746133604813283
2.010000000000000 0.742077271794443
2.020000000000000 0.737988530457965
2.030000000000000 0.733868070229575
2.040000000000000 0.729716571024730
2.050000000000000 0.725534703340172
2.060000000000000 0.721323128346054
2.070000000000000 0.717082497978546
2.080000000000000 0.712813455032854
2.090000000000000 0.708516633256578
2.100000000000000 0.704192657443336
2.110000000000000 0.699771880599244
2.120000000000000 0.695325060089593
2.130000000000000 0.690852799730332
2.140000000000000 0.686355694670627
2.150000000000000 0.681834331488072
2.160000000000000 0.677289288283819
2.170000000000000 0.672721134777568
2.180000000000000 0.668130432402383
2.190000000000000 0.663517734399279
2.200000000000000 0.658883585911544
2.210000000000000 0.654283801073078
2.220000000000000 0.649663693997608
2.230000000000000 0.645023782436588
2.240000000000000 0.640364576479880
2.250000000000000 0.635686578647358
2.260000000000000 0.630990283980041
2.270000000000000 0.626276180130746
2.280000000000000 0.621544747454216
2.290000000000000 0.616796459096721
2.300000000000000 0.612031781085093
2.310000000000000 0.607403205528821
2.320000000000000 0.602759257670612
2.330000000000000 0.598100373899969
2.340000000000000 0.593426983989469
2.350000000000000 0.588739511178543
2.360000000000000 0.584038372256627
2.370000000000000 0.579323977645640
2.380000000000000 0.574596731481805
2.390000000000000 0.569857031696775
2.400000000000000 0.565105270098078
2.410000000000000 0.560562401986718
2.420000000000000 0.556008311294101
2.430000000000000 0.551443360758528
2.440000000000000 0.546867907505349
2.450000000000000 0.542282303120967
2.460000000000000 0.537686893726147
2.470000000000000 0.533082020048612
2.480000000000000 0.528468017494930
2.490000000000000 0.523845216221683
2.500000000000000 0.519213941205914
2.510000000000000 0.514839387767537
2.520000000000000 0.510456999450123
2.530000000000000 0.506067074381799
2.540000000000000 0.501669905995339
2.550000000000000 0.497265783091899
2.560000000000000 0.492854989904075
2.570000000000000 0.488437806158261
2.580000000000000 0.484014507136334
2.590000000000000 0.479585363736641
2.600000000000000 0.475150642534310
2.610000000000000 0.470999773100970
2.620000000000000 0.466843770441583
2.630000000000000 0.462682877336821
2.640000000000000 0.458517332681755
2.650000000000000 0.454347371539726
2.660000000000000 0.450173225195597
2.670000000000000 0.445995121208371
2.680000000000000 0.441813283463188
2.690000000000000 0.437627932222695
2.700000000000000 0.433439284177799
2.710000000000000 0.429545484100388
2.720000000000000 0.425648659434762
2.730000000000000 0.421749006405640
2.740000000000000 0.417846718048780
2.750000000000000 0.413941984255899
2.760000000000000 0.410034991819025
2.770000000000000 0.406125924474304
2.780000000000000 0.402214962945253
2.790000000000000 0.398302284985472
2.800000000000000 0.394388065420813
2.810000000000000 0.390767832717100
2.820000000000000 0.387146187052766
2.830000000000000 0.383523286038638
2.840000000000000 0.379899284684794
2.850000000000000 0.376274335437614
2.860000000000000 0.372648588216353
2.870000000000000 0.369022190449244
2.880000000000000 0.365395287109123
2.890000000000000 0.361768020748596
2.900000000000000 0.358140531534742
2.910000000000000 0.354798282452313
2.920000000000000 0.351455825159827
2.930000000000000 0.348113285580124
2.940000000000000 0.344770787525217
2.950000000000000 0.341428452726613
2.960000000000000 0.338086400865241
2.970000000000000 0.334744749600971
2.980000000000000 0.331403614601748
2.990000000000000 0.328063109572327
3.000000000000000 0.324723346282630
3.010000000000000 0.321654548764967
3.020000000000000 0.318586421411770
3.030000000000000 0.315519064366483
3.040000000000000 0.312452576065441
3.050000000000000 0.309387053262541
3.060000000000000 0.306322591053587
3.070000000000000 0.303259282900302
3.080000000000000 0.300197220654008
3.090000000000000 0.297136494578994
3.100000000000000 0.294077193375546
3.110000000000000 0.291271291186528
3.120000000000000 0.288466680206485
3.130000000000000 0.285663439748872
3.140000000000000 0.282861647750057
3.150000000000000 0.280061380789318
3.160000000000000 0.277262714108562
3.170000000000000 0.274465721631775
3.180000000000000 0.271670475984200
3.190000000000000 0.268877048511253
3.200000000000000 0.266085509297175
3.210000000000000 0.263528548576034
3.220000000000000 0.260973299792042
3.230000000000000 0.258419825511739
3.240000000000000 0.255868187192892
3.250000000000000 0.253318445200652
3.260000000000000 0.250770658823482
3.270000000000000 0.248224886288860
3.280000000000000 0.245681184778768
3.290000000000000 0.243139610444965
3.300000000000000 0.240600218424041
3.310000000000000 0.238276385194854
3.320000000000000 0.235954530677412
3.330000000000000 0.233634704028254
3.340000000000000 0.231316953512432
3.350000000000000 0.229001326516525
3.360000000000000 0.226687869561482
3.370000000000000 0.224376628315273
3.380000000000000 0.222067647605373
3.390000000000000 0.219760971431063
3.400000000000000 0.217456642975563
3.410000000000000 0.215348776163514
3.420000000000000 0.213243038905033
3.430000000000000 0.211139469661665
3.440000000000000 0.209038106178760
3.450000000000000 0.206938985495958
3.460000000000000 0.204842143957515
3.470000000000000 0.202747617222495
3.480000000000000 0.200655440274809
3.490000000000000 0.198565647433117
3.500000000000000 0.196478272360594
3.510000000000000 0.194569115199701
3.520000000000000 0.192662152160728
3.530000000000000 0.190757413200585
3.540000000000000 0.188854927701113
3.550000000000000 0.186954724477511
3.560000000000000 0.185056831786647
3.570000000000000 0.183161277335252
3.580000000000000 0.181268088287992
3.590000000000000 0.179377291275433
3.600000000000000 0.177488912401895
3.610000000000000 0.175761878214595
3.620000000000000 0.174037039238608
3.630000000000000 0.172314418683583
3.640000000000000 0.170594039297600
3.650000000000000 0.168875923373944
3.660000000000000 0.167160092757791
3.670000000000000 0.165446568852784
3.680000000000000 0.163735372627533
3.690000000000000 0.162026524622015
3.700000000000000 0.160320044953882
3.710000000000000 0.158759227809954
3.720000000000000 0.157200561562258
3.730000000000000 0.155644064081428
3.740000000000000 0.154089752867723
3.750000000000000 0.152537645056463
3.760000000000000 0.150987757423404
3.770000000000000 0.149440106390030
3.780000000000000 0.147894708028772
3.790000000000000 0.146351578068153
3.800000000000000 0.144810731897861
3.810000000000000 0.143400917834297
3.820000000000000 0.141993179228112
3.830000000000000 0.140587529737422
3.840000000000000 0.139183982723139
3.850000000000000 0.137782551253355
3.860000000000000 0.136383248107657
3.870000000000000 0.134986085781380
3.880000000000000 0.133591076489810
3.890000000000000 0.132198232172315
3.900000000000000 0.130807564496428
3.910000000000000 0.129534653658690
3.920000000000000 0.128263722154626
3.930000000000000 0.126994780326920
3.940000000000000 0.125727838279776
3.950000000000000 0.124462905882446
3.960000000000000 0.123199992772694
3.970000000000000 0.121939108360227
3.980000000000000 0.120680261830068
3.990000000000000 0.119423462145883
4.000000000000000 0.118168718053262
4.010000000000000 0.117019998129732
4.020000000000000 0.115873148094355
4.030000000000000 0.114728175686800
4.040000000000000 0.113585088455418
4.050000000000000 0.112443893760079
4.060000000000000 0.111304598774965
4.070000000000000 0.110167210491323
4.080000000000000 0.109031735720185
4.090000000000000 0.107898181095045
4.100000000000000 0.106766553074497
4.110000000000000 0.105729997449781
4.120000000000000 0.104695195607292
4.130000000000000 0.103662153251134
4.140000000000000 0.102630875931934
4.150000000000000 0.101601369049117
4.160000000000000 0.100573637853161
4.170000000000000 0.099547687447816
4.180000000000000 0.098523522792286
4.190000000000000 0.097501148703392
4.200000000000000 0.096480569857695
4.210000000000000 0.095545323348437
4.220000000000000 0.094611711968374
4.230000000000000 0.093679739835567
4.240000000000000 0.092749410944969
4.250000000000000 0.091820729170265
4.260000000000000 0.090893698265688
4.270000000000000 0.089968321867800
4.280000000000000 0.089044603497262
4.290000000000000 0.088122546560569
4.300000000000000 0.087202154351763
4.310000000000000 0.086358411819240
4.320000000000000 0.085516186235932
4.330000000000000 0.084675480489770
4.340000000000000 0.083836297369972
4.350000000000000 0.082998639568532
4.360000000000000 0.082162509681677
4.370000000000000 0.081327910211310
4.380000000000000 0.080494843566431
4.390000000000000 0.079663312064542
4.400000000000000 0.078833317933026
4.410000000000000 0.078072102163056
4.420000000000000 0.077312288052417
4.430000000000000 0.076553877540497
4.440000000000000 0.075796872487567
4.450000000000000 0.075041274675979
4.460000000000000 0.074287085811341
4.470000000000000 0.073534307523686
4.480000000000000 0.072782941368619
4.490000000000000 0.072032988828442
4.500000000000000 0.071284451313278
4.510000000000000 0.070597554987740
4.520000000000000 0.069911949626441
4.530000000000000 0.069227636442426
4.540000000000000 0.068544616585360
4.550000000000000 0.067862891142487
4.560000000000000 0.067182461139590
4.570000000000000 0.066503327541925
4.580000000000000 0.065825491255153
4.590000000000000 0.065148953126250
4.600000000000000 0.064473713944409
4.610000000000000 0.063853793098624
4.620000000000000 0.063235057952482
4.630000000000000 0.062617509167587
4.640000000000000 0.062001147354805
4.650000000000000 0.061385973075036
4.660000000000000 0.060771986839996
4.670000000000000 0.060159189112966
4.680000000000000 0.059547580309547
4.690000000000000 0.058937160798398
4.700000000000000 0.058327930901966
4.710000000000000 0.057768339475648
4.720000000000000 0.057209834552744
4.730000000000000 0.056652416380791
4.740000000000000 0.056096085166745
4.750000000000000 0.055540841077607
4.760000000000000 0.054986684241053
4.770000000000000 0.054433614746043
4.780000000000000 0.053881632643431
4.790000000000000 0.053330737946563
4.800000000000000 0.052780930631861
4.810000000000000 0.052275691961012
4.820000000000000 0.051771446931797
4.830000000000000 0.051268195485285
4.840000000000000 0.050765937530123
4.850000000000000 0.050264672943054
4.860000000000000 0.049764401569415
4.870000000000000 0.049265123223640
4.880000000000000 0.048766837689746
4.890000000000000 0.048269544721822
4.900000000000000 0.047773244044503
4.910000000000000 0.047316983439567
4.920000000000000 0.046861630011875
4.930000000000000 0.046407183480022
4.940000000000000 0.045953643536747
4.950000000000000 0.045501009849346
4.960000000000000 0.045049282060082
4.970000000000000 0.044598459786585
4.980000000000000 0.044148542622255
4.990000000000000 0.043699530136647
5.000000000000000 0.043251421875865
5.010000000000000 0.042839311106024
5.020000000000000 0.042428027351349
5.030000000000000 0.042017570173285
5.040000000000000 0.041607939112686
5.050000000000000 0.041199133690167
5.060000000000000 0.040791153406421
5.070000000000000 0.040383997742552
5.080000000000000 0.039977666160399
5.090000000000000 0.039572158102848
5.100000000000000 0.039167472994153
5.110000000000000 0.038795165574233
5.120000000000000 0.038423611132908
5.130000000000000 0.038052809124985
5.140000000000000 0.037682758988920
5.150000000000000 0.037313460147097
5.160000000000000 0.036944912006092
5.170000000000000 0.036577113956943
5.180000000000000 0.036210065375407
5.190000000000000 0.035843765622221
5.200000000000000 0.035478214043355
5.210000000000000 0.035141783319401
5.220000000000000 0.034806037443819
5.230000000000000 0.034470975803547
5.240000000000000 0.034136597772579
5.250000000000000 0.033802902712183
5.260000000000000 0.033469889971124
5.270000000000000 0.033137558885873
5.280000000000000 0.032805908780827
5.290000000000000 0.032474938968509
5.300000000000000 0.032144648749782
5.310000000000000 0.031840445250524
5.320000000000000 0.031536864327031
5.330000000000000 0.031233905327537
5.340000000000000 0.030931567590057
5.350000000000000 0.030629850442567
5.360000000000000 0.030328753203182
5.370000000000000 0.030028275180330
5.380000000000000 0.029728415672922
5.390000000000000 0.029429173970528
5.400000000000000 0.029130549353537
5.410000000000000 0.028855623414406
5.420000000000000 0.028581262550498
5.430000000000000 0.028307466094324
5.440000000000000 0.028034233370365
5.450000000000000 0.027761563695225
5.460000000000000 0.027489456377764
5.470000000000000 0.027217910719252
5.480000000000000 0.026946926013500
5.490000000000000 0.026676501547000
5.500000000000000 0.026406636599066
5.510000000000000 0.026158067530244
5.520000000000000 0.025910011094813
5.530000000000000 0.025662466625951
5.540000000000000 0.025415433450561
5.550000000000000 0.025168910889392
5.560000000000000 0.024922898257150
5.570000000000000 0.024677394862621
5.580000000000000 0.024432400008779
5.590000000000000 0.024187912992901
5.600000000000000 0.023943933106677
5.610000000000000 0.023719097708409
5.620000000000000 0.023494727191393
5.630000000000000 0.023270820901396
5.640000000000000 0.023047378179310
5.650000000000000 0.022824398361251
5.660000000000000 0.022601880778654
5.670000000000000 0.022379824758362
5.680000000000000 0.022158229622725
5.690000000000000 0.021937094689686
5.700000000000000 0.021716419272873
5.710000000000000 0.021512966953797
5.720000000000000 0.021309936080390
5.730000000000000 0.021107326019479
5.740000000000000 0.020905136134134
5.750000000000000 0.020703365783748
5.760000000000000 0.020502014324114
5.770000000000000 0.020301081107499
5.780000000000000 0.020100565482722
5.790000000000000 0.019900466795228
5.800000000000000 0.019700784387157
5.810000000000000 0.019516648707758
5.820000000000000 0.019332894910067
5.830000000000000 0.019149522387941
5.840000000000000 0.018966530532370
5.850000000000000 0.018783918731546
5.860000000000000 0.018601686370918
5.870000000000000 0.018419832833259
5.880000000000000 0.018238357498726
5.890000000000000 0.018057259744919
5.900000000000000 0.017876538946942
5.910000000000000 0.017709836543543
5.920000000000000 0.017543480068402
5.930000000000000 0.017377468946204
5.940000000000000 0.017211802599478
5.950000000000000 0.017046480448646
5.960000000000000 0.016881501912073
5.970000000000000 0.016716866406119
5.980000000000000 0.016552573345189
5.990000000000000 0.016388622141778
6.000000000000000 0.016225012206527
6.010000000000000 0.016074050793806
6.020000000000000 0.015923402658662
6.030000000000000 0.015773067258837
6.040000000000000 0.015623044050476
6.050000000000000 0.015473332488166
6.060000000000000 0.015323932024980
6.070000000000000 0.015174842112516
6.080000000000000 0.015026062200938
6.090000000000000 0.014877591739016
6.100000000000000 0.014729430174163
6.110000000000000 0.014592709986224
6.120000000000000 0.014456273393999
6.130000000000000 0.014320119889420
6.140000000000000 0.014184248963261
6.150000000000000 0.014048660105174
6.160000000000000 0.013913352803719
6.170000000000000 0.013778326546403
6.180000000000000 0.013643580819708
6.190000000000000 0.013509115109125
6.200000000000000 0.013374928899186
6.210000000000000 0.013251078725830
6.220000000000000 0.013127485221928
6.230000000000000 0.013004147913744
6.240000000000000 0.012881066326726
6.250000000000000 0.012758239985544
6.260000000000000 0.012635668414110
6.270000000000000 0.012513351135608
6.280000000000000 0.012391287672519
6.290000000000000 0.012269477546651
6.300000000000000 0.012147920279157
6.310000000000000 0.012035674699413
6.320000000000000 0.011923661439846
6.330000000000000 0.011811880060398
6.340000000000000 0.011700330120469
6.350000000000000 0.011589011178941
6.360000000000000 0.011477922794201
6.370000000000000 0.011367064524162
6.380000000000000 0.011256435926285
6.390000000000000 0.011146036557599
6.400000000000000 0.011035865974725
6.410000000000000 0.010934111117750
6.420000000000000 0.010832566519643
6.430000000000000 0.010731231773026
6.440000000000000 0.010630106470190
6.450000000000000 0.010529190203115
6.460000000000000 0.010428482563485
6.470000000000000 0.010327983142709
6.480000000000000 0.010227691531934
6.490000000000000 0.010127607322066
6.500000000000000 0.010027730103785
6.510000000000000 0.009935464285113
6.520000000000000 0.009843388739211
6.530000000000000 0.009751503090072
6.540000000000000 0.009659806961518
6.550000000000000 0.009568299977215
6.560000000000000 0.009476981760690
6.570000000000000 0.009385851935343
6.580000000000000 0.009294910124461
6.590000000000000 0.009204155951232
6.600000000000000 0.009113589038760
6.610000000000000 0.009029906972450
6.620000000000000 0.008946397082343
6.630000000000000 0.008863059022262
6.640000000000000 0.008779892445981
6.650000000000000 0.008696897007242
6.660000000000000 0.008614072359758
6.670000000000000 0.008531418157232
6.680000000000000 0.008448934053366
6.690000000000000 0.008366619701868
6.700000000000000 0.008284474756472
6.710000000000000 0.008208559208042
6.720000000000000 0.008132799455641
6.730000000000000 0.008057195181252
6.740000000000000 0.007981746066902
6.750000000000000 0.007906451794669
6.760000000000000 0.007831312046696
6.770000000000000 0.007756326505196
6.780000000000000 0.007681494852463
6.790000000000000 0.007606816770882
6.800000000000000 0.007532291942935
6.810000000000000 0.007463405570538
6.820000000000000 0.007394660170620
6.830000000000000 0.007326055451588
6.840000000000000 0.007257591121958
6.850000000000000 0.007189266890366
6.860000000000000 0.007121082465572
6.870000000000000 0.007053037556470
6.880000000000000 0.006985131872094
6.890000000000000 0.006917365121627
6.900000000000000 0.006849737014404
6.910000000000000 0.006787215696071
6.920000000000000 0.006724821934681
6.930000000000000 0.006662555463319
6.940000000000000 0.006600416015228
6.950000000000000 0.006538403323815
6.960000000000000 0.006476517122658
6.970000000000000 0.006414757145510
6.980000000000000 0.006353123126306
6.990000000000000 0.006291614799171
7.000000000000000 0.006230231898422
7.010000000000000 0.006173475467592
7.020000000000000 0.006116834454958
7.030000000000000 0.006060308616553
7.040000000000000 0.006003897708602
7.050000000000000 0.005947601487526
7.060000000000000 0.005891419709946
7.070000000000000 0.005835352132687
7.080000000000000 0.005779398512786
7.090000000000000 0.005723558607494
7.100000000000000 0.005667832174280
7.110000000000000 0.005616303383274
7.120000000000000 0.005564879017883
7.130000000000000 0.005513558855429
7.140000000000000 0.005462342673448
7.150000000000000 0.005411230249687
7.160000000000000 0.005360221362117
7.170000000000000 0.005309315788929
7.180000000000000 0.005258513308543
7.190000000000000 0.005207813699608
7.200000000000000 0.005157216741009
7.210000000000000 0.005110416896574
7.220000000000000 0.005063711550649
7.230000000000000 0.005017100500185
7.240000000000000 0.004970583542353
7.250000000000000 0.004924160474555
7.260000000000000 0.004877831094418
7.270000000000000 0.004831595199805
7.280000000000000 0.004785452588813
7.290000000000000 0.004739403059780
7.300000000000000 0.004693446411282
7.310000000000000 0.004650938459301
7.320000000000000 0.004608516014426
7.330000000000000 0.004566178891715
7.340000000000000 0.004523926906457
7.350000000000000 0.004481759874168
7.360000000000000 0.004439677610601
7.370000000000000 0.004397679931743
7.380000000000000 0.004355766653819
7.390000000000000 0.004313937593295
7.400000000000000 0.004272192566881
7.410000000000000 0.004233579406880
7.420000000000000 0.004195043613402
7.430000000000000 0.004156585018170
7.440000000000000 0.004118203453134
7.450000000000000 0.004079898750475
7.460000000000000 0.004041670742607
7.470000000000000 0.004003519262174
7.480000000000000 0.003965444142061
7.490000000000000 0.003927445215387
7.500000000000000 0.003889522315512
7.510000000000000 0.003854428909347
7.520000000000000 0.003819405531619
7.530000000000000 0.003784452029281
7.540000000000000 0.003749568249511
7.550000000000000 0.003714754039710
7.560000000000000 0.003680009247508
7.570000000000000 0.003645333720763
7.580000000000000 0.003610727307563
7.590000000000000 0.003576189856229
7.600000000000000 0.003541721215312
7.610000000000000 0.003509821165632
7.620000000000000 0.003477984505483
7.630000000000000 0.003446211095767
7.640000000000000 0.003414500797608
7.650000000000000 0.003382853472343
7.660000000000000 0.003351268981534
7.670000000000000 0.003319747186959
7.680000000000000 0.003288287950621
7.690000000000000 0.003256891134745
7.700000000000000 0.003225556601780
7.710000000000000 0.003196553116685
7.720000000000000 0.003167607017442
7.730000000000000 0.003138718177710
7.740000000000000 0.003109886471357
7.750000000000000 0.003081111772459
7.760000000000000 0.003052393955302
7.770000000000000 0.003023732894384
7.780000000000000 0.002995128464415
7.790000000000000 0.002966580540318
7.800000000000000 0.002938088997230
7.810000000000000 0.002911718864934
7.820000000000000 0.002885400678186
7.830000000000000 0.002859134322312
7.840000000000000 0.002832919682840
7.850000000000000 0.002806756645496
7.860000000000000 0.002780645096204
7.870000000000000 0.002754584921091
7.880000000000000 0.002728576006481
7.890000000000000 0.002702618238905
7.900000000000000 0.002676711505091
7.910000000000000 0.002652725288522
7.920000000000000 0.002628786109114
7.930000000000000 0.002604893862810
7.940000000000000 0.002581048445740
7.950000000000000 0.002557249754223
7.960000000000000 0.002533497684765
7.970000000000000 0.002509792134063
7.980000000000000 0.002486132999001
7.990000000000000 0.002462520176655
8.000000000000000 0.002438953564289
8.010000000000000 0.002417131404336
8.020000000000000 0.002395351841801
8.029999999999999 0.002373614782297
8.039999999999999 0.002351920131616
8.050000000000001 0.002330267795723
8.060000000000000 0.002308657680763
8.070000000000000 0.002287089693056
8.080000000000000 0.002265563739099
8.090000000000000 0.002244079725570
8.100000000000000 0.002222637559321
8.109999999999999 0.002202781817589
8.119999999999999 0.002182964654160
8.130000000000001 0.002163185983456
8.140000000000001 0.002143445720069
8.150000000000000 0.002123743778749
8.160000000000000 0.002104080074416
8.170000000000000 0.002084454522155
8.180000000000000 0.002064867037213
8.190000000000000 0.002045317535008
8.199999999999999 0.002025805931119
8.210000000000001 0.002007736192621
8.220000000000001 0.001989701396249
8.230000000000000 0.001971701464439
8.240000000000000 0.001953736319783
8.250000000000000 0.001935805885023
8.260000000000000 0.001917910083057
8.270000000000000 0.001900048836937
8.279999999999999 0.001882222069867
8.289999999999999 0.001864429705206
8.300000000000001 0.001846671666469
8.310000000000000 0.001830226274947
8.320000000000000 0.001813812531888
8.330000000000000 0.001797430367021
8.340000000000000 0.001781079710216
8.350000000000000 0.001764760491487
8.359999999999999 0.001748472640988
8.369999999999999 0.001732216089019
8.380000000000001 0.001715990766021
8.390000000000001 0.001699796602575
8.400000000000000 0.001683633529410
8.410000000000000 0.001668660978419
8.420000000000000 0.001653717101651
8.430000000000000 0.001638801835444
8.440000000000000 0.001623915116267
8.449999999999999 0.001609056880722
8.460000000000001 0.001594227065541
8.470000000000001 0.001579425607589
8.480000000000000 0.001564652443863
8.490000000000000 0.001549907511490
8.500000000000000 0.001535190747731
8.510000000000000 0.001521555410302
8.520000000000000 0.001507946058139
8.529999999999999 0.001494362633576
8.539999999999999 0.001480805079065
8.550000000000001 0.001467273337181
8.560000000000000 0.001453767350621
8.570000000000000 0.001440287062203
8.580000000000000 0.001426832414867
8.590000000000000 0.001413403351673
8.600000000000000 0.001399999815803
8.609999999999999 0.001387583724002
8.619999999999999 0.001375191176604
8.630000000000001 0.001362822121398
8.640000000000001 0.001350476506282
8.650000000000000 0.001338154279268
8.660000000000000 0.001325855388478
8.670000000000000 0.001313579782147
8.680000000000000 0.001301327408622
8.690000000000000 0.001289098216360
8.699999999999999 0.001276892153931
8.710000000000001 0.001265581030376
8.720000000000001 0.001254291248779
8.730000000000000 0.001243022761859
8.740000000000000 0.001231775522438
8.750000000000000 0.001220549483442
8.760000000000000 0.001209344597898
8.770000000000000 0.001198160818937
8.779999999999999 0.001186998099792
8.789999999999999 0.001175856393799
8.800000000000001 0.001164735654395
8.810000000000000 0.001154430814872
8.820000000000000 0.001144145320727
8.830000000000000 0.001133879129159
8.840000000000000 0.001123632197459
8.850000000000000 0.001113404483014
8.859999999999999 0.001103195943305
8.869999999999999 0.001093006535883
8.880000000000001 0.001082836218461
8.890000000000001 0.001072684948781
8.900000000000000 0.001062552684719
8.910000000000000 0.001053162082259
8.920000000000000 0.001043789019529
8.930000000000000 0.001034433457783
8.940000000000000 0.001025095358358
8.949999999999999 0.001015774682678
8.960000000000001 0.001006471392254
8.970000000000001 0.000997185448684
8.980000000000000 0.000987916813650
8.990000000000000 0.000978665448921
9.000000000000000 0.000969431316351
9.010000000000000 0.000960872689572
9.020000000000000 0.000952329967049
9.029999999999999 0.000943803113708
9.039999999999999 0.000935292094555
9.050000000000001 0.000926796874673
9.060000000000000 0.000918317419226
9.070000000000000 0.000909853693456
9.080000000000000 0.000901405662683
9.090000000000000 0.000892973292305
9.100000000000000 0.000884556547801
9.109999999999999 0.000876755041547
9.119999999999999 0.000868967958292
9.130000000000001 0.000861195266289
9.140000000000001 0.000853436933867
9.150000000000000 0.000845692929424
9.160000000000000 0.000837963221432
9.170000000000000 0.000830247778434
9.180000000000000 0.000822546569045
9.190000000000000 0.000814859561951
9.199999999999999 0.000807186725911
9.210000000000001 0.000800075788299
9.220000000000001 0.000792977929224
9.230000000000000 0.000785893119964
9.240000000000000 0.000778821331860
9.250000000000000 0.000771762536319
9.260000000000000 0.000764716704816
9.270000000000000 0.000757683808888
9.279999999999999 0.000750663820140
9.289999999999999 0.000743656710243
9.300000000000001 0.000736662450929
9.310000000000000 0.000730180034970
9.320000000000000 0.000723709479841
9.330000000000000 0.000717250759555
9.340000000000000 0.000710803848182
9.350000000000000 0.000704368719853
9.359999999999999 0.000697945348760
9.369999999999999 0.000691533709152
9.380000000000001 0.000685133775341
9.390000000000001 0.000678745521694
9.400000000000000 0.000672368922643
9.410000000000000 0.000666457454419
9.420000000000000 0.000660556746220
9.430000000000000 0.000654666774529
9.440000000000000 0.000648787515881
9.449999999999999 0.000642918946868
9.460000000000001 0.000637061044135
9.470000000000001 0.000631213784382
9.480000000000000 0.000625377144363
9.490000000000000 0.000619551100886
9.500000000000000 0.000613735630814
9.510000000000000 0.000608344256431
9.520000000000000 0.000602962644299
9.529999999999999 0.000597590773137
9.539999999999999 0.000592228621715
9.550000000000001 0.000586876168851
9.560000000000000 0.000581533393411
9.570000000000000 0.000576200274315
9.580000000000000 0.000570876790528
9.590000000000000 0.000565562921066
9.600000000000000 0.000560258644995
9.609999999999999 0.000555342351164
9.619999999999999 0.000550434912819
9.630000000000001 0.000545536310711
9.640000000000001 0.000540646525634
9.650000000000000 0.000535765538428
9.660000000000000 0.000530893329978
9.670000000000000 0.000526029881213
9.680000000000000 0.000521175173108
9.690000000000000 0.000516329186683
9.699999999999999 0.000511491903001
9.710000000000001 0.000507006460023
9.720000000000001 0.000502529054208
9.730000000000000 0.000498059668135
9.740000000000000 0.000493598284423
9.750000000000000 0.000489144885735
9.760000000000000 0.000484699454773
9.770000000000000 0.000480261974279
9.779999999999999 0.000475832427037
9.789999999999999 0.000471410795871
9.800000000000001 0.000466997063648
9.810000000000000 0.000462904499034
9.820000000000000 0.000458819229185
9.830000000000000 0.000454741238335
9.840000000000000 0.000450670510760
9.850000000000000 0.000446607030770
9.859999999999999 0.000442550782712
9.869999999999999 0.000438501750972
9.880000000000001 0.000434459919973
9.890000000000001 0.000430425274172
9.900000000000000 0.000426397798066
9.910000000000000 0.000422662385659
9.920000000000000 0.000418933596508
9.930000000000000 0.000415211416347
9.940000000000000 0.000411495830942
9.949999999999999 0.000407786826091
9.960000000000001 0.000404084387631
9.970000000000001 0.000400388501427
9.980000000000000 0.000396699153381
9.990000000000000 0.000393016329427
10.000000000000000 0.000389340015534
