0.000000000000000 0.000000000000000
0.010000000000000 0.000217071978094
0.020000000000000 0.000864589305765
0.030000000000000 0.001936862146320
0.040000000000000 0.003428019490371
0.050000000000000 0.005332019276456
0.060000000000000 0.007642658540505
0.070000000000000 0.010353583569806
0.080000000000000 0.013458300037936
0.090000000000000 0.016950183097968
0.100000000000000 0.020822487412206
0.110000000000000 0.025063685667565
0.120000000000000 0.029669816189361
0.130000000000000 0.034633651198878
0.140000000000000 0.039947889513754
0.150000000000000 0.045605165883194
0.160000000000000 0.051598060142613
0.170000000000000 0.057919106173865
0.180000000000000 0.064560800658351
0.190000000000000 0.071515611611448
0.200000000000000 0.078775986687814
0.210000000000000 0.086305879788160
0.220000000000000 0.094121244104095
0.230000000000000 0.102214287989257
0.240000000000000 0.110577243226357
0.250000000000000 0.119202371812436
0.260000000000000 0.128081972467114
0.270000000000000 0.137208386861446
0.280000000000000 0.146574005565930
0.290000000000000 0.156171273717020
0.300000000000000 0.165992696402343
0.310000000000000 0.175927670581483
0.320000000000000 0.186060675197921
0.330000000000000 0.196384176846262
0.340000000000000 0.206890740628674
0.350000000000000 0.217573033617464
0.360000000000000 0.228423828048951
0.370000000000000 0.239436004254314
0.380000000000000 0.250602553333509
0.390000000000000 0.261916579578695
0.400000000000000 0.273371302653920
0.410000000000000 0.284716331606160
0.420000000000000 0.296170057744156
0.430000000000000 0.307725886919790
0.440000000000000 0.319377369855321
0.450000000000000 0.331118202411598
0.460000000000000 0.342942225664753
0.470000000000000 0.354843425800242
0.480000000000000 0.366815933833101
0.490000000000000 0.378854025163176
0.500000000000000 0.390952118974031
0.510000000000000 0.402715476622110
0.520000000000000 0.414505807172740
0.530000000000000 0.426317934609501
0.540000000000000 0.438146842316988
0.550000000000000 0.449987671005073
0.560000000000000 0.461835716541643
0.570000000000000 0.473686427701871
0.580000000000000 0.485535403841812
0.590000000000000 0.497378392503856
0.600000000000000 0.509211286961257
0.610000000000000 0.520377726978462
0.620000000000000 0.531497559550825
0.630000000000000 0.542567234110722
0.640000000000000 0.553583352937387
0.650000000000000 0.564542667612534
0.660000000000000 0.575442075475931
0.670000000000000 0.586278616086222
0.680000000000000 0.597049467692016
0.690000000000000 0.607751943717930
0.700000000000000 0.618383489269943
0.710000000000000 0.628071174884282
0.720000000000000 0.637653054648670
0.730000000000000 0.647127213866998
0.740000000000000 0.656491867937295
0.750000000000000 0.665745358252839
0.760000000000000 0.674886148167618
0.770000000000000 0.683912819028318
0.780000000000000 0.692824066274802
0.790000000000000 0.701618695610789
0.800000000000000 0.710295619246192
0.810000000000000 0.717729170222337
0.820000000000000 0.725012026854992
0.830000000000000 0.732143772650721
0.840000000000000 0.739124090832398
0.850000000000000 0.745952760332257
0.860000000000000 0.752629651884835
0.870000000000000 0.759154724219504
0.880000000000000 0.765528020352111
0.890000000000000 0.771749663975115
0.900000000000000 0.777819855945470
0.910000000000000 0.782519912215902
0.920000000000000 0.787041890420270
0.930000000000000 0.791386599165265
0.940000000000000 0.795554914187030
0.950000000000000 0.799547774889408
0.960000000000000 0.803366180991574
0.970000000000000 0.807011189283162
0.980000000000000 0.810483910484934
0.990000000000000 0.813785506213006
1.000000000000000 0.816917186044597
1.010000000000000 0.818677237988455
1.020000000000000 0.820248032641491
1.030000000000000 0.821631271427280
1.040000000000000 0.822828693128364
1.050000000000000 0.823842071172046
1.060000000000000 0.824673211017550
1.070000000000000 0.825323947641992
1.080000000000000 0.825796143122601
1.090000000000000 0.826091684312680
1.100000000000000 0.826212480608765
1.110000000000000 0.825082267640820
1.120000000000000 0.823765125426914
1.130000000000000 0.822263315123882
1.140000000000000 0.820579111094207
1.150000000000000 0.818714798956976
1.160000000000000 0.816672673723171
1.170000000000000 0.814455038012712
1.180000000000000 0.812064200350695
1.190000000000000 0.809502473540335
1.200000000000000 0.806772173110159
1.210000000000000 0.803185459260834
1.220000000000000 0.799426361867426
1.230000000000000 0.795497365808111
1.240000000000000 0.791400951890503
1.250000000000000 0.787139595587237
1.260000000000000 0.782715765835424
1.270000000000000 0.778131923897731
1.280000000000000 0.773390522282936
1.290000000000000 0.768494003723803
1.300000000000000 0.763444800210233
1.310000000000000 0.757951289982892
1.320000000000000 0.752306964957406
1.330000000000000 0.746514283705652
1.340000000000000 0.740575690069061
1.350000000000000 0.734493612429180
1.360000000000000 0.728270463023124
1.370000000000000 0.721908637302218
1.380000000000000 0.715410513332107
1.390000000000000 0.708778451232725
1.400000000000000 0.702014792656518
1.410000000000000 0.695295021677795
1.420000000000000 0.688449711782511
1.430000000000000 0.681481113197293
1.440000000000000 0.674391456333140
1.450000000000000 0.667182951434729
1.460000000000000 0.659857788259112
1.470000000000000 0.652418135782542
1.480000000000000 0.644866141934247
1.490000000000000 0.637203933355966
1.500000000000000 0.629433615186134
1.510000000000000 0.622131318701409
1.520000000000000 0.614728947706857
1.530000000000000 0.607228444971052
1.540000000000000 0.599631732373041
1.550000000000000 0.591940710792531
1.560000000000000 0.584157260018014
1.570000000000000 0.576283238672000
1.580000000000000 0.568320484152548
1.590000000000000 0.560270812590302
1.600000000000000 0.552136018820310
1.610000000000000 0.544773934678973
1.620000000000000 0.537334986016397
1.630000000000000 0.529820777252611
1.640000000000000 0.522232893296789
1.650000000000000 0.514572899573249
1.660000000000000 0.506842342057649
1.670000000000000 0.499042747322833
1.680000000000000 0.491175622593805
1.690000000000000 0.483242455811353
1.700000000000000 0.475244715703828
1.710000000000000 0.468226555178157
1.720000000000000 0.461151366808988
1.730000000000000 0.454020427321313
1.740000000000000 0.446834996575265
1.750000000000000 0.439596317656372
1.760000000000000 0.432305616971085
1.770000000000000 0.424964104347267
1.780000000000000 0.417572973139317
1.790000000000000 0.410133400337633
1.800000000000000 0.402646546682138
1.810000000000000 0.396208267353708
1.820000000000000 0.389728900230587
1.830000000000000 0.383209434137135
1.840000000000000 0.376650844040526
1.850000000000000 0.370054091161800
1.860000000000000 0.363420123089306
1.870000000000000 0.356749873894339
1.880000000000000 0.350044264248792
1.890000000000000 0.343304201544663
1.900000000000000 0.336530580015223
1.910000000000000 0.330800474130155
1.920000000000000 0.325041592442926
1.930000000000000 0.319254683926813
1.940000000000000 0.313440486586783
1.950000000000000 0.307599727567719
1.960000000000000 0.301733123263440
1.970000000000000 0.295841379426431
1.980000000000000 0.289925191278152
1.990000000000000 0.283985243619865
2.000000000000000 0.278022210943855
2.010000000000000 0.273037142918296
2.020000000000000 0.268032475201810
2.030000000000000 0.263008765419872
2.040000000000000 0.257966562749006
2.050000000000000 0.252906408011414
2.060000000000000 0.247828833769613
2.070000000000000 0.242734364421025
2.080000000000000 0.237623516292456
2.090000000000000 0.232496797734440
2.100000000000000 0.227354709215367
2.110000000000000 0.223095143252771
2.120000000000000 0.218822624776811
2.130000000000000 0.214537563214354
2.140000000000000 0.210240361617167
2.150000000000000 0.205931416739567
2.160000000000000 0.201611119115732
2.170000000000000 0.197279853136655
2.180000000000000 0.192937997126703
2.190000000000000 0.188585923419760
2.200000000000000 0.184223998434936
2.210000000000000 0.180635911210035
2.220000000000000 0.177039564979862
2.230000000000000 0.173435256983702
2.240000000000000 0.169823279726259
2.250000000000000 0.166203921038782
2.260000000000000 0.162577464139767
2.270000000000000 0.158944187695187
2.280000000000000 0.155304365878267
2.290000000000000 0.151658268428783
2.300000000000000 0.148006160711868
2.310000000000000 0.145019157369733
2.320000000000000 0.142027130669316
2.330000000000000 0.139030294337031
2.340000000000000 0.136028858627231
2.350000000000000 0.133023030368956
2.360000000000000 0.130013013012249
2.370000000000000 0.126999006674037
2.380000000000000 0.123981208183573
2.390000000000000 0.120959811127432
2.400000000000000 0.117935005894067
2.410000000000000 0.115474438331481
2.420000000000000 0.113011023484578
2.430000000000000 0.110544913666964
2.440000000000000 0.108076258673370
2.450000000000000 0.105605205814621
2.460000000000000 0.103131899952231
2.470000000000000 0.100656483532625
2.480000000000000 0.098179096620984
2.490000000000000 0.095699876934728
2.500000000000000 0.093218959876611
2.510000000000000 0.091210502822868
2.520000000000000 0.089200619851677
2.530000000000000 0.087189418632084
2.540000000000000 0.085177005022279
2.550000000000000 0.083163483095306
2.560000000000000 0.081148955164480
2.570000000000000 0.079133521808497
2.580000000000000 0.077117281896256
2.590000000000000 0.075100332611376
2.600000000000000 0.073082769476418
2.610000000000000 0.071457978096304
2.620000000000000 0.069832655872250
2.630000000000000 0.068206878280563
2.640000000000000 0.066580719506822
2.650000000000000 0.064954252464517
2.660000000000000 0.063327548813456
2.670000000000000 0.061700678977947
2.680000000000000 0.060073712164747
2.690000000000000 0.058446716380779
2.700000000000000 0.056819758450636
2.710000000000000 0.055515223030971
2.720000000000000 0.054210692654239
2.730000000000000 0.052906219828817
2.740000000000000 0.051601856149604
2.750000000000000 0.050297652311389
2.760000000000000 0.048993658122031
2.770000000000000 0.047689922515478
2.780000000000000 0.046386493564608
2.790000000000000 0.045083418493908
2.800000000000000 0.043780743691977
2.810000000000000 0.042742937330260
2.820000000000000 0.041705431410346
2.830000000000000 0.040668262116125
2.840000000000000 0.039631464990474
2.850000000000000 0.038595074944722
2.860000000000000 0.037559126267988
2.870000000000000 0.036523652636397
2.880000000000000 0.035488687122167
2.890000000000000 0.034454262202573
2.900000000000000 0.033420409768791
2.910000000000000 0.032601791767572
2.920000000000000 0.031783613730575
2.930000000000000 0.030965900357748
2.940000000000000 0.030148675902728
2.950000000000000 0.029331964179476
2.960000000000000 0.028515788568829
2.970000000000000 0.027700172024953
2.980000000000000 0.026885137081714
2.990000000000000 0.026070705858957
3.000000000000000 0.025256900068698
3.010000000000000 0.024616885166330
3.020000000000000 0.023977352400740
3.030000000000000 0.023338318458232
3.040000000000000 0.022699799716891
3.050000000000000 0.022061812251191
3.060000000000000 0.021424371836543
3.070000000000000 0.020787493953777
3.080000000000000 0.020151193793561
3.090000000000000 0.019515486260755
3.100000000000000 0.018880385978713
3.110000000000000 0.018384893128195
3.120000000000000 0.017889866848460
3.130000000000000 0.017395318278432
3.140000000000000 0.016901258346108
3.150000000000000 0.016407697771724
3.160000000000000 0.015914647070881
3.170000000000000 0.015422116557625
3.180000000000000 0.014930116347481
3.190000000000000 0.014438656360447
3.200000000000000 0.013947746323944
3.210000000000000 0.013568164331226
3.220000000000000 0.013189002239640
3.230000000000000 0.012810267385965
3.240000000000000 0.012431966964051
3.250000000000000 0.012054108026967
3.260000000000000 0.011676697489132
3.270000000000000 0.011299742128405
3.280000000000000 0.010923248588147
3.290000000000000 0.010547223379261
3.300000000000000 0.010171672882193
3.310000000000000 0.009884145679992
3.320000000000000 0.009596977986093
3.330000000000000 0.009310174560830
3.340000000000000 0.009023740068709
3.350000000000000 0.008737679079856
3.360000000000000 0.008451996071442
3.370000000000000 0.008166695429095
3.380000000000000 0.007881781448287
3.390000000000000 0.007597258335699
3.400000000000000 0.007313130210572
3.410000000000000 0.007097971305140
3.420000000000000 0.006883108618326
3.430000000000000 0.006668545186543
3.440000000000000 0.006454283982697
3.450000000000000 0.006240327917151
3.460000000000000 0.006026679838677
3.470000000000000 0.005813342535387
3.480000000000000 0.005600318735658
3.490000000000000 0.005387611109040
3.500000000000000 0.005175222267152
3.510000000000000 0.005016508221245
3.520000000000000 0.004858030274344
3.530000000000000 0.004699790324045
3.540000000000000 0.004541790226436
3.550000000000000 0.004384031796730
3.560000000000000 0.004226516809888
3.570000000000000 0.004069247001231
3.580000000000000 0.003912224067042
3.590000000000000 0.003755449665165
3.600000000000000 0.003598925415593
3.610000000000000 0.003483592930001
3.620000000000000 0.003368443236762
3.630000000000000 0.003253477494853
3.640000000000000 0.003138696836517
3.650000000000000 0.003024102367673
3.660000000000000 0.002909695168314
3.670000000000000 0.002795476292909
3.680000000000000 0.002681446770787
3.690000000000000 0.002567607606526
3.700000000000000 0.002453959780331
3.710000000000000 0.002371598327000
3.720000000000000 0.002289374447983
3.730000000000000 0.002207288831866
3.740000000000000 0.002125342150312
3.750000000000000 0.002043535058317
3.760000000000000 0.001961868194466
3.770000000000000 0.001880342181186
3.780000000000000 0.001798957624990
3.790000000000000 0.001717715116728
3.800000000000000 0.001636615231822
3.810000000000000 0.001578931756905
3.820000000000000 0.001521348962761
3.830000000000000 0.001463867245298
3.840000000000000 0.001406486989911
3.850000000000000 0.001349208571650
3.860000000000000 0.001292032355372
3.870000000000000 0.001234958695903
3.880000000000000 0.001177987938191
3.890000000000000 0.001121120417457
3.900000000000000 0.001064356459348
3.910000000000000 0.001024845089630
3.920000000000000 0.000985405284147
3.930000000000000 0.000946037261573
3.940000000000000 0.000906741234199
3.950000000000000 0.000867517408031
3.960000000000000 0.000828365982888
3.970000000000000 0.000789287152496
3.980000000000000 0.000750281104586
3.990000000000000 0.000711348020982
4.000000000000000 0.000672488077697
4.010000000000000 0.000646092740689
4.020000000000000 0.000619746736043
4.030000000000000 0.000593450178657
4.040000000000000 0.000567203179651
4.050000000000000 0.000541005846423
4.060000000000000 0.000514858282707
4.070000000000000 0.000488760588631
4.080000000000000 0.000462712860772
4.090000000000000 0.000436715192213
4.100000000000000 0.000410767672597
4.110000000000000 0.000393650476659
4.120000000000000 0.000376566138003
4.130000000000000 0.000359514713147
4.140000000000000 0.000342496256441
4.150000000000000 0.000325510820093
4.160000000000000 0.000308558454209
4.170000000000000 0.000291639206822
4.180000000000000 0.000274753123928
4.190000000000000 0.000257900249512
4.200000000000000 0.000241080625586
4.210000000000000 0.000230349131165
4.220000000000000 0.000219638711561
4.230000000000000 0.000208949392157
4.240000000000000 0.000198281197132
4.250000000000000 0.000187634149475
4.260000000000000 0.000177008271010
4.270000000000000 0.000166403582409
4.280000000000000 0.000155820103214
4.290000000000000 0.000145257851852
4.300000000000000 0.000134716845655
4.310000000000000 0.000128253190216
4.320000000000000 0.000121802478904
4.330000000000000 0.000115364721603
4.340000000000000 0.000108939927557
4.350000000000000 0.000102528105374
4.360000000000000 0.000096129263043
4.370000000000000 0.000089743407940
4.380000000000000 0.000083370546836
4.390000000000000 0.000077010685913
4.400000000000000 0.000070663830767
4.410000000000000 0.000066950661992
4.420000000000000 0.000063245055751
4.430000000000000 0.000059547014944
4.440000000000000 0.000055856542143
4.450000000000000 0.000052173639601
4.460000000000000 0.000048498309254
4.470000000000000 0.000044830552727
4.480000000000000 0.000041170371341
4.490000000000000 0.000037517766116
4.500000000000000 0.000033872737776
4.510000000000000 0.000031857428292
4.520000000000000 0.000029846284477
4.530000000000000 0.000027839306544
4.540000000000000 0.000025836494552
4.550000000000000 0.000023837848404
4.560000000000000 0.000021843367855
4.570000000000000 0.000019853052509
4.580000000000000 0.000017866901825
4.590000000000000 0.000015884915118
4.600000000000000 0.000013907091563
4.610000000000000 0.000012885040633
4.620000000000000 0.000011865130970
4.630000000000000 0.000010847362051
4.640000000000000 0.000009831733284
4.650000000000000 0.000008818244009
4.660000000000000 0.000007806893497
4.670000000000000 0.000006797680955
4.680000000000000 0.000005790605524
4.690000000000000 0.000004785666282
4.700000000000000 0.000003782862243
4.710000000000000 0.000003400937763
4.720000000000000 0.000003019822978
4.730000000000000 0.000002639517477
4.740000000000000 0.000002260020831
4.750000000000000 0.000001881332585
4.760000000000000 0.000001503452266
4.770000000000000 0.000001126379376
4.780000000000000 0.000000750113398
4.790000000000000 0.000000374653792
4.800000000000000 0.000000000000000
4.810000000000000 0.000000000000000
4.820000000000000 0.000000000000000
4.830000000000000 0.000000000000000
4.840000000000000 0.000000000000000
4.850000000000000 0.000000000000000
4.860000000000000 0.000000000000000
4.870000000000000 0.000000000000000
4.880000000000000 0.000000000000000
4.890000000000000 0.000000000000000
4.900000000000000 -0.000000000000000
4.910000000000000 0.000000000000000
4.920000000000000 0.000000000000000
4.930000000000000 0.000000000000000
4.940000000000000 0.000000000000000
4.950000000000000 0.000000000000000
4.960000000000000 0.000000000000000
4.970000000000000 0.000000000000000
4.980000000000000 0.000000000000000
4.990000000000000 0.000000000000000
5.000000000000000 -0.000000000000000
5.010000000000000 0.000000000000000
5.020000000000000 0.000000000000000
5.030000000000000 0.000000000000000
5.040000000000000 0.000000000000000
5.050000000000000 0.000000000000000
5.060000000000000 0.000000000000000
5.070000000000000 0.000000000000000
5.080000000000000 0.000000000000000
5.090000000000000 0.000000000000000
5.100000000000000 -0.000000000000000
5.110000000000000 0.000000000000000
5.120000000000000 0.000000000000000
5.130000000000000 0.000000000000000
5.140000000000000 0.000000000000000
5.150000000000000 0.000000000000000
5.160000000000000 0.000000000000000
5.170000000000000 0.000000000000000
5.180000000000000 0.000000000000000
5.190000000000000 0.000000000000000
5.200000000000000 -0.000000000000000
5.210000000000000 0.000000000000000
5.220000000000000 0.000000000000000
5.230000000000000 0.000000000000000
5.240000000000000 0.000000000000000
5.250000000000000 0.000000000000000
5.260000000000000 0.000000000000000
5.270000000000000 0.000000000000000
5.280000000000000 0.000000000000000
5.290000000000000 0.000000000000000
5.300000000000000 0.000000000000000
5.310000000000000 0.000000000000000
5.320000000000000 0.000000000000000
5.330000000000000 0.000000000000000
5.340000000000000 0.000000000000000
5.350000000000000 0.000000000000000
5.360000000000000 0.000000000000000
5.370000000000000 0.000000000000000
5.380000000000000 0.000000000000000
5.390000000000000 0.000000000000000
5.400000000000000 -0.000000000000000
5.410000000000000 0.000000000000000
5.420000000000000 0.000000000000000
5.430000000000000 0.000000000000000
5.440000000000000 0.000000000000000
5.450000000000000 0.000000000000000
5.460000000000000 0.000000000000000
5.470000000000000 0.000000000000000
5.480000000000000 0.000000000000000
5.490000000000000 0.000000000000000
5.500000000000000 -0.000000000000000
5.510000000000000 0.000000000000000
5.520000000000000 0.000000000000000
5.530000000000000 0.000000000000000
5.540000000000000 0.000000000000000
5.550000000000000 0.000000000000000
5.560000000000000 0.000000000000000
5.570000000000000 0.000000000000000
5.580000000000000 0.000000000000000
5.590000000000000 0.000000000000000
5.600000000000000 -0.000000000000000
5.610000000000000 0.000000000000000
5.620000000000000 0.000000000000000
5.630000000000000 0.000000000000000
5.640000000000000 0.000000000000000
5.650000000000000 0.000000000000000
5.660000000000000 0.000000000000000
5.670000000000000 0.000000000000000
5.680000000000000 0.000000000000000
5.690000000000000 0.000000000000000
5.700000000000000 -0.000000000000000
5.710000000000000 0.000000000000000
5.720000000000000 0.000000000000000
5.730000000000000 0.000000000000000
5.740000000000000 0.000000000000000
5.750000000000000 0.000000000000000
5.760000000000000 0.000000000000000
5.770000000000000 0.000000000000000
5.780000000000000 0.000000000000000
5.790000000000000 0.000000000000000
5.800000000000000 0.000000000000000
5.810000000000000 0.000000000000000
5.820000000000000 0.000000000000000
5.830000000000000 0.000000000000000
5.840000000000000 0.000000000000000
5.850000000000000 0.000000000000000
5.860000000000000 0.000000000000000
5.870000000000000 0.000000000000000
5.880000000000000 0.000000000000000
5.890000000000000 0.000000000000000
5.900000000000000 -0.000000000000000
5.910000000000000 0.000000000000000
5.920000000000000 0.000000000000000
5.930000000000000 0.000000000000000
5.940000000000000 0.000000000000000
5.950000000000000 0.000000000000000
5.960000000000000 0.000000000000000
5.970000000000000 0.000000000000000
5.980000000000000 0.000000000000000
5.990000000000000 0.000000000000000
6.000000000000000 -0.000000000000000
6.010000000000000 0.000000000000000
6.020000000000000 0.000000000000000
6.030000000000000 0.000000000000000
6.040000000000000 0.000000000000000
6.050000000000000 0.000000000000000
6.060000000000000 0.000000000000000
6.070000000000000 0.000000000000000
6.080000000000000 0.000000000000000
6.090000000000000 0.000000000000000
6.100000000000000 -0.000000000000000
6.110000000000000 0.000000000000000
6.120000000000000 0.000000000000000
6.130000000000000 0.000000000000000
6.140000000000000 0.000000000000000
6.150000000000000 0.000000000000000
6.160000000000000 0.000000000000000
6.170000000000000 0.000000000000000
6.180000000000000 0.000000000000000
6.190000000000000 0.000000000000000
6.200000000000000 -0.000000000000000
6.210000000000000 0.000000000000000
6.220000000000000 0.000000000000000
6.230000000000000 0.000000000000000
6.240000000000000 0.000000000000000
6.250000000000000 0.000000000000000
6.260000000000000 0.000000000000000
6.270000000000000 0.000000000000000
6.280000000000000 0.000000000000000
6.290000000000000 0.000000000000000
6.300000000000000 0.000000000000000
6.310000000000000 0.000000000000000
6.320000000000000 0.000000000000000
6.330000000000000 0.000000000000000
6.340000000000000 0.000000000000000
6.350000000000000 0.000000000000000
6.360000000000000 0.000000000000000
6.370000000000000 0.000000000000000
6.380000000000000 0.000000000000000
6.390000000000000 0.000000000000000
6.400000000000000 -0.000000000000000
6.410000000000000 0.000000000000000
6.420000000000000 0.000000000000000
6.430000000000000 0.000000000000000
6.440000000000000 0.000000000000000
6.450000000000000 0.000000000000000
6.460000000000000 0.000000000000000
6.470000000000000 0.000000000000000
6.480000000000000 0.000000000000000
6.490000000000000 0.000000000000000
6.500000000000000 -0.000000000000000
6.510000000000000 0.000000000000000
6.520000000000000 0.000000000000000
6.530000000000000 0.000000000000000
6.540000000000000 0.000000000000000
6.550000000000000 0.000000000000000
6.560000000000000 0.000000000000000
6.570000000000000 0.000000000000000
6.580000000000000 0.000000000000000
6.590000000000000 0.000000000000000
6.600000000000000 -0.000000000000000
6.610000000000000 0.000000000000000
6.620000000000000 0.000000000000000
6.630000000000000 0.000000000000000
6.640000000000000 0.000000000000000
6.650000000000000 0.000000000000000
6.660000000000000 0.000000000000000
6.670000000000000 0.000000000000000
6.680000000000000 0.000000000000000
6.690000000000000 0.000000000000000
6.700000000000000 -0.000000000000000
6.710000000000000 0.000000000000000
6.720000000000000 0.000000000000000
6.730000000000000 0.000000000000000
6.740000000000000 0.000000000000000
6.750000000000000 0.000000000000000
6.760000000000000 0.000000000000000
6.770000000000000 0.000000000000000
6.780000000000000 0.000000000000000
6.790000000000000 0.000000000000000
6.800000000000000 0.000000000000000
6.810000000000000 0.000000000000000
6.820000000000000 0.000000000000000
6.830000000000000 0.000000000000000
6.840000000000000 0.000000000000000
6.850000000000000 0.000000000000000
6.860000000000000 0.000000000000000
6.870000000000000 0.000000000000000
6.880000000000000 0.000000000000000
6.890000000000000 0.000000000000000
6.900000000000000 -0.000000000000000
6.910000000000000 0.000000000000000
6.920000000000000 0.000000000000000
6.930000000000000 0.000000000000000
6.940000000000000 0.000000000000000
6.950000000000000 0.000000000000000
6.960000000000000 0.000000000000000
6.970000000000000 0.000000000000000
6.980000000000000 0.000000000000000
6.990000000000000 0.000000000000000
7.000000000000000 -0.000000000000000
7.010000000000000 0.000000000000000
7.020000000000000 0.000000000000000
7.030000000000000 0.000000000000000
7.040000000000000 0.000000000000000
7.050000000000000 0.000000000000000
7.060000000000000 0.000000000000000
7.070000000000000 0.000000000000000
7.080000000000000 0.000000000000000
7.090000000000000 0.000000000000000
7.100000000000000 -0.000000000000000
7.110000000000000 0.000000000000000
7.120000000000000 0.000000000000000
7.130000000000000 0.000000000000000
7.140000000000000 0.000000000000000
7.150000000000000 0.000000000000000
7.160000000000000 0.000000000000000
7.170000000000000 0.000000000000000
7.180000000000000 0.000000000000000
7.190000000000000 0.000000000000000
7.200000000000000 -0.000000000000000
7.210000000000000 0.000000000000000
7.220000000000000 0.000000000000000
7.230000000000000 0.000000000000000
7.240000000000000 0.000000000000000
7.250000000000000 0.000000000000000
7.260000000000000 0.000000000000000
7.270000000000000 0.000000000000000
7.280000000000000 0.000000000000000
7.290000000000000 0.000000000000000
7.300000000000000 0.000000000000000
7.310000000000000 0.000000000000000
7.320000000000000 0.000000000000000
7.330000000000000 0.000000000000000
7.340000000000000 0.000000000000000
7.350000000000000 0.000000000000000
7.360000000000000 0.000000000000000
7.370000000000000 0.000000000000000
7.380000000000000 0.000000000000000
7.390000000000000 0.000000000000000
7.400000000000000 -0.000000000000000
7.410000000000000 0.000000000000000
7.420000000000000 0.000000000000000
7.430000000000000 0.000000000000000
7.440000000000000 0.000000000000000
7.450000000000000 0.000000000000000
7.460000000000000 0.000000000000000
7.470000000000000 0.000000000000000
7.480000000000000 0.000000000000000
7.490000000000000 0.000000000000000
7.500000000000000 -0.000000000000000
7.510000000000000 0.000000000000000
7.520000000000000 0.000000000000000
7.530000000000000 0.000000000000000
7.540000000000000 0.000000000000000
7.550000000000000 0.000000000000000
7.560000000000000 0.000000000000000
7.570000000000000 0.000000000000000
7.580000000000000 0.000000000000000
7.590000000000000 0.000000000000000
7.600000000000000 -0.000000000000000
7.610000000000000 0.000000000000000
7.620000000000000 0.000000000000000
7.630000000000000 0.000000000000000
7.640000000000000 0.000000000000000
7.650000000000000 0.000000000000000
7.660000000000000 0.000000000000000
7.670000000000000 0.000000000000000
7.680000000000000 0.000000000000000
7.690000000000000 0.000000000000000
7.700000000000000 -0.000000000000000
7.710000000000000 0.000000000000000
7.720000000000000 0.000000000000000
7.730000000000000 0.000000000000000
7.740000000000000 0.000000000000000
7.750000000000000 0.000000000000000
7.760000000000000 0.000000000000000
7.770000000000000 0.000000000000000
7.780000000000000 0.000000000000000
7.790000000000000 0.000000000000000
7.800000000000000 0.000000000000000
7.810000000000000 0.000000000000000
7.820000000000000 0.000000000000000
7.830000000000000 0.000000000000000
7.840000000000000 0.000000000000000
7.850000000000000 0.000000000000000
7.860000000000000 0.000000000000000
7.870000000000000 0.000000000000000
7.880000000000000 0.000000000000000
7.890000000000000 0.000000000000000
7.900000000000000 -0.000000000000000
7.910000000000000 0.000000000000000
7.920000000000000 0.000000000000000
7.930000000000000 0.000000000000000
7.940000000000000 0.000000000000000
7.950000000000000 0.000000000000000
7.960000000000000 0.000000000000000
7.970000000000000 0.000000000000000
7.980000000000000 0.000000000000000
7.990000000000000 0.000000000000000
8.000000000000000 -0.000000000000000
8.010000000000000 0.000000000000000
8.020000000000000 0.000000000000000
8.029999999999999 0.000000000000000
8.039999999999999 0.000000000000000
8.050000000000001 0.000000000000000
8.060000000000000 0.000000000000000
8.070000000000000 0.000000000000000
8.080000000000000 0.000000000000000
8.090000000000000 0.000000000000000
8.100000000000000 -0.000000000000000
8.109999999999999 0.000000000000000
8.119999999999999 0.000000000000000
8.130000000000001 0.000000000000000
8.140000000000001 0.000000000000000
8.150000000000000 0.000000000000000
8.160000000000000 0.000000000000000
8.170000000000000 0.000000000000000
8.180000000000000 0.000000000000000
8.190000000000000 0.000000000000000
8.199999999999999 0.000000000000000
8.210000000000001 0.000000000000000
8.220000000000001 0.000000000000000
8.230000000000000 0.000000000000000
8.240000000000000 0.000000000000000
8.250000000000000 0.000000000000000
8.260000000000000 0.000000000000000
8.270000000000000 0.000000000000000
8.279999999999999 0.000000000000000
8.289999999999999 0.000000000000000
8.300000000000001 -0.000000000000000
8.310000000000000 0.000000000000000
8.320000000000000 0.000000000000000
8.330000000000000 0.000000000000000
8.340000000000000 0.000000000000000
8.350000000000000 0.000000000000000
8.359999999999999 0.000000000000000
8.369999999999999 0.000000000000000
8.380000000000001 0.000000000000000
8.390000000000001 0.000000000000000
8.400000000000000 -0.000000000000000
8.410000000000000 0.000000000000000
8.420000000000000 0.000000000000000
8.430000000000000 0.000000000000000
8.440000000000000 0.000000000000000
8.449999999999999 0.000000000000000
8.460000000000001 0.000000000000000
8.470000000000001 0.000000000000000
8.480000000000000 0.000000000000000
8.490000000000000 0.000000000000000
8.500000000000000 -0.000000000000000
8.510000000000000 0.000000000000000
8.520000000000000 0.000000000000000
8.529999999999999 0.000000000000000
8.539999999999999 0.000000000000000
8.550000000000001 0.000000000000000
8.560000000000000 0.000000000000000
8.570000000000000 0.000000000000000
8.580000000000000 0.000000000000000
8.590000000000000 0.000000000000000
8.600000000000000 -0.000000000000000
8.609999999999999 0.000000000000000
8.619999999999999 0.000000000000000
8.630000000000001 0.000000000000000
8.640000000000001 0.000000000000000
8.650000000000000 0.000000000000000
8.660000000000000 0.000000000000000
8.670000000000000 0.000000000000000
8.680000000000000 0.000000000000000
8.690000000000000 0.000000000000000
8.699999999999999 -0.000000000000000
8.710000000000001 0.000000000000000
8.720000000000001 0.000000000000000
8.730000000000000 0.000000000000000
8.740000000000000 0.000000000000000
8.750000000000000 0.000000000000000
8.760000000000000 0.000000000000000
8.770000000000000 0.000000000000000
8.779999999999999 0.000000000000000
8.789999999999999 0.000000000000000
8.800000000000001 -0.000000000000000
8.810000000000000 0.000000000000000
8.820000000000000 0.000000000000000
8.830000000000000 0.000000000000000
8.840000000000000 0.000000000000000
8.850000000000000 0.000000000000000
8.859999999999999 0.000000000000000
8.869999999999999 0.000000000000000
8.880000000000001 0.000000000000000
8.890000000000001 0.000000000000000
8.900000000000000 -0.000000000000000
8.910000000000000 0.000000000000000
8.920000000000000 0.000000000000000
8.930000000000000 0.000000000000000
8.940000000000000 0.000000000000000
8.949999999999999 0.000000000000000
8.960000000000001 0.000000000000000
8.970000000000001 0.000000000000000
8.980000000000000 0.000000000000000
8.990000000000000 0.000000000000000
9.000000000000000 -0.000000000000000
9.010000000000000 0.000000000000000
9.020000000000000 0.000000000000000
9.029999999999999 0.000000000000000
9.039999999999999 0.000000000000000
9.050000000000001 0.000000000000000
9.060000000000000 0.000000000000000
9.070000000000000 0.000000000000000
9.080000000000000 0.000000000000000
9.090000000000000 0.000000000000000
9.100000000000000 -0.000000000000000
9.109999999999999 0.000000000000000
9.119999999999999 0.000000000000000
9.130000000000001 0.000000000000000
9.140000000000001 0.000000000000000
9.150000000000000 0.000000000000000
9.160000000000000 0.000000000000000
9.170000000000000 0.000000000000000
9.180000000000000 0.000000000000000
9.190000000000000 0.000000000000000
9.199999999999999 -0.000000000000000
9.210000000000001 0.000000000000000
9.220000000000001 0.000000000000000
9.230000000000000 0.000000000000000
9.240000000000000 0.000000000000000
9.250000000000000 0.000000000000000
9.260000000000000 0.000000000000000
9.270000000000000 0.000000000000000
9.279999999999999 0.000000000000000
9.289999999999999 0.000000000000000
9.300000000000001 -0.000000000000000
9.310000000000000 0.000000000000000
9.320000000000000 0.000000000000000
9.330000000000000 0.000000000000000
9.340000000000000 0.000000000000000
9.350000000000000 0.000000000000000
9.359999999999999 0.000000000000000
9.369999999999999 0.000000000000000
9.380000000000001 0.000000000000000
9.390000000000001 0.000000000000000
9.400000000000000 -0.000000000000000
9.410000000000000 0.000000000000000
9.420000000000000 0.000000000000000
9.430000000000000 0.000000000000000
9.440000000000000 0.000000000000000
9.449999999999999 0.000000000000000
9.460000000000001 0.000000000000000
9.470000000000001 0.000000000000000
9.480000000000000 0.000000000000000
9.490000000000000 0.000000000000000
9.500000000000000 -0.000000000000000
9.510000000000000 0.000000000000000
9.520000000000000 0.000000000000000
9.529999999999999 0.000000000000000
9.539999999999999 0.000000000000000
9.550000000000001 0.000000000000000
9.560000000000000 0.000000000000000
9.570000000000000 0.000000000000000
9.580000000000000 0.000000000000000
9.590000000000000 0.000000000000000
9.600000000000000 0.000000000000000
9.609999999999999 0.000000000000000
9.619999999999999 0.000000000000000
9.630000000000001 0.000000000000000
9.640000000000001 0.000000000000000
9.650000000000000 0.000000000000000
9.660000000000000 0.000000000000000
9.670000000000000 0.000000000000000
9.680000000000000 0.000000000000000
9.690000000000000 0.000000000000000
9.699999999999999 -0.000000000000000
9.710000000000001 0.000000000000000
9.720000000000001 0.000000000000000
9.730000000000000 0.000000000000000
9.740000000000000 0.000000000000000
9.750000000000000 0.000000000000000
9.760000000000000 0.000000000000000
9.770000000000000 0.000000000000000
9.779999999999999 0.000000000000000
9.789999999999999 0.000000000000000
9.800000000000001 -0.000000000000000
9.810000000000000 0.000000000000000
9.820000000000000 0.000000000000000
9.830000000000000 0.000000000000000
9.840000000000000 0.000000000000000
9.850000000000000 0.000000000000000
9.859999999999999 0.000000000000000
9.869999999999999 0.000000000000000
9.880000000000001 0.000000000000000
9.890000000000001 0.000000000000000
9.900000000000000 -0.000000000000000
9.910000000000000 0.000000000000000
9.920000000000000 0.000000000000000
9.930000000000000 0.000000000000000
9.940000000000000 0.000000000000000
9.949999999999999 0.000000000000000
9.960000000000001 0.000000000000000
9.970000000000001 0.000000000000000
9.980000000000000 0.000000000000000
9.990000000000000 0.000000000000000
10.000000000000000 -0.000000000000000
