0.000000000000000 0.000000000000000
0.010000000000000 0.000108451629119
0.020000000000000 0.000432701150215
0.030000000000000 0.000970991819257
0.040000000000000 0.001721439291311
0.050000000000000 0.002682036675192
0.060000000000000 0.003850659654028
0.070000000000000 0.005225071658187
0.080000000000000 0.006802929077345
0.090000000000000 0.008581786498757
0.100000000000000 0.010559101959192
0.110000000000000 0.012737911506905
0.120000000000000 0.015111861163218
0.130000000000000 0.017678369482987
0.140000000000000 0.020434769665487
0.150000000000000 0.023378314805828
0.160000000000000 0.026506183104067
0.170000000000000 0.029815483022239
0.180000000000000 0.033303258380137
0.190000000000000 0.036966493381157
0.200000000000000 0.040802117560142
0.210000000000000 0.044821315236932
0.220000000000000 0.049009107209679
0.230000000000000 0.053362401124024
0.240000000000000 0.057878062282114
0.250000000000000 0.062552918227445
0.260000000000000 0.067383763218944
0.270000000000000 0.072367362589666
0.280000000000000 0.077500456986064
0.290000000000000 0.082779766484272
0.300000000000000 0.088201994580351
0.310000000000000 0.093780500510210
0.320000000000000 0.099497128747817
0.330000000000000 0.105348595738990
0.340000000000000 0.111331612807262
0.350000000000000 0.117442889572608
0.360000000000000 0.123679137235937
0.370000000000000 0.130037071729128
0.380000000000000 0.136513416730759
0.390000000000000 0.143104906548004
0.400000000000000 0.149808288865497
0.410000000000000 0.156625305959987
0.420000000000000 0.163548145268021
0.430000000000000 0.170573613273795
0.440000000000000 0.177698539058527
0.450000000000000 0.184919776422034
0.460000000000000 0.192234205881338
0.470000000000000 0.199638736548715
0.480000000000000 0.207130307891743
0.490000000000000 0.214705891378046
0.500000000000000 0.222362492007563
0.510000000000000 0.230070860784995
0.520000000000000 0.237852857257712
0.530000000000000 0.245705593683322
0.540000000000000 0.253626222226901
0.550000000000000 0.261611935921047
0.560000000000000 0.269659969533137
0.570000000000000 0.277767600343082
0.580000000000000 0.285932148834877
0.590000000000000 0.294150979305255
0.600000000000000 0.302421500392733
0.610000000000000 0.310655298037444
0.620000000000000 0.318931957348037
0.630000000000000 0.327249040079453
0.640000000000000 0.335604156005266
0.650000000000000 0.343994962980893
0.660000000000000 0.352419166949366
0.670000000000000 0.360874521892671
0.680000000000000 0.369358829731616
0.690000000000000 0.377869940177099
0.700000000000000 0.386405750535589
0.710000000000000 0.394786947378662
0.720000000000000 0.403182641838683
0.730000000000000 0.411590926562396
0.740000000000000 0.420009943077607
0.750000000000000 0.428437881254995
0.760000000000000 0.436872978744326
0.770000000000000 0.445313520387237
0.780000000000000 0.453757837608692
0.790000000000000 0.462204307789111
0.800000000000000 0.470651353619096
0.810000000000000 0.478806282518910
0.820000000000000 0.486950709854508
0.830000000000000 0.495083286944017
0.840000000000000 0.503202709638191
0.850000000000000 0.511307717452844
0.860000000000000 0.519397092699771
0.870000000000000 0.527469659617402
0.880000000000000 0.535524283502336
0.890000000000000 0.543559869842838
0.900000000000000 0.551575363455310
0.910000000000000 0.559133214801108
0.920000000000000 0.566659220259522
0.930000000000000 0.574152579439856
0.940000000000000 0.581612528967177
0.950000000000000 0.589038341494994
0.960000000000000 0.596429324732205
0.970000000000000 0.603784820484750
0.980000000000000 0.611104203712304
0.990000000000000 0.618386881600348
1.000000000000000 0.625632292647896
1.010000000000000 0.632262899362307
1.020000000000000 0.638844705474145
1.030000000000000 0.645377412983124
1.040000000000000 0.651860751791371
1.050000000000000 0.658294478749326
1.060000000000000 0.664678376724154
1.070000000000000 0.671012253690526
1.080000000000000 0.677295941843570
1.090000000000000 0.683529296733787
1.100000000000000 0.689712196423706
1.110000000000000 0.695125668393140
1.120000000000000 0.700477796232941
1.130000000000000 0.705768718484714
1.140000000000000 0.710998592194944
1.150000000000000 0.716167592086096
1.160000000000000 0.721275909752868
1.170000000000000 0.726323752883114
1.180000000000000 0.731311344502906
1.190000000000000 0.736238922245237
1.200000000000000 0.741106737641841
1.210000000000000 0.745089369720141
1.220000000000000 0.749002680140017
1.230000000000000 0.752847161228897
1.240000000000000 0.756623315070059
1.250000000000000 0.760331652845175
1.260000000000000 0.763972694200880
1.270000000000000 0.767546966638663
1.280000000000000 0.771055004927463
1.290000000000000 0.774497350538323
1.300000000000000 0.777874551100474
1.310000000000000 0.780305317048322
1.320000000000000 0.782663178484180
1.330000000000000 0.784948890658245
1.340000000000000 0.787163211105773
1.350000000000000 0.789306899171864
1.360000000000000 0.791380715556910
1.370000000000000 0.793385421882032
1.380000000000000 0.795321780273854
1.390000000000000 0.797190552967983
1.400000000000000 0.798992501930558
1.410000000000000 0.799872141251994
1.420000000000000 0.800679399756275
1.430000000000000 0.801415200929282
1.440000000000000 0.802080464731964
1.450000000000000 0.802676107294158
1.460000000000000 0.803203040624798
1.470000000000000 0.803662172337892
1.480000000000000 0.804054405393712
1.490000000000000 0.804380637854620
1.500000000000000 0.804641762654978
1.510000000000000 0.804045796988361
1.520000000000000 0.803381120370419
1.530000000000000 0.802648742796980
1.540000000000000 0.801849666616982
1.550000000000000 0.800984886367416
1.560000000000000 0.800055388620387
1.570000000000000 0.799062151841790
1.580000000000000 0.798006146261146
1.590000000000000 0.796888333752116
1.600000000000000 0.795709667723261
1.610000000000000 0.793805225015644
1.620000000000000 0.791838129170825
1.630000000000000 0.789809406035052
1.640000000000000 0.787720071274464
1.650000000000000 0.785571130318102
1.660000000000000 0.783363578309277
1.670000000000000 0.781098400064908
1.680000000000000 0.778776570042463
1.690000000000000 0.776399052314156
1.700000000000000 0.773966800548061
1.710000000000000 0.770974016071118
1.720000000000000 0.767926106336597
1.730000000000000 0.764824059297198
1.740000000000000 0.761668851522713
1.750000000000000 0.758461448218727
1.760000000000000 0.755202803250641
1.770000000000000 0.751893859172742
1.780000000000000 0.748535547262043
1.790000000000000 0.745128787556646
1.800000000000000 0.741674488898380
1.810000000000000 0.737871166441177
1.820000000000000 0.734021006567630
1.830000000000000 0.730124919044654
1.840000000000000 0.726183802125692
1.850000000000000 0.722198542616584
1.860000000000000 0.718170015944471
1.870000000000000 0.714099086229558
1.880000000000000 0.709986606359540
1.890000000000000 0.705833418066526
1.900000000000000 0.701640352006294
1.910000000000000 0.697281524281723
1.920000000000000 0.692884090052051
1.930000000000000 0.688448859782001
1.940000000000000 0.683976632997906
1.950000000000000 0.679468198378556
1.960000000000000 0.674924333847508
1.970000000000000 0.670345806666728
1.980000000000000 0.665733373531454
1.990000000000000 0.661087780666150
2.000000000000000 0.656409763921459
2.010000000000000 0.651724374418824
2.020000000000000 0.647008054697593
2.030000000000000 0.642261507970978
2.040000000000000 0.637485427508408
2.050000000000000 0.632680496735526
2.060000000000000 0.627847389334627
2.070000000000000 0.622986769345448
2.080000000000000 0.618099291266232
2.090000000000000 0.613185600155012
2.100000000000000 0.608246331731019
2.110000000000000 0.603433039961809
2.120000000000000 0.598595656854899
2.130000000000000 0.593734779292833
2.140000000000000 0.588850995415803
2.150000000000000 0.583944884720368
2.160000000000000 0.579017018157994
2.170000000000000 0.574067958233355
2.180000000000000 0.569098259102369
2.190000000000000 0.564108466669922
2.200000000000000 0.559099118687226
2.210000000000000 0.554317660170852
2.220000000000000 0.549517973936554
2.230000000000000 0.544700557499827
2.240000000000000 0.539865900885794
2.250000000000000 0.535014486720488
2.260000000000000 0.530146790321615
2.270000000000000 0.525263279788793
2.280000000000000 0.520364416093220
2.290000000000000 0.515450653166774
2.300000000000000 0.510522437990499
2.310000000000000 0.505886943019380
2.320000000000000 0.501238083730329
2.330000000000000 0.496576269007493
2.340000000000000 0.491901901439198
2.350000000000000 0.487215377398830
2.360000000000000 0.482517087125055
2.370000000000000 0.477807414801383
2.380000000000000 0.473086738635049
2.390000000000000 0.468355430935216
2.400000000000000 0.463613858190486
2.410000000000000 0.459210515622419
2.420000000000000 0.454797740110395
2.430000000000000 0.450375863505398
2.440000000000000 0.445945212450960
2.450000000000000 0.441506108452611
2.460000000000000 0.437058867946643
2.470000000000000 0.432603802368205
2.480000000000000 0.428141218218698
2.490000000000000 0.423671417132496
2.500000000000000 0.419194695942968
2.510000000000000 0.415068668505819
2.520000000000000 0.410936306114872
2.530000000000000 0.406797875771424
2.540000000000000 0.402653640215720
2.550000000000000 0.398503857985340
2.560000000000000 0.394348783472958
2.570000000000000 0.390188666983449
2.580000000000000 0.386023754790367
2.590000000000000 0.381854289191776
2.600000000000000 0.377680508565450
2.610000000000000 0.373860305741687
2.620000000000000 0.370036159297057
2.630000000000000 0.366208282345490
2.640000000000000 0.362376884546408
2.650000000000000 0.358542172153029
2.660000000000000 0.354704348060079
2.670000000000000 0.350863611850948
2.680000000000000 0.347020159844272
2.690000000000000 0.343174185139953
2.700000000000000 0.339325877664617
2.710000000000000 0.335819902375909
2.720000000000000 0.332311790641849
2.730000000000000 0.328801711517037
2.740000000000000 0.325289831274016
2.750000000000000 0.321776313442744
2.760000000000000 0.318261318849564
2.770000000000000 0.314745005655691
2.780000000000000 0.311227529395210
2.790000000000000 0.307709043012588
2.800000000000000 0.304189696899708
2.810000000000000 0.300993258117512
2.820000000000000 0.297796020163032
2.830000000000000 0.294598116477886
2.840000000000000 0.291399678273833
2.850000000000000 0.288200834564758
2.860000000000000 0.285001712198229
2.870000000000000 0.281802435886653
2.880000000000000 0.278603128238019
2.890000000000000 0.275403909786236
2.900000000000000 0.272204899021071
2.910000000000000 0.269307554835403
2.920000000000000 0.266410376109433
2.930000000000000 0.263513467675534
2.940000000000000 0.260616932586051
2.950000000000000 0.257720872139026
2.960000000000000 0.254825385903595
2.970000000000000 0.251930571745033
2.980000000000000 0.249036525849463
2.990000000000000 0.246143342748239
3.000000000000000 0.243251115341993
3.010000000000000 0.240635785585445
3.020000000000000 0.238021296958897
3.030000000000000 0.235407731496396
3.040000000000000 0.232795169814836
3.050000000000000 0.230183691134562
3.060000000000000 0.227573373299696
3.070000000000000 0.224964292798189
3.080000000000000 0.222356524781592
3.090000000000000 0.219750143084562
3.100000000000000 0.217145220244090
3.110000000000000 0.214792373846587
3.120000000000000 0.212440822731614
3.130000000000000 0.210090630851703
3.140000000000000 0.207741861033387
3.150000000000000 0.205394574993646
3.160000000000000 0.203048833356119
3.170000000000000 0.200704695667102
3.180000000000000 0.198362220411316
3.190000000000000 0.196021465027456
3.200000000000000 0.193682485923529
3.210000000000000 0.191571603246068
3.220000000000000 0.189462302399820
3.230000000000000 0.187354633052112
3.240000000000000 0.185248643976962
3.250000000000000 0.183144383068166
3.260000000000000 0.181041897352206
3.270000000000000 0.178941233000972
3.280000000000000 0.176842435344308
3.290000000000000 0.174745548882385
3.300000000000000 0.172650617297893
3.310000000000000 0.170759635881548
3.320000000000000 0.168870399985628
3.330000000000000 0.166982948050179
3.340000000000000 0.165097317806894
3.350000000000000 0.163213546289523
3.360000000000000 0.161331669844124
3.370000000000000 0.159451724139180
3.380000000000000 0.157573744175568
3.390000000000000 0.155697764296388
3.400000000000000 0.153823818196653
3.410000000000000 0.152132993836083
3.420000000000000 0.150443986871986
3.430000000000000 0.148756826924576
3.440000000000000 0.147071543052864
3.450000000000000 0.145388163762917
3.460000000000000 0.143706717016002
3.470000000000000 0.142027230236610
3.480000000000000 0.140349730320372
3.490000000000000 0.138674243641857
3.500000000000000 0.137000796062267
3.510000000000000 0.135490790262769
3.520000000000000 0.133982608392953
3.530000000000000 0.132476273169088
3.540000000000000 0.130971806862998
3.550000000000000 0.129469231308606
3.560000000000000 0.127968567908399
3.570000000000000 0.126469837639792
3.580000000000000 0.124973061061406
3.590000000000000 0.123478258319260
3.600000000000000 0.121985449152864
3.610000000000000 0.120638162415321
3.620000000000000 0.119292660448862
3.630000000000000 0.117948960579228
3.640000000000000 0.116607079780250
3.650000000000000 0.115267034679042
3.660000000000000 0.113928841561127
3.670000000000000 0.112592516375487
3.680000000000000 0.111258074739541
3.690000000000000 0.109925531944052
3.700000000000000 0.108594902957968
3.710000000000000 0.107393623688060
3.720000000000000 0.106194059159020
3.730000000000000 0.104996222498210
3.740000000000000 0.103800126554379
3.750000000000000 0.102605783901788
3.760000000000000 0.101413206844272
3.770000000000000 0.100222407419249
3.780000000000000 0.099033397401664
3.790000000000000 0.097846188307887
3.800000000000000 0.096660791399548
3.810000000000000 0.095591464683079
3.820000000000000 0.094523760605424
3.830000000000000 0.093457689025504
3.840000000000000 0.092393259581886
3.850000000000000 0.091330481696050
3.860000000000000 0.090269364575610
3.870000000000000 0.089209917217489
3.880000000000000 0.088152148411048
3.890000000000000 0.087096066741174
3.900000000000000 0.086041680591322
3.910000000000000 0.085089132134633
3.920000000000000 0.084138104890253
3.930000000000000 0.083188606193142
3.940000000000000 0.082240643203833
3.950000000000000 0.081294222911024
3.960000000000000 0.080349352134131
3.970000000000000 0.079406037525814
3.980000000000000 0.078464285574457
3.990000000000000 0.077524102606619
4.000000000000000 0.076585494789451
4.010000000000000 0.075736829438192
4.020000000000000 0.074889578942115
4.030000000000000 0.074043748689020
4.040000000000000 0.073199343928600
4.050000000000000 0.072356369774494
4.060000000000000 0.071514831206323
4.070000000000000 0.070674733071689
4.080000000000000 0.069836080088151
4.090000000000000 0.068998876845172
4.100000000000000 0.068163127806035
4.110000000000000 0.067407172429282
4.120000000000000 0.066652524027980
4.130000000000000 0.065899186491838
4.140000000000000 0.065147163601229
4.150000000000000 0.064396459028836
4.160000000000000 0.063647076341257
4.170000000000000 0.062899019000602
4.180000000000000 0.062152290366064
4.190000000000000 0.061406893695460
4.200000000000000 0.060662832146763
4.210000000000000 0.059990241592168
4.220000000000000 0.059318850245814
4.230000000000000 0.058648660848977
4.240000000000000 0.057979676056481
4.250000000000000 0.057311898438001
4.260000000000000 0.056645330479344
4.270000000000000 0.055979974583716
4.280000000000000 0.055315833072970
4.290000000000000 0.054652908188831
4.300000000000000 0.053991202094114
4.310000000000000 0.053392895728321
4.320000000000000 0.052795684510675
4.330000000000000 0.052199570309012
4.340000000000000 0.051604554922843
4.350000000000000 0.051010640084390
4.360000000000000 0.050417827459605
4.370000000000000 0.049826118649176
4.380000000000000 0.049235515189520
4.390000000000000 0.048646018553759
4.400000000000000 0.048057630152686
4.410000000000000 0.047524962605676
4.420000000000000 0.046993292304502
4.430000000000000 0.046462620457712
4.440000000000000 0.045932948219844
4.450000000000000 0.045404276692256
4.460000000000000 0.044876606923931
4.470000000000000 0.044349939912284
4.480000000000000 0.043824276603950
4.490000000000000 0.043299617895561
4.500000000000000 0.042775964634517
4.510000000000000 0.042302055129168
4.520000000000000 0.041829050113310
4.530000000000000 0.041356950301611
4.540000000000000 0.040885756366101
4.550000000000000 0.040415468936833
4.560000000000000 0.039946088602530
4.570000000000000 0.039477615911219
4.580000000000000 0.039010051370863
4.590000000000000 0.038543395449983
4.600000000000000 0.038077648578264
4.610000000000000 0.037655883367792
4.620000000000000 0.037234936529854
4.630000000000000 0.036814808413496
4.640000000000000 0.036395499334133
4.650000000000000 0.035977009574071
4.660000000000000 0.035559339383021
4.670000000000000 0.035142488978608
4.680000000000000 0.034726458546876
4.690000000000000 0.034311248242776
4.700000000000000 0.033896858190659
4.710000000000000 0.033521433636799
4.720000000000000 0.033146747909988
4.730000000000000 0.032772801092445
4.740000000000000 0.032399593239887
4.750000000000000 0.032027124381946
4.760000000000000 0.031655394522580
4.770000000000000 0.031284403640480
4.780000000000000 0.030914151689469
4.790000000000000 0.030544638598897
4.800000000000000 0.030175864274027
4.810000000000000 0.029841749505839
4.820000000000000 0.029508300235115
4.830000000000000 0.029175516353273
4.840000000000000 0.028843397730887
4.850000000000000 0.028511944218011
4.860000000000000 0.028181155644516
4.870000000000000 0.027851031820409
4.880000000000000 0.027521572536153
4.890000000000000 0.027192777562982
4.900000000000000 0.026864646653212
4.910000000000000 0.026567226712539
4.920000000000000 0.026270405280681
4.930000000000000 0.025974182116207
4.940000000000000 0.025678556961318
4.950000000000000 0.025383529542105
4.960000000000000 0.025089099568820
4.970000000000000 0.024795266736124
4.980000000000000 0.024502030723351
4.990000000000000 0.024209391194755
5.000000000000000 0.023917347799757
5.010000000000000 0.023652609578205
5.020000000000000 0.023388408725585
5.030000000000000 0.023124744911780
5.040000000000000 0.022861617793844
5.050000000000000 0.022599027016220
5.060000000000000 0.022336972210943
5.070000000000000 0.022075452997852
5.080000000000000 0.021814468984788
5.090000000000000 0.021554019767801
5.100000000000000 0.021294104931342
5.110000000000000 0.021058492510386
5.120000000000000 0.020823361809594
5.130000000000000 0.020588712443532
5.140000000000000 0.020354544016742
5.150000000000000 0.020120856123917
5.160000000000000 0.019887648350066
5.170000000000000 0.019654920270682
5.180000000000000 0.019422671451900
5.190000000000000 0.019190901450661
5.200000000000000 0.018959609814870
5.210000000000000 0.018749925858650
5.220000000000000 0.018540673184412
5.230000000000000 0.018331851376263
5.240000000000000 0.018123460010512
5.250000000000000 0.017915498655804
5.260000000000000 0.017707966873248
5.270000000000000 0.017500864216556
5.280000000000000 0.017294190232168
5.290000000000000 0.017087944459382
5.300000000000000 0.016882126430482
5.310000000000000 0.016695404453104
5.320000000000000 0.016509068421453
5.330000000000000 0.016323117907133
5.340000000000000 0.016137552475693
5.350000000000000 0.015952371686740
5.360000000000000 0.015767575094042
5.370000000000000 0.015583162245637
5.380000000000000 0.015399132683935
5.390000000000000 0.015215485945820
5.400000000000000 0.015032221562752
5.410000000000000 0.014866015542432
5.420000000000000 0.014700154407185
5.430000000000000 0.014534637729626
5.440000000000000 0.014369465077700
5.450000000000000 0.014204636014768
5.460000000000000 0.014040150099689
5.470000000000000 0.013876006886912
5.480000000000000 0.013712205926550
5.490000000000000 0.013548746764468
5.500000000000000 0.013385628942362
5.510000000000000 0.013237516131531
5.520000000000000 0.013089711611370
5.530000000000000 0.012942214964304
5.540000000000000 0.012795025769170
5.550000000000000 0.012648143601289
5.560000000000000 0.012501568032532
5.570000000000000 0.012355298631387
5.580000000000000 0.012209334963028
5.590000000000000 0.012063676589379
5.600000000000000 0.011918323069178
5.610000000000000 0.011786522253542
5.620000000000000 0.011654996387132
5.630000000000000 0.011523745069402
5.640000000000000 0.011392767897075
5.650000000000000 0.011262064464199
5.660000000000000 0.011131634362200
5.670000000000000 0.011001477179936
5.680000000000000 0.010871592503750
5.690000000000000 0.010741979917523
5.700000000000000 0.010612639002726
5.710000000000000 0.010495281868456
5.720000000000000 0.010378169931026
5.730000000000000 0.010261302810821
5.740000000000000 0.010144680126167
5.750000000000000 0.010028301493368
5.760000000000000 0.009912166526757
5.770000000000000 0.009796274838732
5.780000000000000 0.009680626039805
5.790000000000000 0.009565219738639
5.800000000000000 0.009450055542092
5.810000000000000 0.009345584768064
5.820000000000000 0.009241332462592
5.830000000000000 0.009137298269627
5.840000000000000 0.009033481831583
5.850000000000000 0.008929882789369
5.860000000000000 0.008826500782422
5.870000000000000 0.008723335448748
5.880000000000000 0.008620386424950
5.890000000000000 0.008517653346265
5.900000000000000 0.008415135846593
5.910000000000000 0.008322060849399
5.920000000000000 0.008229180558810
5.930000000000000 0.008136494643288
5.940000000000000 0.008044002770159
5.950000000000000 0.007951704605647
5.960000000000000 0.007859599814898
5.970000000000000 0.007767688062009
5.980000000000000 0.007675969010054
5.990000000000000 0.007584442321111
6.000000000000000 0.007493107656291
6.010000000000000 0.007410155651578
6.020000000000000 0.007327377150469
6.030000000000000 0.007244771846192
6.040000000000000 0.007162339431160
6.050000000000000 0.007080079596986
6.060000000000000 0.006997992034514
6.070000000000000 0.006916076433835
6.080000000000000 0.006834332484310
6.090000000000000 0.006752759874593
6.100000000000000 0.006671358292650
6.110000000000000 0.006597522375173
6.120000000000000 0.006523840790075
6.130000000000000 0.006450313255502
6.140000000000000 0.006376939489027
6.150000000000000 0.006303719207665
6.160000000000000 0.006230652127893
6.170000000000000 0.006157737965668
6.180000000000000 0.006084976436442
6.190000000000000 0.006012367255180
6.200000000000000 0.005939910136377
6.210000000000000 0.005874153164941
6.220000000000000 0.005808533490775
6.230000000000000 0.005743050855985
6.240000000000000 0.005677705002292
6.250000000000000 0.005612495671041
6.260000000000000 0.005547422603219
6.270000000000000 0.005482485539467
6.280000000000000 0.005417684220093
6.290000000000000 0.005353018385088
6.300000000000000 0.005288487774137
6.310000000000000 0.005229954328297
6.320000000000000 0.005171542915837
6.330000000000000 0.005113253301869
6.340000000000000 0.005055085251258
6.350000000000000 0.004997038528633
6.360000000000000 0.004939112898401
6.370000000000000 0.004881308124756
6.380000000000000 0.004823623971689
6.390000000000000 0.004766060203001
6.400000000000000 0.004708616582314
6.410000000000000 0.004656425804482
6.420000000000000 0.004604343642921
6.430000000000000 0.004552369884042
6.440000000000000 0.004500504314112
6.450000000000000 0.004448746719270
6.460000000000000 0.004397096885533
6.470000000000000 0.004345554598804
6.480000000000000 0.004294119644883
6.490000000000000 0.004242791809473
6.500000000000000 0.004191570878191
6.510000000000000 0.004145097582152
6.520000000000000 0.004098720796244
6.530000000000000 0.004052440327111
6.540000000000000 0.004006255981338
6.550000000000000 0.003960167565455
6.560000000000000 0.003914174885947
6.570000000000000 0.003868277749259
6.580000000000000 0.003822475961805
6.590000000000000 0.003776769329971
6.600000000000000 0.003731157660126
6.610000000000000 0.003689763305277
6.620000000000000 0.003648454704769
6.630000000000000 0.003607231683968
6.640000000000000 0.003566094068238
6.650000000000000 0.003525041682946
6.660000000000000 0.003484074353468
6.670000000000000 0.003443191905194
6.680000000000000 0.003402394163533
6.690000000000000 0.003361680953921
6.700000000000000 0.003321052101822
6.710000000000000 0.003284207755804
6.720000000000000 0.003247439531083
6.730000000000000 0.003210747270421
6.740000000000000 0.003174130816616
6.750000000000000 0.003137590012510
6.760000000000000 0.003101124700992
6.770000000000000 0.003064734725005
6.780000000000000 0.003028419927548
6.790000000000000 0.002992180151678
6.800000000000000 0.002956015240519
6.810000000000000 0.002923174263006
6.820000000000000 0.002890400938144
6.830000000000000 0.002857695124427
6.840000000000000 0.002825056680415
6.850000000000000 0.002792485464737
6.860000000000000 0.002759981336100
6.870000000000000 0.002727544153287
6.880000000000000 0.002695173775164
6.890000000000000 0.002662870060679
6.900000000000000 0.002630632868872
6.910000000000000 0.002601373559075
6.920000000000000 0.002572174334112
6.930000000000000 0.002543035066925
6.940000000000000 0.002513955630542
6.950000000000000 0.002484935898081
6.960000000000000 0.002455975742753
6.970000000000000 0.002427075037862
6.980000000000000 0.002398233656811
6.990000000000000 0.002369451473102
7.000000000000000 0.002340728360341
7.010000000000000 0.002314681959693
7.020000000000000 0.002288688865858
7.030000000000000 0.002262748965037
7.040000000000000 0.002236862143531
7.050000000000000 0.002211028287737
7.060000000000000 0.002185247284160
7.070000000000000 0.002159519019405
7.080000000000000 0.002133843380187
7.090000000000000 0.002108220253329
7.100000000000000 0.002082649525764
7.110000000000000 0.002059460520615
7.120000000000000 0.002036318805814
7.130000000000000 0.002013224279569
7.140000000000000 0.001990176840195
7.150000000000000 0.001967176386112
7.160000000000000 0.001944222815849
7.170000000000000 0.001921316028042
7.180000000000000 0.001898455921440
7.190000000000000 0.001875642394904
7.200000000000000 0.001852875347409
7.210000000000000 0.001832209637201
7.220000000000000 0.001811585915909
7.230000000000000 0.001791004092504
7.240000000000000 0.001770464076064
7.250000000000000 0.001749965775776
7.260000000000000 0.001729509100934
7.270000000000000 0.001709093960942
7.280000000000000 0.001688720265318
7.290000000000000 0.001668387923692
7.300000000000000 0.001648096845806
7.310000000000000 0.001629689324267
7.320000000000000 0.001611319059194
7.330000000000000 0.001592985969320
7.340000000000000 0.001574689973485
7.350000000000000 0.001556430990635
7.360000000000000 0.001538208939822
7.370000000000000 0.001520023740208
7.380000000000000 0.001501875311065
7.390000000000000 0.001483763571773
7.400000000000000 0.001465688441826
7.410000000000000 0.001449309859761
7.420000000000000 0.001432964294294
7.430000000000000 0.001416651673029
7.440000000000000 0.001400371923675
7.450000000000000 0.001384124974043
7.460000000000000 0.001367910752048
7.470000000000000 0.001351729185711
7.480000000000000 0.001335580203155
7.490000000000000 0.001319463732614
7.500000000000000 0.001303379702426
7.510000000000000 0.001288799635398
7.520000000000000 0.001274248837808
7.530000000000000 0.001259727245194
7.540000000000000 0.001245234793193
7.550000000000000 0.001230771417538
7.560000000000000 0.001216337054064
7.570000000000000 0.001201931638704
7.580000000000000 0.001187555107491
7.590000000000000 0.001173207396559
7.600000000000000 0.001158888442145
7.610000000000000 0.001145891554337
7.620000000000000 0.001132920647595
7.630000000000000 0.001119975664488
7.640000000000000 0.001107056547675
7.650000000000000 0.001094163239907
7.660000000000000 0.001081295684033
7.670000000000000 0.001068453822991
7.680000000000000 0.001055637599817
7.690000000000000 0.001042846957640
7.700000000000000 0.001030081839684
7.710000000000000 0.001018515218831
7.720000000000000 0.001006971619021
7.730000000000000 0.000995450989209
7.740000000000000 0.000983953278439
7.750000000000000 0.000972478435843
7.760000000000000 0.000961026410637
7.770000000000000 0.000949597152127
7.780000000000000 0.000938190609707
7.790000000000000 0.000926806732858
7.800000000000000 0.000915445471150
7.810000000000000 0.000905152807969
7.820000000000000 0.000894880538868
7.830000000000000 0.000884628618521
7.840000000000000 0.000874397001680
7.850000000000000 0.000864185643180
7.860000000000000 0.000853994497935
7.870000000000000 0.000843823520940
7.880000000000000 0.000833672667273
7.890000000000000 0.000823541892092
7.900000000000000 0.000813431150637
7.910000000000000 0.000804271350304
7.920000000000000 0.000795129616845
7.930000000000000 0.000786005910031
7.940000000000000 0.000776900189705
7.950000000000000 0.000767812415788
7.960000000000000 0.000758742548271
7.970000000000000 0.000749690547223
7.980000000000000 0.000740656372787
7.990000000000000 0.000731639985179
8.000000000000000 0.000722641344693
8.010000000000000 0.000714483322447
8.020000000000000 0.000706341316993
8.029999999999999 0.000698215292619
8.039999999999999 0.000690105213678
8.050000000000001 0.000682011044592
8.060000000000000 0.000673932749853
8.070000000000000 0.000665870294019
8.080000000000000 0.000657823641718
8.090000000000000 0.000649792757645
8.100000000000000 0.000641777606565
8.109999999999999 0.000634519632376
8.119999999999999 0.000627275840895
8.130000000000001 0.000620046200470
8.140000000000001 0.000612830679509
8.150000000000000 0.000605629246484
8.160000000000000 0.000598441869929
8.170000000000000 0.000591268518441
8.180000000000000 0.000584109160677
8.190000000000000 0.000576963765359
8.199999999999999 0.000569832301270
8.210000000000001 0.000563373507159
8.220000000000001 0.000556927273993
8.230000000000000 0.000550493573724
8.240000000000000 0.000544072378363
8.250000000000000 0.000537663659975
8.260000000000000 0.000531267390684
8.270000000000000 0.000524883542667
8.279999999999999 0.000518512088162
8.289999999999999 0.000512152999461
8.300000000000001 0.000505806248911
8.310000000000000 0.000500061660864
8.320000000000000 0.000494328190827
8.330000000000000 0.000488605813973
8.340000000000000 0.000482894505526
8.350000000000000 0.000477194240761
8.359999999999999 0.000471504995005
8.369999999999999 0.000465826743634
8.380000000000001 0.000460159462077
8.390000000000001 0.000454503125814
8.400000000000000 0.000448857710375
8.410000000000000 0.000443748448726
8.420000000000000 0.000438649027205
8.430000000000000 0.000433559423842
8.440000000000000 0.000428479616718
8.449999999999999 0.000423409583956
8.460000000000001 0.000418349303726
8.470000000000001 0.000413298754246
8.480000000000000 0.000408257913778
8.490000000000000 0.000403226760631
8.500000000000000 0.000398205273160
8.510000000000000 0.000393657426960
8.520000000000000 0.000389118296600
8.529999999999999 0.000384587862634
8.539999999999999 0.000380066105658
8.550000000000001 0.000375553006306
8.560000000000000 0.000371048545257
8.570000000000000 0.000366552703230
8.580000000000000 0.000362065460987
8.590000000000000 0.000357586799328
8.600000000000000 0.000353116699099
8.609999999999999 0.000349073843153
8.619999999999999 0.000345038696678
8.630000000000001 0.000341011242486
8.640000000000001 0.000336991463429
8.650000000000000 0.000332979342395
8.660000000000000 0.000328974862310
8.670000000000000 0.000324978006137
8.680000000000000 0.000320988756877
8.690000000000000 0.000317007097566
8.699999999999999 0.000313033011279
8.710000000000001 0.000309439186540
8.720000000000001 0.000305852180628
8.730000000000000 0.000302271978359
8.740000000000000 0.000298698564583
8.750000000000000 0.000295131924184
8.760000000000000 0.000291572042080
8.770000000000000 0.000288018903220
8.779999999999999 0.000284472492589
8.789999999999999 0.000280932795203
8.800000000000001 0.000277399796113
8.810000000000000 0.000274201686505
8.820000000000000 0.000271009614397
8.830000000000000 0.000267823566365
8.840000000000000 0.000264643529015
8.850000000000000 0.000261469488982
8.859999999999999 0.000258301432930
8.869999999999999 0.000255139347550
8.880000000000001 0.000251983219576
8.890000000000001 0.000248833035757
8.900000000000000 0.000245688782883
8.910000000000000 0.000242847983498
8.920000000000000 0.000240012519796
8.930000000000000 0.000237182379932
8.940000000000000 0.000234357552091
8.949999999999999 0.000231538024478
8.960000000000001 0.000228723785332
8.970000000000001 0.000225914822912
8.980000000000000 0.000223111125508
8.990000000000000 0.000220312681436
9.000000000000000 0.000217519479035
9.010000000000000 0.000214996534261
9.020000000000000 0.000212478303936
9.029999999999999 0.000209964777613
9.039999999999999 0.000207455944871
9.050000000000001 0.000204951795311
9.060000000000000 0.000202452318558
9.070000000000000 0.000199957504261
9.080000000000000 0.000197467342092
9.090000000000000 0.000194981821749
9.100000000000000 0.000192500932949
9.109999999999999 0.000190256111945
9.119999999999999 0.000188015464278
9.130000000000001 0.000185778980721
9.140000000000001 0.000183546652067
9.150000000000000 0.000181318469129
9.160000000000000 0.000179094422743
9.170000000000000 0.000176874503766
9.180000000000000 0.000174658703074
9.190000000000000 0.000172447011566
9.199999999999999 0.000170239420162
9.210000000000001 0.000168245828078
9.220000000000001 0.000166255923195
9.230000000000000 0.000164269697378
9.240000000000000 0.000162287142510
9.250000000000000 0.000160308250496
9.260000000000000 0.000158333013254
9.270000000000000 0.000156361422727
9.279999999999999 0.000154393470872
9.289999999999999 0.000152429149668
9.300000000000001 0.000150468451109
9.310000000000000 0.000148698543385
9.320000000000000 0.000146931892242
9.330000000000000 0.000145168490512
9.340000000000000 0.000143408331044
9.350000000000000 0.000141651406705
9.359999999999999 0.000139897710376
9.369999999999999 0.000138147234957
9.380000000000001 0.000136399973363
9.390000000000001 0.000134655918525
9.400000000000000 0.000132915063394
9.410000000000000 0.000131341684101
9.420000000000000 0.000129771184860
9.430000000000000 0.000128203559348
9.440000000000000 0.000126638801259
9.449999999999999 0.000125076904297
9.460000000000001 0.000123517862186
9.470000000000001 0.000121961668661
9.480000000000000 0.000120408317473
9.490000000000000 0.000118857802389
9.500000000000000 0.000117310117188
9.510000000000000 0.000115914040448
9.520000000000000 0.000114520505951
9.529999999999999 0.000113129508131
9.539999999999999 0.000111741041435
9.550000000000001 0.000110355100324
9.560000000000000 0.000108971679270
9.570000000000000 0.000107590772760
9.580000000000000 0.000106212375294
9.590000000000000 0.000104836481382
9.600000000000000 0.000103463085551
9.609999999999999 0.000102222968146
9.619999999999999 0.000100985097297
9.630000000000001 0.000099749468099
9.640000000000001 0.000098516075659
9.650000000000000 0.000097284915096
9.660000000000000 0.000096055981539
9.670000000000000 0.000094829270131
9.680000000000000 0.000093604776023
9.690000000000000 0.000092382494382
9.699999999999999 0.000091162420382
9.710000000000001 0.000090062338399
9.720000000000001 0.000088964238936
9.730000000000000 0.000087868117677
9.740000000000000 0.000086773970318
9.750000000000000 0.000085681792563
9.760000000000000 0.000084591580127
9.770000000000000 0.000083503328737
9.779999999999999 0.000082417034127
9.789999999999999 0.000081332692043
9.800000000000001 0.000080250298242
9.810000000000000 0.000079273695167
9.820000000000000 0.000078298842965
9.830000000000000 0.000077325737837
9.840000000000000 0.000076354375992
9.850000000000000 0.000075384753649
9.859999999999999 0.000074416867035
9.869999999999999 0.000073450712386
9.880000000000001 0.000072486285949
9.890000000000001 0.000071523583978
9.900000000000000 0.000070562602736
9.910000000000000 0.000069695629043
9.920000000000000 0.000068830201634
9.930000000000000 0.000067966317165
9.940000000000000 0.000067103972298
9.949999999999999 0.000066243163704
9.960000000000001 0.000065383888063
9.970000000000001 0.000064526142062
9.980000000000000 0.000063669922394
9.990000000000000 0.000062815225764
10.000000000000000 0.000061962048881
