0.000000000000000 0.000000000000000
0.010000000000000 0.000092805186880
0.020000000000000 0.000372211687038
0.030000000000000 0.000839548972201
0.040000000000000 0.001495940585039
0.050000000000000 0.002342308460099
0.060000000000000 0.003379377435436
0.070000000000000 0.004607679939826
0.080000000000000 0.006027560840334
0.090000000000000 0.007639182435071
0.100000000000000 0.009442529575985
0.110000000000000 0.011455208146717
0.120000000000000 0.013665456452009
0.130000000000000 0.016073445216220
0.140000000000000 0.018679158727553
0.150000000000000 0.021482400718026
0.160000000000000 0.024482800318283
0.170000000000000 0.027679818072276
0.180000000000000 0.031072751997254
0.190000000000000 0.034660743674959
0.200000000000000 0.038442784360400
0.210000000000000 0.042470467564746
0.220000000000000 0.046698939899616
0.230000000000000 0.051127196124794
0.240000000000000 0.055754080898887
0.250000000000000 0.060578295264434
0.260000000000000 0.065598403094807
0.270000000000000 0.070812837491748
0.280000000000000 0.076219907123051
0.290000000000000 0.081817802490504
0.300000000000000 0.087604602118899
0.310000000000000 0.093656030202651
0.320000000000000 0.099900749505255
0.330000000000000 0.106336725630571
0.340000000000000 0.112961821089374
0.350000000000000 0.119773801387620
0.360000000000000 0.126770340995941
0.370000000000000 0.133949029194652
0.380000000000000 0.141307375789126
0.390000000000000 0.148842816691016
0.400000000000000 0.156552719361335
0.410000000000000 0.164489247830571
0.420000000000000 0.172599018655917
0.430000000000000 0.180879263591928
0.440000000000000 0.189327161079224
0.450000000000000 0.197939841136261
0.460000000000000 0.206714390098214
0.470000000000000 0.215647855202138
0.480000000000000 0.224737249017994
0.490000000000000 0.233979553725483
0.500000000000000 0.243371725237025
0.510000000000000 0.252846629184297
0.520000000000000 0.262461579363659
0.530000000000000 0.272213472556725
0.540000000000000 0.282099197443933
0.550000000000000 0.292115637839168
0.560000000000000 0.302259675781254
0.570000000000000 0.312528194484608
0.580000000000000 0.322918081151516
0.590000000000000 0.333426229648658
0.600000000000000 0.344049543050620
0.610000000000000 0.354455324662006
0.620000000000000 0.364955600745144
0.630000000000000 0.375547383778383
0.640000000000000 0.386227713148439
0.650000000000000 0.396993656627979
0.660000000000000 0.407842311750647
0.670000000000000 0.418770807086856
0.680000000000000 0.429776303423693
0.690000000000000 0.440855994852285
0.700000000000000 0.452007109765933
0.710000000000000 0.462506865462614
0.720000000000000 0.473047671655149
0.730000000000000 0.483627084705691
0.740000000000000 0.494242708470103
0.750000000000000 0.504892194273013
0.760000000000000 0.515573240833253
0.770000000000000 0.526283594142464
0.780000000000000 0.537021047299591
0.790000000000000 0.547783440303883
0.800000000000000 0.558568659808951
0.810000000000000 0.568196802711176
0.820000000000000 0.577811095625385
0.830000000000000 0.587409954585644
0.840000000000000 0.596991848811623
0.850000000000000 0.606555299651222
0.860000000000000 0.616098879522467
0.870000000000000 0.625621210856098
0.880000000000000 0.635120965040222
0.890000000000000 0.644596861368267
0.900000000000000 0.654047665991442
0.910000000000000 0.661904001767373
0.920000000000000 0.669697862528968
0.930000000000000 0.677428658699681
0.940000000000000 0.685095847366288
0.950000000000000 0.692698930724097
0.960000000000000 0.700237454555660
0.970000000000000 0.707711006743003
0.980000000000000 0.715119215813355
0.990000000000000 0.722461749518298
1.000000000000000 0.729738313446224
1.010000000000000 0.735222757280973
1.020000000000000 0.740609340552675
1.030000000000000 0.745898397433363
1.040000000000000 0.751090294942300
1.050000000000000 0.756185431354241
1.060000000000000 0.761184234657442
1.070000000000000 0.766087161060433
1.080000000000000 0.770894693546622
1.090000000000000 0.775607340475722
1.100000000000000 0.780225634231028
1.110000000000000 0.783124299882455
1.120000000000000 0.785905523377396
1.130000000000000 0.788570348825514
1.140000000000000 0.791119837474315
1.150000000000000 0.793555066366518
1.160000000000000 0.795877127048854
1.170000000000000 0.798087124330872
1.180000000000000 0.800186175092350
1.190000000000000 0.802175407137937
1.200000000000000 0.804055958097672
1.210000000000000 0.804553895035750
1.220000000000000 0.804929852261177
1.230000000000000 0.805185304401339
1.240000000000000 0.805321729578870
1.250000000000000 0.805340608433570
1.260000000000000 0.805243423188579
1.270000000000000 0.805031656759354
1.280000000000000 0.804706791904040
1.290000000000000 0.804270310413858
1.300000000000000 0.803723692342148
1.310000000000000 0.802258471821139
1.320000000000000 0.800677918879432
1.330000000000000 0.798983680631816
1.340000000000000 0.797177397987446
1.350000000000000 0.795260705026072
1.360000000000000 0.793235228408048
1.370000000000000 0.791102586816884
1.380000000000000 0.788864390433132
1.390000000000000 0.786522240438453
1.400000000000000 0.784077728548700
1.410000000000000 0.781170724258027
1.420000000000000 0.778161521023057
1.430000000000000 0.775051749095233
1.440000000000000 0.771843026854266
1.450000000000000 0.768536960466576
1.460000000000000 0.765135143567347
1.470000000000000 0.761639156965253
1.480000000000000 0.758050568368940
1.490000000000000 0.754370932134362
1.500000000000000 0.750601789032118
1.510000000000000 0.746746282593506
1.520000000000000 0.742804320191384
1.530000000000000 0.738777400359323
1.540000000000000 0.734667007302095
1.550000000000000 0.730474610751015
1.560000000000000 0.726201665834671
1.570000000000000 0.721849612964373
1.580000000000000 0.717419877733644
1.590000000000000 0.712913870831143
1.600000000000000 0.708332987966401
1.610000000000000 0.703942925403910
1.620000000000000 0.699482194154785
1.630000000000000 0.694952105608229
1.640000000000000 0.690353956538558
1.650000000000000 0.685689029083706
1.660000000000000 0.680958590733139
1.670000000000000 0.676163894324687
1.680000000000000 0.671306178049884
1.690000000000000 0.666386665467362
1.700000000000000 0.661406565523909
1.710000000000000 0.656786345706292
1.720000000000000 0.652109788647417
1.730000000000000 0.647378005423447
1.740000000000000 0.642592093451077
1.750000000000000 0.637753136534878
1.760000000000000 0.632862204919994
1.770000000000000 0.627920355349884
1.780000000000000 0.622928631128825
1.790000000000000 0.617888062188901
1.800000000000000 0.612799665161218
1.810000000000000 0.608162889200478
1.820000000000000 0.603482063613080
1.830000000000000 0.598758109186880
1.840000000000000 0.593991934597846
1.850000000000000 0.589184436490203
1.860000000000000 0.584336499559346
1.870000000000000 0.579448996637330
1.880000000000000 0.574522788780758
1.890000000000000 0.569558725360905
1.900000000000000 0.564557644155896
1.910000000000000 0.560041562338338
1.920000000000000 0.555491573007462
1.930000000000000 0.550908428144083
1.940000000000000 0.546292869341604
1.950000000000000 0.541645627897036
1.960000000000000 0.536967424903221
1.970000000000000 0.532258971342144
1.980000000000000 0.527520968179230
1.990000000000000 0.522754106458511
2.000000000000000 0.517959067398579
2.010000000000000 0.513647504369980
2.020000000000000 0.509310204130787
2.030000000000000 0.504947774766248
2.040000000000000 0.500560815647522
2.050000000000000 0.496149917521296
2.060000000000000 0.491715662599702
2.070000000000000 0.487258624650474
2.080000000000000 0.482779369087283
2.090000000000000 0.478278453060187
2.100000000000000 0.473756425546132
2.110000000000000 0.469697984284089
2.120000000000000 0.465620282109516
2.130000000000000 0.461523807359178
2.140000000000000 0.457409041169743
2.150000000000000 0.453276457559798
2.160000000000000 0.449126523511688
2.170000000000000 0.444959699053144
2.180000000000000 0.440776437338658
2.190000000000000 0.436577184730582
2.200000000000000 0.432362380879905
2.210000000000000 0.428579249832561
2.220000000000000 0.424781927181363
2.230000000000000 0.420970803330403
2.240000000000000 0.417146262794993
2.250000000000000 0.413308684273574
2.260000000000000 0.409458440719220
2.270000000000000 0.405595899410711
2.280000000000000 0.401721422023168
2.290000000000000 0.397835364698214
2.300000000000000 0.393938078113679
2.310000000000000 0.390435715355412
2.320000000000000 0.386923092324502
2.330000000000000 0.383400520212021
2.340000000000000 0.379868305425683
2.350000000000000 0.376326749651190
2.360000000000000 0.372776149913087
2.370000000000000 0.369216798635125
2.380000000000000 0.365648983700101
2.390000000000000 0.362072988509188
2.400000000000000 0.358489092040750
2.410000000000000 0.355263203599979
2.420000000000000 0.352030080926606
2.430000000000000 0.348789971557690
2.440000000000000 0.345543119163099
2.450000000000000 0.342289763596898
2.460000000000000 0.339030140948239
2.470000000000000 0.335764483591755
2.480000000000000 0.332493020237447
2.490000000000000 0.329215975980070
2.500000000000000 0.325933572348008
2.510000000000000 0.322973106994829
2.520000000000000 0.320007719966650
2.530000000000000 0.317037607901409
2.540000000000000 0.314062964319927
2.550000000000000 0.311083979668418
2.560000000000000 0.308100841360541
2.570000000000000 0.305113733818991
2.580000000000000 0.302122838516623
2.590000000000000 0.299128334017116
2.600000000000000 0.296130396015185
2.610000000000000 0.293422454558871
2.620000000000000 0.290711345626671
2.630000000000000 0.287997225205104
2.640000000000000 0.285280246774038
2.650000000000000 0.282560561341537
2.660000000000000 0.279838317478305
2.670000000000000 0.277113661351711
2.680000000000000 0.274386736759420
2.690000000000000 0.271657685162612
2.700000000000000 0.268926645718801
2.710000000000000 0.266454623880281
2.720000000000000 0.263980753818804
2.730000000000000 0.261505159174617
2.740000000000000 0.259027961574372
2.750000000000000 0.256549280659520
2.760000000000000 0.254069234114350
2.770000000000000 0.251587937693686
2.780000000000000 0.249105505250227
2.790000000000000 0.246622048761550
2.800000000000000 0.244137678356765
2.810000000000000 0.241884437209346
2.820000000000000 0.239630330179743
2.830000000000000 0.237375455192501
2.840000000000000 0.235119908555462
2.850000000000000 0.232863784982803
2.860000000000000 0.230607177617774
2.870000000000000 0.228350178055151
2.880000000000000 0.226092876363382
2.890000000000000 0.223835361106459
2.900000000000000 0.221577719365494
2.910000000000000 0.219527013266228
2.920000000000000 0.217476162840091
2.930000000000000 0.215425245557020
2.940000000000000 0.213374337589421
2.950000000000000 0.211323513830806
2.960000000000000 0.209272847914177
2.970000000000000 0.207222412230168
2.980000000000000 0.205172277944940
2.990000000000000 0.203122515017848
3.000000000000000 0.201073192218854
3.010000000000000 0.199208415711659
3.020000000000000 0.197344016179082
3.030000000000000 0.195480054845080
3.040000000000000 0.193616591892047
3.050000000000000 0.191753686475856
3.060000000000000 0.189891396740695
3.070000000000000 0.188029779833709
3.080000000000000 0.186168891919433
3.090000000000000 0.184308788194035
3.100000000000000 0.182449522899363
3.110000000000000 0.180755096140080
3.120000000000000 0.179061414019341
3.130000000000000 0.177368524854701
3.140000000000000 0.175676476127376
3.150000000000000 0.173985314494375
3.160000000000000 0.172295085800453
3.170000000000000 0.170605835089914
3.180000000000000 0.168917606618246
3.190000000000000 0.167230443863589
3.200000000000000 0.165544389538054
3.210000000000000 0.164005809437221
3.220000000000000 0.162468224190796
3.230000000000000 0.160931671861468
3.240000000000000 0.159396189840145
3.250000000000000 0.157861814855729
3.260000000000000 0.156328582984748
3.270000000000000 0.154796529660857
3.280000000000000 0.153265689684210
3.290000000000000 0.151736097230697
3.300000000000000 0.150207785861050
3.310000000000000 0.148810905769324
3.320000000000000 0.147415182445281
3.330000000000000 0.146020645813805
3.340000000000000 0.144627325259780
3.350000000000000 0.143235249635953
3.360000000000000 0.141844447270702
3.370000000000000 0.140454945975688
3.380000000000000 0.139066773053398
3.390000000000000 0.137679955304590
3.400000000000000 0.136294519035624
3.410000000000000 0.135026942921347
3.420000000000000 0.133760618151119
3.430000000000000 0.132495568184235
3.440000000000000 0.131231816045741
3.450000000000000 0.129969384332774
3.460000000000000 0.128708295220816
3.470000000000000 0.127448570469856
3.480000000000000 0.126190231430470
3.490000000000000 0.124933299049811
3.500000000000000 0.123677793877520
3.510000000000000 0.122527815277419
3.520000000000000 0.121379132659486
3.530000000000000 0.120231764351357
3.540000000000000 0.119085728331269
3.550000000000000 0.117941042233165
3.560000000000000 0.116797723351736
3.570000000000000 0.115655788647384
3.580000000000000 0.114515254751124
3.590000000000000 0.113376137969410
3.600000000000000 0.112238454288892
3.610000000000000 0.111195298667085
3.620000000000000 0.110153446919401
3.630000000000000 0.109112913303210
3.640000000000000 0.108073711794591
3.650000000000000 0.107035856092457
3.660000000000000 0.105999359622610
3.670000000000000 0.104964235541751
3.680000000000000 0.103930496741426
3.690000000000000 0.102898155851919
3.700000000000000 0.101867225246086
3.710000000000000 0.100921032039672
3.720000000000000 0.099976123987336
3.730000000000000 0.099032512120743
3.740000000000000 0.098090207244985
3.750000000000000 0.097149219941909
3.760000000000000 0.096209560573390
3.770000000000000 0.095271239284561
3.780000000000000 0.094334266007001
3.790000000000000 0.093398650461875
3.800000000000000 0.092464402163027
3.810000000000000 0.091606724096281
3.820000000000000 0.090750292609231
3.830000000000000 0.089895116176872
3.840000000000000 0.089041203091711
3.850000000000000 0.088188561466452
3.860000000000000 0.087337199236637
3.870000000000000 0.086487124163257
3.880000000000000 0.085638343835320
3.890000000000000 0.084790865672384
3.900000000000000 0.083944696927057
3.910000000000000 0.083166770606823
3.920000000000000 0.082390040406946
3.930000000000000 0.081614512785025
3.940000000000000 0.080840194051553
3.950000000000000 0.080067090372086
3.960000000000000 0.079295207769376
3.970000000000000 0.078524552125481
3.980000000000000 0.077755129183840
3.990000000000000 0.076986944551320
4.000000000000000 0.076220003700239
4.010000000000000 0.075514199568452
4.020000000000000 0.074809533083451
4.030000000000000 0.074106009112051
4.040000000000000 0.073403632402426
4.050000000000000 0.072702407585864
4.060000000000000 0.072002339178492
4.070000000000000 0.071303431582982
4.080000000000000 0.070605689090234
4.090000000000000 0.069909115881024
4.100000000000000 0.069213716027648
4.110000000000000 0.068573300475298
4.120000000000000 0.067933959099138
4.130000000000000 0.067295695513882
4.140000000000000 0.066658513238550
4.150000000000000 0.066022415697885
4.160000000000000 0.065387406223751
4.170000000000000 0.064753488056512
4.180000000000000 0.064120664346398
4.190000000000000 0.063488938154836
4.200000000000000 0.062858312455784
4.210000000000000 0.062277512507772
4.220000000000000 0.061697720137730
4.230000000000000 0.061118937977340
4.240000000000000 0.060541168581129
4.250000000000000 0.059964414427619
4.260000000000000 0.059388677920464
4.270000000000000 0.058813961389561
4.280000000000000 0.058240267092155
4.290000000000000 0.057667597213926
4.300000000000000 0.057095953870061
4.310000000000000 0.056569178576940
4.320000000000000 0.056043343781212
4.330000000000000 0.055518451346783
4.340000000000000 0.054994503075366
4.350000000000000 0.054471500707411
4.360000000000000 0.053949445923027
4.370000000000000 0.053428340342882
4.380000000000000 0.052908185529100
4.390000000000000 0.052388982986143
4.400000000000000 0.051870734161674
4.410000000000000 0.051392664957625
4.420000000000000 0.050915470587727
4.430000000000000 0.050439152319331
4.440000000000000 0.049963711369649
4.450000000000000 0.049489148906510
4.460000000000000 0.049015466049106
4.470000000000000 0.048542663868726
4.480000000000000 0.048070743389484
4.490000000000000 0.047599705589029
4.500000000000000 0.047129551399255
4.510000000000000 0.046695767416595
4.520000000000000 0.046262794137997
4.530000000000000 0.045830632369837
4.540000000000000 0.045399282878098
4.550000000000000 0.044968746388989
4.560000000000000 0.044539023589552
4.570000000000000 0.044110115128252
4.580000000000000 0.043682021615573
4.590000000000000 0.043254743624594
4.600000000000000 0.042828281691563
4.610000000000000 0.042434583514004
4.620000000000000 0.042041634549890
4.630000000000000 0.041649435252270
4.640000000000000 0.041257986041679
4.650000000000000 0.040867287306636
4.660000000000000 0.040477339404136
4.670000000000000 0.040088142660137
4.680000000000000 0.039699697370037
4.690000000000000 0.039312003799146
4.700000000000000 0.038925062183150
4.710000000000000 0.038567652162154
4.720000000000000 0.038210932927773
4.730000000000000 0.037854904664876
4.740000000000000 0.037499567532182
4.750000000000000 0.037144921662661
4.760000000000000 0.036790967163941
4.770000000000000 0.036437704118696
4.780000000000000 0.036085132585039
4.790000000000000 0.035733252596906
4.800000000000000 0.035382064164431
4.810000000000000 0.035057581567157
4.820000000000000 0.034733734485288
4.830000000000000 0.034410522902826
4.840000000000000 0.034087946782767
4.850000000000000 0.033766006067431
4.860000000000000 0.033444700678789
4.870000000000000 0.033124030518781
4.880000000000000 0.032803995469637
4.890000000000000 0.032484595394187
4.900000000000000 0.032165830136170
4.910000000000000 0.031871165223914
4.920000000000000 0.031577083995091
4.930000000000000 0.031283586285762
4.940000000000000 0.030990671915138
4.950000000000000 0.030698340685855
4.960000000000000 0.030406592384231
4.970000000000000 0.030115426780535
4.980000000000000 0.029824843629244
4.990000000000000 0.029534842669293
5.000000000000000 0.029245423624331
5.010000000000000 0.028977816204359
5.020000000000000 0.028710743984540
5.030000000000000 0.028444206694605
5.040000000000000 0.028178204050800
5.050000000000000 0.027912735756106
5.060000000000000 0.027647801500454
5.070000000000000 0.027383400960937
5.080000000000000 0.027119533802024
5.090000000000000 0.026856199675765
5.100000000000000 0.026593398221996
5.110000000000000 0.026350336623021
5.120000000000000 0.026107765084056
5.130000000000000 0.025865683261004
5.140000000000000 0.025624090799002
5.150000000000000 0.025382987332595
5.160000000000000 0.025142372485918
5.170000000000000 0.024902245872868
5.180000000000000 0.024662607097273
5.190000000000000 0.024423455753066
5.200000000000000 0.024184791424448
5.210000000000000 0.023964007223050
5.220000000000000 0.023743671185212
5.230000000000000 0.023523782918280
5.240000000000000 0.023304342021025
5.250000000000000 0.023085348083796
5.260000000000000 0.022866800688658
5.270000000000000 0.022648699409535
5.280000000000000 0.022431043812353
5.290000000000000 0.022213833455173
5.300000000000000 0.021997067888333
5.310000000000000 0.021796427722726
5.320000000000000 0.021596197119612
5.330000000000000 0.021396375657031
5.340000000000000 0.021196962906221
5.350000000000000 0.020997958431736
5.360000000000000 0.020799361791568
5.370000000000000 0.020601172537257
5.380000000000000 0.020403390214012
5.390000000000000 0.020206014360816
5.400000000000000 0.020009044510543
5.410000000000000 0.019826735662368
5.420000000000000 0.019644800649307
5.430000000000000 0.019463239035135
5.440000000000000 0.019282050378256
5.450000000000000 0.019101234231799
5.460000000000000 0.018920790143714
5.470000000000000 0.018740717656867
5.480000000000000 0.018561016309131
5.490000000000000 0.018381685633481
5.500000000000000 0.018202725158083
5.510000000000000 0.018036942735794
5.520000000000000 0.017871501500489
5.530000000000000 0.017706401012524
5.540000000000000 0.017541640828031
5.550000000000000 0.017377220499001
5.560000000000000 0.017213139573359
5.570000000000000 0.017049397595041
5.580000000000000 0.016885994104074
5.590000000000000 0.016722928636644
5.600000000000000 0.016560200725177
5.610000000000000 0.016409544477449
5.620000000000000 0.016259199142023
5.630000000000000 0.016109164284662
5.640000000000000 0.015959439467833
5.650000000000000 0.015810024250774
5.660000000000000 0.015660918189553
5.670000000000000 0.015512120837135
5.680000000000000 0.015363631743441
5.690000000000000 0.015215450455413
5.700000000000000 0.015067576517071
5.710000000000000 0.014930602327354
5.720000000000000 0.014793911386512
5.730000000000000 0.014657503271619
5.740000000000000 0.014521377557197
5.750000000000000 0.014385533815268
5.760000000000000 0.014249971615406
5.770000000000000 0.014114690524788
5.780000000000000 0.013979690108246
5.790000000000000 0.013844969928315
5.800000000000000 0.013710529545285
5.810000000000000 0.013586002236267
5.820000000000000 0.013461732781567
5.830000000000000 0.013337720773987
5.840000000000000 0.013213965804369
5.850000000000000 0.013090467461644
5.860000000000000 0.012967225332870
5.870000000000000 0.012844239003277
5.880000000000000 0.012721508056304
5.890000000000000 0.012599032073646
5.900000000000000 0.012476810635288
5.910000000000000 0.012363534626954
5.920000000000000 0.012250493351247
5.930000000000000 0.012137686419408
5.940000000000000 0.012025113441195
5.950000000000000 0.011912774024922
5.960000000000000 0.011800667777490
5.970000000000000 0.011688794304422
5.980000000000000 0.011577153209898
5.990000000000000 0.011465744096786
6.000000000000000 0.011354566566678
6.010000000000000 0.011251492375599
6.020000000000000 0.011148631821458
6.030000000000000 0.011045984535722
6.040000000000000 0.010943550148753
6.050000000000000 0.010841328289840
6.060000000000000 0.010739318587225
6.070000000000000 0.010637520668131
6.080000000000000 0.010535934158792
6.090000000000000 0.010434558684478
6.100000000000000 0.010333393869522
6.110000000000000 0.010239655373959
6.120000000000000 0.010146111103147
6.130000000000000 0.010052760710108
6.140000000000000 0.009959603847059
6.150000000000000 0.009866640165442
6.160000000000000 0.009773869315940
6.170000000000000 0.009681290948505
6.180000000000000 0.009588904712378
6.190000000000000 0.009496710256109
6.200000000000000 0.009404707227585
6.210000000000000 0.009319426018254
6.220000000000000 0.009234321375892
6.230000000000000 0.009149392975357
6.240000000000000 0.009064640490946
6.250000000000000 0.008980063596406
6.260000000000000 0.008895661964959
6.270000000000000 0.008811435269318
6.280000000000000 0.008727383181705
6.290000000000000 0.008643505373870
6.300000000000000 0.008559801517109
6.310000000000000 0.008482228387657
6.320000000000000 0.008404815676290
6.330000000000000 0.008327563079732
6.340000000000000 0.008250470294328
6.350000000000000 0.008173537016058
6.360000000000000 0.008096762940555
6.370000000000000 0.008020147763121
6.380000000000000 0.007943691178738
6.390000000000000 0.007867392882084
6.400000000000000 0.007791252567551
6.410000000000000 0.007720620307718
6.420000000000000 0.007650133891033
6.430000000000000 0.007579793035357
6.440000000000000 0.007509597458317
6.450000000000000 0.007439546877319
6.460000000000000 0.007369641009561
6.470000000000000 0.007299879572044
6.480000000000000 0.007230262281584
6.490000000000000 0.007160788854828
6.500000000000000 0.007091459008258
6.510000000000000 0.007027185452585
6.520000000000000 0.006963044360490
6.530000000000000 0.006899035470530
6.540000000000000 0.006835158521139
6.550000000000000 0.006771413250643
6.560000000000000 0.006707799397265
6.570000000000000 0.006644316699137
6.580000000000000 0.006580964894311
6.590000000000000 0.006517743720764
6.600000000000000 0.006454652916416
6.610000000000000 0.006396147040302
6.620000000000000 0.006337761477802
6.630000000000000 0.006279495987249
6.640000000000000 0.006221350326942
6.650000000000000 0.006163324255154
6.660000000000000 0.006105417530136
6.670000000000000 0.006047629910129
6.680000000000000 0.005989961153372
6.690000000000000 0.005932411018105
6.700000000000000 0.005874979262586
6.710000000000000 0.005821742026876
6.720000000000000 0.005768613998660
6.730000000000000 0.005715594955194
6.740000000000000 0.005662684673760
6.750000000000000 0.005609882931680
6.760000000000000 0.005557189506312
6.770000000000000 0.005504604175068
6.780000000000000 0.005452126715413
6.790000000000000 0.005399756904873
6.800000000000000 0.005347494521042
6.810000000000000 0.005299009597613
6.820000000000000 0.005250623863889
6.830000000000000 0.005202337114818
6.840000000000000 0.005154149145422
6.850000000000000 0.005106059750804
6.860000000000000 0.005058068726156
6.870000000000000 0.005010175866763
6.880000000000000 0.004962380968007
6.890000000000000 0.004914683825373
6.900000000000000 0.004867084234453
6.910000000000000 0.004822934128470
6.920000000000000 0.004778874077832
6.930000000000000 0.004734903894166
6.940000000000000 0.004691023389211
6.950000000000000 0.004647232374820
6.960000000000000 0.004603530662966
6.970000000000000 0.004559918065746
6.980000000000000 0.004516394395383
6.990000000000000 0.004472959464237
7.000000000000000 0.004429613084799
7.010000000000000 0.004389424157372
7.020000000000000 0.004349316945153
7.030000000000000 0.004309291275454
7.040000000000000 0.004269346975723
7.050000000000000 0.004229483873545
7.060000000000000 0.004189701796648
7.070000000000000 0.004150000572904
7.080000000000000 0.004110380030334
7.090000000000000 0.004070839997110
7.100000000000000 0.004031380301559
7.110000000000000 0.003994791237148
7.120000000000000 0.003958276317940
7.130000000000000 0.003921835385844
7.140000000000000 0.003885468282914
7.150000000000000 0.003849174851361
7.160000000000000 0.003812954933549
7.170000000000000 0.003776808372002
7.180000000000000 0.003740735009403
7.190000000000000 0.003704734688603
7.200000000000000 0.003668807252614
7.210000000000000 0.003635475878565
7.220000000000000 0.003602211810007
7.230000000000000 0.003569014902310
7.240000000000000 0.003535885011006
7.250000000000000 0.003502821991787
7.260000000000000 0.003469825700509
7.270000000000000 0.003436895993194
7.280000000000000 0.003404032726030
7.290000000000000 0.003371235755379
7.300000000000000 0.003338504937772
7.310000000000000 0.003308147226198
7.320000000000000 0.003277850588815
7.330000000000000 0.003247614893505
7.340000000000000 0.003217440008311
7.350000000000000 0.003187325801442
7.360000000000000 0.003157272141273
7.370000000000000 0.003127278896349
7.380000000000000 0.003097345935384
7.390000000000000 0.003067473127266
7.400000000000000 0.003037660341053
7.410000000000000 0.003010024067250
7.420000000000000 0.002982443177907
7.430000000000000 0.002954917552527
7.440000000000000 0.002927447070773
7.450000000000000 0.002900031612477
7.460000000000000 0.002872671057634
7.470000000000000 0.002845365286409
7.480000000000000 0.002818114179135
7.490000000000000 0.002790917616316
7.500000000000000 0.002763775478627
7.510000000000000 0.002738608372391
7.520000000000000 0.002713491501121
7.530000000000000 0.002688424754987
7.540000000000000 0.002663408024321
7.550000000000000 0.002638441199617
7.560000000000000 0.002613524171532
7.570000000000000 0.002588656830889
7.580000000000000 0.002563839068675
7.590000000000000 0.002539070776044
7.600000000000000 0.002514351844316
7.610000000000000 0.002491414279373
7.620000000000000 0.002468522311919
7.630000000000000 0.002445675841849
7.640000000000000 0.002422874769218
7.650000000000000 0.002400118994238
7.660000000000000 0.002377408417278
7.670000000000000 0.002354742938867
7.680000000000000 0.002332122459694
7.690000000000000 0.002309546880608
7.700000000000000 0.002287016102622
7.710000000000000 0.002266127839491
7.720000000000000 0.002245280924605
7.730000000000000 0.002224475266882
7.740000000000000 0.002203710775389
7.750000000000000 0.002182987359345
7.760000000000000 0.002162304928119
7.770000000000000 0.002141663391236
7.780000000000000 0.002121062658370
7.790000000000000 0.002100502639353
7.800000000000000 0.002079983244168
7.810000000000000 0.002060960650680
7.820000000000000 0.002041975549385
7.830000000000000 0.002023027857465
7.840000000000000 0.002004117492246
7.850000000000000 0.001985244371197
7.860000000000000 0.001966408411934
7.870000000000000 0.001947609532216
7.880000000000000 0.001928847649947
7.890000000000000 0.001910122683178
7.900000000000000 0.001891434550106
7.910000000000000 0.001874109193415
7.920000000000000 0.001856817832881
7.930000000000000 0.001839560393244
7.940000000000000 0.001822336799381
7.950000000000000 0.001805146976303
7.960000000000000 0.001787990849160
7.970000000000000 0.001770868343237
7.980000000000000 0.001753779383959
7.990000000000000 0.001736723896884
8.000000000000000 0.001719701807713
8.010000000000000 0.001703914346255
8.020000000000000 0.001688157724141
8.029999999999999 0.001672431872985
8.039999999999999 0.001656736724528
8.050000000000001 0.001641072210642
8.060000000000000 0.001625438263325
8.070000000000000 0.001609834814703
8.080000000000000 0.001594261797033
8.090000000000000 0.001578719142701
8.100000000000000 0.001563206784221
8.109999999999999 0.001548827431781
8.119999999999999 0.001534476039423
8.130000000000001 0.001520152545075
8.140000000000001 0.001505856886781
8.150000000000000 0.001491589002706
8.160000000000000 0.001477348831137
8.170000000000000 0.001463136310477
8.180000000000000 0.001448951379254
8.190000000000000 0.001434793976114
8.199999999999999 0.001420664039824
8.210000000000001 0.001407565281000
8.220000000000001 0.001394491873856
8.230000000000000 0.001381443762068
8.240000000000000 0.001368420889421
8.250000000000000 0.001355423199812
8.260000000000000 0.001342450637252
8.270000000000000 0.001329503145862
8.279999999999999 0.001316580669875
8.289999999999999 0.001303683153639
8.300000000000001 0.001290810541610
8.310000000000000 0.001278881201070
8.320000000000000 0.001266974840025
8.330000000000000 0.001255091407400
8.340000000000000 0.001243230852229
8.350000000000000 0.001231393123645
8.359999999999999 0.001219578170889
8.369999999999999 0.001207785943301
8.380000000000001 0.001196016390329
8.390000000000001 0.001184269461524
8.400000000000000 0.001172545106539
8.410000000000000 0.001161679144982
8.420000000000000 0.001150834014730
8.430000000000000 0.001140009669487
8.440000000000000 0.001129206063051
8.449999999999999 0.001118423149318
8.460000000000001 0.001107660882280
8.470000000000001 0.001096919216023
8.480000000000000 0.001086198104731
8.490000000000000 0.001075497502683
8.500000000000000 0.001064817364255
8.510000000000000 0.001054915815791
8.520000000000000 0.001045033158466
8.529999999999999 0.001035169350308
8.539999999999999 0.001025324349437
8.550000000000001 0.001015498114060
8.560000000000000 0.001005690602473
8.570000000000000 0.000995901773060
8.580000000000000 0.000986131584296
8.590000000000000 0.000976379994742
8.600000000000000 0.000966646963048
8.609999999999999 0.000957629633049
8.619999999999999 0.000948629423459
8.630000000000001 0.000939646296267
8.640000000000001 0.000930680213545
8.650000000000000 0.000921731137446
8.660000000000000 0.000912799030204
8.670000000000000 0.000903883854137
8.680000000000000 0.000894985571641
8.690000000000000 0.000886104145195
8.699999999999999 0.000877239537362
8.710000000000001 0.000869026409018
8.720000000000001 0.000860828797749
8.730000000000000 0.000852646669136
8.740000000000000 0.000844479988837
8.750000000000000 0.000836328722585
8.760000000000000 0.000828192836187
8.770000000000000 0.000820072295526
8.779999999999999 0.000811967066559
8.789999999999999 0.000803877115318
8.800000000000001 0.000795802407910
8.810000000000000 0.000788317742542
8.820000000000000 0.000780847148297
8.830000000000000 0.000773390594004
8.840000000000000 0.000765948048558
8.850000000000000 0.000758519480925
8.859999999999999 0.000751104860138
8.869999999999999 0.000743704155285
8.880000000000001 0.000736317335569
8.890000000000001 0.000728944370212
8.900000000000000 0.000721585228540
8.910000000000000 0.000714770321746
8.920000000000000 0.000707968163193
8.930000000000000 0.000701178724682
8.940000000000000 0.000694401978075
8.949999999999999 0.000687637895298
8.960000000000001 0.000680886448339
8.970000000000001 0.000674147609250
8.980000000000000 0.000667421350145
8.990000000000000 0.000660707643201
9.000000000000000 0.000654006460658
9.010000000000000 0.000647801291685
9.020000000000000 0.000641607672306
9.029999999999999 0.000635425577016
9.039999999999999 0.000629254980366
9.050000000000001 0.000623095856965
9.060000000000000 0.000616948181482
9.070000000000000 0.000610811928640
9.080000000000000 0.000604687073222
9.090000000000000 0.000598573590066
9.100000000000000 0.000592471454068
9.109999999999999 0.000586815667961
9.119999999999999 0.000581170356242
9.130000000000001 0.000575535495824
9.140000000000001 0.000569911063672
9.150000000000000 0.000564297036804
9.160000000000000 0.000558693392290
9.170000000000000 0.000553100107251
9.180000000000000 0.000547517158864
9.190000000000000 0.000541944524354
9.199999999999999 0.000536382181002
9.210000000000001 0.000531231613235
9.220000000000001 0.000526090536170
9.230000000000000 0.000520958928930
9.240000000000000 0.000515836770688
9.250000000000000 0.000510724040663
9.260000000000000 0.000505620718124
9.270000000000000 0.000500526782386
9.279999999999999 0.000495442212812
9.289999999999999 0.000490366988814
9.300000000000001 0.000485301089850
9.310000000000000 0.000480611192308
9.320000000000000 0.000475929892954
9.330000000000000 0.000471257172916
9.340000000000000 0.000466593013369
9.350000000000000 0.000461937395530
9.359999999999999 0.000457290300659
9.369999999999999 0.000452651710062
9.380000000000001 0.000448021605086
9.390000000000001 0.000443399967122
9.400000000000000 0.000438786777605
9.410000000000000 0.000434512770021
9.420000000000000 0.000430246558615
9.430000000000000 0.000425988126320
9.440000000000000 0.000421737456106
9.449999999999999 0.000417494530984
9.460000000000001 0.000413259334005
9.470000000000001 0.000409031848257
9.480000000000000 0.000404812056872
9.490000000000000 0.000400599943018
9.500000000000000 0.000396395489903
9.510000000000000 0.000392504220800
9.520000000000000 0.000388620013736
9.529999999999999 0.000384742853288
9.539999999999999 0.000380872724073
9.550000000000001 0.000377009610739
9.560000000000000 0.000373153497973
9.570000000000000 0.000369304370499
9.580000000000000 0.000365462213074
9.590000000000000 0.000361627010492
9.600000000000000 0.000357798747583
9.609999999999999 0.000354253293221
9.619999999999999 0.000350714240739
9.630000000000001 0.000347181576196
9.640000000000001 0.000343655285683
9.650000000000000 0.000340135355322
9.660000000000000 0.000336621771269
9.670000000000000 0.000333114519713
9.680000000000000 0.000329613586875
9.690000000000000 0.000326118959008
9.699999999999999 0.000322630622398
9.710000000000001 0.000319402226552
9.720000000000001 0.000316179630528
9.730000000000000 0.000312962821731
9.740000000000000 0.000309751787595
9.750000000000000 0.000306546515585
9.760000000000000 0.000303346993193
9.770000000000000 0.000300153207943
9.779999999999999 0.000296965147389
9.789999999999999 0.000293782799111
9.800000000000001 0.000290606150723
9.810000000000000 0.000287664879159
9.820000000000000 0.000284728864872
9.830000000000000 0.000281798096477
9.840000000000000 0.000278872562618
9.850000000000000 0.000275952251966
9.859999999999999 0.000273037153217
9.869999999999999 0.000270127255095
9.880000000000001 0.000267222546352
9.890000000000001 0.000264323015764
9.900000000000000 0.000261428652135
9.910000000000000 0.000258748689115
9.920000000000000 0.000256073492116
9.930000000000000 0.000253403050851
9.940000000000000 0.000250737355055
9.949999999999999 0.000248076394489
9.960000000000001 0.000245420158937
9.970000000000001 0.000242768638209
9.980000000000000 0.000240121822137
9.990000000000000 0.000237479700579
10.000000000000000 0.000234842263417
