0.000000000000000 0.000000000000000
0.010000000000000 0.000220082174344
0.020000000000000 0.000880810650224
0.030000000000000 0.001982606094412
0.040000000000000 0.003525494124235
0.050000000000000 0.005509115558741
0.060000000000000 0.007932736992572
0.070000000000000 0.010795261660084
0.080000000000000 0.014095240557404
0.090000000000000 0.017830883790372
0.100000000000000 0.022000072116732
0.110000000000000 0.026604083771878
0.120000000000000 0.031637794255609
0.130000000000000 0.037098310329144
0.140000000000000 0.042982450538566
0.150000000000000 0.049286757342997
0.160000000000000 0.056007509267566
0.170000000000000 0.063140733054591
0.180000000000000 0.070682215787445
0.190000000000000 0.078627516962706
0.200000000000000 0.086971980487325
0.210000000000000 0.095672693375562
0.220000000000000 0.104756031365407
0.230000000000000 0.114216461052201
0.240000000000000 0.124048297666381
0.250000000000000 0.134245716047009
0.260000000000000 0.144802761415855
0.270000000000000 0.155713359938463
0.280000000000000 0.166971329059837
0.290000000000000 0.178570387603565
0.300000000000000 0.190504165624366
0.310000000000000 0.202551759274138
0.320000000000000 0.214897545038124
0.330000000000000 0.227534427981615
0.340000000000000 0.240455302338895
0.350000000000000 0.253653058890842
0.360000000000000 0.267120592052551
0.370000000000000 0.280850806670545
0.380000000000000 0.294836624529871
0.390000000000000 0.309070990572162
0.400000000000000 0.323546878826372
0.410000000000000 0.337612738668972
0.420000000000000 0.351856479624000
0.430000000000000 0.366270744367082
0.440000000000000 0.380848286586259
0.450000000000000 0.395581973401117
0.460000000000000 0.410464787536081
0.470000000000000 0.425489829255748
0.480000000000000 0.440650318070300
0.490000000000000 0.455939594219144
0.500000000000000 0.471351119940993
0.510000000000000 0.485715436968926
0.520000000000000 0.500122687908813
0.530000000000000 0.514566642346967
0.540000000000000 0.529041252982913
0.550000000000000 0.543540653509267
0.560000000000000 0.558059156373964
0.570000000000000 0.572591250434360
0.580000000000000 0.587131598512381
0.590000000000000 0.601675034859627
0.600000000000000 0.616216562540994
0.610000000000000 0.628864769271406
0.620000000000000 0.641418497502842
0.630000000000000 0.653873628441592
0.640000000000000 0.666226251339440
0.650000000000000 0.678472658034122
0.660000000000000 0.690609337520694
0.670000000000000 0.702632970560341
0.680000000000000 0.714540424332662
0.690000000000000 0.726328747137082
0.700000000000000 0.737995163148558
0.710000000000000 0.747347692329607
0.720000000000000 0.756497448786985
0.730000000000000 0.765442822147241
0.740000000000000 0.774182388052113
0.750000000000000 0.782714901346909
0.760000000000000 0.791039289408131
0.770000000000000 0.799154645612189
0.780000000000000 0.807060222946705
0.790000000000000 0.814755427765559
0.800000000000000 0.822239813688483
0.810000000000000 0.827280304268237
0.820000000000000 0.832047724567454
0.830000000000000 0.836542776520018
0.840000000000000 0.840766301268560
0.850000000000000 0.844719272552939
0.860000000000000 0.848402790289105
0.870000000000000 0.851818074336375
0.880000000000000 0.854966458450956
0.890000000000000 0.857849384423358
0.900000000000000 0.860468396397164
0.910000000000000 0.861294148235114
0.920000000000000 0.861825139097884
0.930000000000000 0.862063685700008
0.940000000000000 0.862012189979101
0.950000000000000 0.861673133747079
0.960000000000000 0.861049073527898
0.970000000000000 0.860142635577910
0.980000000000000 0.858956511084887
0.990000000000000 0.857493451541696
1.000000000000000 0.855756264290621
1.010000000000000 0.853102141521079
1.020000000000000 0.850167905579743
1.030000000000000 0.846956701951601
1.040000000000000 0.843471715860258
1.050000000000000 0.839716168467202
1.060000000000000 0.835693313224184
1.070000000000000 0.831406432374476
1.080000000000000 0.826858833598870
1.090000000000000 0.822053846802260
1.100000000000000 0.816994821036747
1.110000000000000 0.811953132060442
1.120000000000000 0.806668140670267
1.130000000000000 0.801143162463547
1.140000000000000 0.795381521478000
1.150000000000000 0.789386547771762
1.160000000000000 0.783161575114727
1.170000000000000 0.776709938787630
1.180000000000000 0.770034973485351
1.190000000000000 0.763140011321001
1.200000000000000 0.756028379927417
1.210000000000000 0.749642562181401
1.220000000000000 0.743058199507665
1.230000000000000 0.736278364591325
1.240000000000000 0.729306120694026
1.250000000000000 0.722144520259545
1.260000000000000 0.714796603593668
1.270000000000000 0.707265397615647
1.280000000000000 0.699553914678652
1.290000000000000 0.691665151456669
1.300000000000000 0.683602087895386
1.310000000000000 0.676652042349611
1.320000000000000 0.669546522590038
1.330000000000000 0.662288172751312
1.340000000000000 0.654879619402930
1.350000000000000 0.647323470828274
1.360000000000000 0.639622316350207
1.370000000000000 0.631778725701390
1.380000000000000 0.623795248437554
1.390000000000000 0.615674413391987
1.400000000000000 0.607418728169575
1.410000000000000 0.600455250675739
1.420000000000000 0.593373649940823
1.430000000000000 0.586176093656556
1.440000000000000 0.578864729804967
1.450000000000000 0.571441686342408
1.460000000000000 0.563909070911327
1.470000000000000 0.556268970578559
1.480000000000000 0.548523451599016
1.490000000000000 0.540674559203650
1.500000000000000 0.532724317410625
1.510000000000000 0.526071595482847
1.520000000000000 0.519330973840276
1.530000000000000 0.512504176408206
1.540000000000000 0.505592908401826
1.550000000000000 0.498598856234611
1.560000000000000 0.491523687442484
1.570000000000000 0.484369050623004
1.580000000000000 0.477136575388884
1.590000000000000 0.469827872335113
1.600000000000000 0.462444533019061
1.610000000000000 0.456284099790030
1.620000000000000 0.450059319882681
1.630000000000000 0.443771536242467
1.640000000000000 0.437422075485202
1.650000000000000 0.431012247918782
1.660000000000000 0.424543347573430
1.670000000000000 0.418016652240023
1.680000000000000 0.411433423516067
1.690000000000000 0.404794906858904
1.700000000000000 0.398102331645752
1.710000000000000 0.392515963015485
1.720000000000000 0.386883132526837
1.730000000000000 0.381204871818512
1.740000000000000 0.375482198959641
1.750000000000000 0.369716118520940
1.760000000000000 0.363907621650169
1.770000000000000 0.358057686151637
1.780000000000000 0.352167276569505
1.790000000000000 0.346237344274627
1.800000000000000 0.340268827554710
1.810000000000000 0.335280336722234
1.820000000000000 0.330258743217207
1.830000000000000 0.325204831483506
1.840000000000000 0.320119375041365
1.850000000000000 0.315003136573437
1.860000000000000 0.309856868012794
1.870000000000000 0.304681310632718
1.880000000000000 0.299477195138144
1.890000000000000 0.294245241758599
1.900000000000000 0.288986160342531
1.910000000000000 0.284585253953472
1.920000000000000 0.280161101958170
1.930000000000000 0.275714296078508
1.940000000000000 0.271245419434644
1.950000000000000 0.266755046628708
1.960000000000000 0.262243743829185
1.970000000000000 0.257712068855879
1.980000000000000 0.253160571265388
1.990000000000000 0.248589792437022
2.000000000000000 0.244000265659065
2.010000000000000 0.240153148695185
2.020000000000000 0.236289973952520
2.030000000000000 0.232411185113454
2.040000000000000 0.228517219190839
2.050000000000000 0.224608506601840
2.060000000000000 0.220685471241828
2.070000000000000 0.216748530558265
2.080000000000000 0.212798095624527
2.090000000000000 0.208834571213655
2.100000000000000 0.204858355871957
2.110000000000000 0.201522409431971
2.120000000000000 0.198175597741834
2.130000000000000 0.194818251690635
2.140000000000000 0.191450697057335
2.150000000000000 0.188073254572418
2.160000000000000 0.184686239979293
2.170000000000000 0.181289964095423
2.180000000000000 0.177884732873166
2.190000000000000 0.174470847460298
2.200000000000000 0.171048604260205
2.210000000000000 0.168176250771360
2.220000000000000 0.165296742898078
2.230000000000000 0.162410326211036
2.240000000000000 0.159517242401974
2.250000000000000 0.156617729333381
2.260000000000000 0.153712021087814
2.270000000000000 0.150800348016879
2.280000000000000 0.147882936789825
2.290000000000000 0.144960010441774
2.300000000000000 0.142031788421559
2.310000000000000 0.139574422697204
2.320000000000000 0.137112522409903
2.330000000000000 0.134646268961633
2.340000000000000 0.132175840832457
2.350000000000000 0.129701413619573
2.360000000000000 0.127223160076029
2.370000000000000 0.124741250149067
2.380000000000000 0.122255851018110
2.390000000000000 0.119767127132391
2.400000000000000 0.117275240248202
2.410000000000000 0.115185990438451
2.420000000000000 0.113094028697582
2.430000000000000 0.110999488376118
2.440000000000000 0.108902500638340
2.450000000000000 0.106803194492447
2.460000000000000 0.104701696820395
2.470000000000000 0.102598132407420
2.480000000000000 0.100492623971240
2.490000000000000 0.098385292190940
2.500000000000000 0.096276255735545
2.510000000000000 0.094510273011131
2.520000000000000 0.092742822457692
2.530000000000000 0.090974001625321
2.540000000000000 0.089203906437868
2.550000000000000 0.087432631215906
2.560000000000000 0.085660268699416
2.570000000000000 0.083886910070226
2.580000000000000 0.082112644974169
2.590000000000000 0.080337561542990
2.600000000000000 0.078561746415985
2.610000000000000 0.077078007270728
2.620000000000000 0.075593628541871
2.630000000000000 0.074108681201338
2.640000000000000 0.072623235018264
2.650000000000000 0.071137358576279
2.660000000000000 0.069651119290568
2.670000000000000 0.068164583424727
2.680000000000000 0.066677816107407
2.690000000000000 0.065190881348745
2.700000000000000 0.063703842056590
2.710000000000000 0.062463960721369
2.720000000000000 0.061223972427323
2.730000000000000 0.059983928532551
2.740000000000000 0.058743879509954
2.750000000000000 0.057503874960111
2.760000000000000 0.056263963624000
2.770000000000000 0.055024193395551
2.780000000000000 0.053784611334031
2.790000000000000 0.052545263676273
2.800000000000000 0.051306195848740
2.810000000000000 0.050276729822789
2.820000000000000 0.049247481605474
2.830000000000000 0.048218488113035
2.840000000000000 0.047189785613964
2.850000000000000 0.046161409738526
2.860000000000000 0.045133395488151
2.870000000000000 0.044105777244707
2.880000000000000 0.043078588779636
2.890000000000000 0.042051863262981
2.900000000000000 0.041025633272280
2.910000000000000 0.040176197054643
2.920000000000000 0.039327159975576
2.930000000000000 0.038478548382885
2.940000000000000 0.037630388152997
2.950000000000000 0.036782704697940
2.960000000000000 0.035935522972231
2.970000000000000 0.035088867479669
2.980000000000000 0.034242762280024
2.990000000000000 0.033397230995652
3.000000000000000 0.032552296818000
3.010000000000000 0.031855968591552
3.020000000000000 0.031160124023389
3.030000000000000 0.030464781769645
3.040000000000000 0.029769960145408
3.050000000000000 0.029075677129789
3.060000000000000 0.028381950370944
3.070000000000000 0.027688797191002
3.080000000000000 0.026996234590942
3.090000000000000 0.026304279255394
3.100000000000000 0.025612947557371
3.110000000000000 0.025046182181665
3.120000000000000 0.024479921496237
3.130000000000000 0.023914178590693
3.140000000000000 0.023348966309449
3.150000000000000 0.022784297255403
3.160000000000000 0.022220183793549
3.170000000000000 0.021656638054543
3.180000000000000 0.021093671938223
3.190000000000000 0.020531297117067
3.200000000000000 0.019969525039617
3.210000000000000 0.019511754859125
3.220000000000000 0.019054470646828
3.230000000000000 0.018597681491216
3.240000000000000 0.018141396305739
3.250000000000000 0.017685623831426
3.260000000000000 0.017230372639487
3.270000000000000 0.016775651133860
3.280000000000000 0.016321467553732
3.290000000000000 0.015867829976022
3.300000000000000 0.015414746317824
3.310000000000000 0.015048045476430
3.320000000000000 0.014681788846367
3.330000000000000 0.014315982663496
3.340000000000000 0.013950633039658
3.350000000000000 0.013585745964537
3.360000000000000 0.013221327307508
3.370000000000000 0.012857382819451
3.380000000000000 0.012493918134537
3.390000000000000 0.012130938771993
3.400000000000000 0.011768450137844
3.410000000000000 0.011477317116279
3.420000000000000 0.011186574987942
3.430000000000000 0.010896227973363
3.440000000000000 0.010606280205936
3.450000000000000 0.010316735733232
3.460000000000000 0.010027598518299
3.470000000000000 0.009738872440940
3.480000000000000 0.009450561298975
3.490000000000000 0.009162668809480
3.500000000000000 0.008875198610016
3.510000000000000 0.008646433990624
3.520000000000000 0.008418002862800
3.530000000000000 0.008189908036886
3.540000000000000 0.007962152262596
3.550000000000000 0.007734738229941
3.560000000000000 0.007507668570129
3.570000000000000 0.007280945856458
3.580000000000000 0.007054572605197
3.590000000000000 0.006828551276454
3.600000000000000 0.006602884275027
3.610000000000000 0.006425081093694
3.620000000000000 0.006247555091070
3.630000000000000 0.006070308103853
3.640000000000000 0.005893341927006
3.650000000000000 0.005716658314390
3.660000000000000 0.005540258979391
3.670000000000000 0.005364145595533
3.680000000000000 0.005188319797088
3.690000000000000 0.005012783179674
3.700000000000000 0.004837537300844
3.710000000000000 0.004701075053530
3.720000000000000 0.004564837655738
3.730000000000000 0.004428826281055
3.740000000000000 0.004293042074690
3.750000000000000 0.004157486153903
3.760000000000000 0.004022159608437
3.770000000000000 0.003887063500934
3.780000000000000 0.003752198867353
3.790000000000000 0.003617566717374
3.800000000000000 0.003483168034804
3.810000000000000 0.003379897650879
3.820000000000000 0.003276805482059
3.830000000000000 0.003173892258150
3.840000000000000 0.003071158689928
3.850000000000000 0.002968605469430
3.860000000000000 0.002866233270244
3.870000000000000 0.002764042747789
3.880000000000000 0.002662034539596
3.890000000000000 0.002560209265581
3.900000000000000 0.002458567528320
3.910000000000000 0.002381659954468
3.920000000000000 0.002304890370650
3.930000000000000 0.002228259215725
3.940000000000000 0.002151766915994
3.950000000000000 0.002075413885397
3.960000000000000 0.001999200525702
3.970000000000000 0.001923127226690
3.980000000000000 0.001847194366345
3.990000000000000 0.001771402311031
4.000000000000000 0.001695751415675
4.010000000000000 0.001639501688676
4.020000000000000 0.001583356272813
4.030000000000000 0.001527315421033
4.040000000000000 0.001471379378149
4.050000000000000 0.001415548380968
4.060000000000000 0.001359822658410
4.070000000000000 0.001304202431632
4.080000000000000 0.001248687914151
4.090000000000000 0.001193279311961
4.100000000000000 0.001137976823649
4.110000000000000 0.001097704982786
4.120000000000000 0.001057509951388
4.130000000000000 0.001017391867208
4.140000000000000 0.000977350862846
4.150000000000000 0.000937387065825
4.160000000000000 0.000897500598669
4.170000000000000 0.000857691578988
4.180000000000000 0.000817960119545
4.190000000000000 0.000778306328342
4.200000000000000 0.000738730308686
4.210000000000000 0.000710590570021
4.220000000000000 0.000682505808383
4.230000000000000 0.000654476093022
4.240000000000000 0.000626501490000
4.250000000000000 0.000598582062245
4.260000000000000 0.000570717869594
4.270000000000000 0.000542908968847
4.280000000000000 0.000515155413810
4.290000000000000 0.000487457255346
4.300000000000000 0.000459814541422
4.310000000000000 0.000440708306538
4.320000000000000 0.000421640180994
4.330000000000000 0.000402610195423
4.340000000000000 0.000383618378546
4.350000000000000 0.000364664757200
4.360000000000000 0.000345749356373
4.370000000000000 0.000326872199226
4.380000000000000 0.000308033307131
4.390000000000000 0.000289232699691
4.400000000000000 0.000270470394775
4.410000000000000 0.000257929234500
4.420000000000000 0.000245413543056
4.430000000000000 0.000232923330896
4.440000000000000 0.000220458607371
4.450000000000000 0.000208019380740
4.460000000000000 0.000195605658188
4.470000000000000 0.000183217445848
4.480000000000000 0.000170854748814
4.490000000000000 0.000158517571161
4.500000000000000 0.000146205915956
4.510000000000000 0.000138300157987
4.520000000000000 0.000130410712566
4.530000000000000 0.000122537580785
4.540000000000000 0.000114680763122
4.550000000000000 0.000106840259454
4.560000000000000 0.000099016069059
4.570000000000000 0.000091208190635
4.580000000000000 0.000083416622301
4.590000000000000 0.000075641361612
4.600000000000000 0.000067882405569
4.610000000000000 0.000063133183821
4.620000000000000 0.000058393905444
4.630000000000000 0.000053664568064
4.640000000000000 0.000048945168986
4.650000000000000 0.000044235705195
4.660000000000000 0.000039536173365
4.670000000000000 0.000034846569863
4.680000000000000 0.000030166890752
4.690000000000000 0.000025497131800
4.700000000000000 0.000020837288480
4.710000000000000 0.000018733518890
4.720000000000000 0.000016634209366
4.730000000000000 0.000014539357658
4.740000000000000 0.000012448961394
4.750000000000000 0.000010363018078
4.760000000000000 0.000008281525093
4.770000000000000 0.000006204479702
4.780000000000000 0.000004131879054
4.790000000000000 0.000002063720180
4.800000000000000 0.000000000000000
4.810000000000000 0.000000000000000
4.820000000000000 0.000000000000000
4.830000000000000 0.000000000000000
4.840000000000000 0.000000000000000
4.850000000000000 0.000000000000000
4.860000000000000 0.000000000000000
4.870000000000000 0.000000000000000
4.880000000000000 0.000000000000000
4.890000000000000 0.000000000000000
4.900000000000000 -0.000000000000000
4.910000000000000 0.000000000000000
4.920000000000000 0.000000000000000
4.930000000000000 0.000000000000000
4.940000000000000 0.000000000000000
4.950000000000000 0.000000000000000
4.960000000000000 0.000000000000000
4.970000000000000 0.000000000000000
4.980000000000000 0.000000000000000
4.990000000000000 0.000000000000000
5.000000000000000 -0.000000000000000
5.010000000000000 0.000000000000000
5.020000000000000 0.000000000000000
5.030000000000000 0.000000000000000
5.040000000000000 0.000000000000000
5.050000000000000 0.000000000000000
5.060000000000000 0.000000000000000
5.070000000000000 0.000000000000000
5.080000000000000 0.000000000000000
5.090000000000000 0.000000000000000
5.100000000000000 -0.000000000000000
5.110000000000000 0.000000000000000
5.120000000000000 0.000000000000000
5.130000000000000 0.000000000000000
5.140000000000000 0.000000000000000
5.150000000000000 0.000000000000000
5.160000000000000 0.000000000000000
5.170000000000000 0.000000000000000
5.180000000000000 0.000000000000000
5.190000000000000 0.000000000000000
5.200000000000000 -0.000000000000000
5.210000000000000 0.000000000000000
5.220000000000000 0.000000000000000
5.230000000000000 0.000000000000000
5.240000000000000 0.000000000000000
5.250000000000000 0.000000000000000
5.260000000000000 0.000000000000000
5.270000000000000 0.000000000000000
5.280000000000000 0.000000000000000
5.290000000000000 0.000000000000000
5.300000000000000 0.000000000000000
5.310000000000000 0.000000000000000
5.320000000000000 0.000000000000000
5.330000000000000 0.000000000000000
5.340000000000000 0.000000000000000
5.350000000000000 0.000000000000000
5.360000000000000 0.000000000000000
5.370000000000000 0.000000000000000
5.380000000000000 0.000000000000000
5.390000000000000 0.000000000000000
5.400000000000000 -0.000000000000000
5.410000000000000 0.000000000000000
5.420000000000000 0.000000000000000
5.430000000000000 0.000000000000000
5.440000000000000 0.000000000000000
5.450000000000000 0.000000000000000
5.460000000000000 0.000000000000000
5.470000000000000 0.000000000000000
5.480000000000000 0.000000000000000
5.490000000000000 0.000000000000000
5.500000000000000 -0.000000000000000
5.510000000000000 0.000000000000000
5.520000000000000 0.000000000000000
5.530000000000000 0.000000000000000
5.540000000000000 0.000000000000000
5.550000000000000 0.000000000000000
5.560000000000000 0.000000000000000
5.570000000000000 0.000000000000000
5.580000000000000 0.000000000000000
5.590000000000000 0.000000000000000
5.600000000000000 -0.000000000000000
5.610000000000000 0.000000000000000
5.620000000000000 0.000000000000000
5.630000000000000 0.000000000000000
5.640000000000000 0.000000000000000
5.650000000000000 0.000000000000000
5.660000000000000 0.000000000000000
5.670000000000000 0.000000000000000
5.680000000000000 0.000000000000000
5.690000000000000 0.000000000000000
5.700000000000000 -0.000000000000000
5.710000000000000 0.000000000000000
5.720000000000000 0.000000000000000
5.730000000000000 0.000000000000000
5.740000000000000 0.000000000000000
5.750000000000000 0.000000000000000
5.760000000000000 0.000000000000000
5.770000000000000 0.000000000000000
5.780000000000000 0.000000000000000
5.790000000000000 0.000000000000000
5.800000000000000 0.000000000000000
5.810000000000000 0.000000000000000
5.820000000000000 0.000000000000000
5.830000000000000 0.000000000000000
5.840000000000000 0.000000000000000
5.850000000000000 0.000000000000000
5.860000000000000 0.000000000000000
5.870000000000000 0.000000000000000
5.880000000000000 0.000000000000000
5.890000000000000 0.000000000000000
5.900000000000000 -0.000000000000000
5.910000000000000 0.000000000000000
5.920000000000000 0.000000000000000
5.930000000000000 0.000000000000000
5.940000000000000 0.000000000000000
5.950000000000000 0.000000000000000
5.960000000000000 0.000000000000000
5.970000000000000 0.000000000000000
5.980000000000000 0.000000000000000
5.990000000000000 0.000000000000000
6.000000000000000 -0.000000000000000
6.010000000000000 0.000000000000000
6.020000000000000 0.000000000000000
6.030000000000000 0.000000000000000
6.040000000000000 0.000000000000000
6.050000000000000 0.000000000000000
6.060000000000000 0.000000000000000
6.070000000000000 0.000000000000000
6.080000000000000 0.000000000000000
6.090000000000000 0.000000000000000
6.100000000000000 -0.000000000000000
6.110000000000000 0.000000000000000
6.120000000000000 0.000000000000000
6.130000000000000 0.000000000000000
6.140000000000000 0.000000000000000
6.150000000000000 0.000000000000000
6.160000000000000 0.000000000000000
6.170000000000000 0.000000000000000
6.180000000000000 0.000000000000000
6.190000000000000 0.000000000000000
6.200000000000000 -0.000000000000000
6.210000000000000 0.000000000000000
6.220000000000000 0.000000000000000
6.230000000000000 0.000000000000000
6.240000000000000 0.000000000000000
6.250000000000000 0.000000000000000
6.260000000000000 0.000000000000000
6.270000000000000 0.000000000000000
6.280000000000000 0.000000000000000
6.290000000000000 0.000000000000000
6.300000000000000 0.000000000000000
6.310000000000000 0.000000000000000
6.320000000000000 0.000000000000000
6.330000000000000 0.000000000000000
6.340000000000000 0.000000000000000
6.350000000000000 0.000000000000000
6.360000000000000 0.000000000000000
6.370000000000000 0.000000000000000
6.380000000000000 0.000000000000000
6.390000000000000 0.000000000000000
6.400000000000000 -0.000000000000000
6.410000000000000 0.000000000000000
6.420000000000000 0.000000000000000
6.430000000000000 0.000000000000000
6.440000000000000 0.000000000000000
6.450000000000000 0.000000000000000
6.460000000000000 0.000000000000000
6.470000000000000 0.000000000000000
6.480000000000000 0.000000000000000
6.490000000000000 0.000000000000000
6.500000000000000 -0.000000000000000
6.510000000000000 0.000000000000000
6.520000000000000 0.000000000000000
6.530000000000000 0.000000000000000
6.540000000000000 0.000000000000000
6.550000000000000 0.000000000000000
6.560000000000000 0.000000000000000
6.570000000000000 0.000000000000000
6.580000000000000 0.000000000000000
6.590000000000000 0.000000000000000
6.600000000000000 -0.000000000000000
6.610000000000000 0.000000000000000
6.620000000000000 0.000000000000000
6.630000000000000 0.000000000000000
6.640000000000000 0.000000000000000
6.650000000000000 0.000000000000000
6.660000000000000 0.000000000000000
6.670000000000000 0.000000000000000
6.680000000000000 0.000000000000000
6.690000000000000 0.000000000000000
6.700000000000000 -0.000000000000000
6.710000000000000 0.000000000000000
6.720000000000000 0.000000000000000
6.730000000000000 0.000000000000000
6.740000000000000 0.000000000000000
6.750000000000000 0.000000000000000
6.760000000000000 0.000000000000000
6.770000000000000 0.000000000000000
6.780000000000000 0.000000000000000
6.790000000000000 0.000000000000000
6.800000000000000 0.000000000000000
6.810000000000000 0.000000000000000
6.820000000000000 0.000000000000000
6.830000000000000 0.000000000000000
6.840000000000000 0.000000000000000
6.850000000000000 0.000000000000000
6.860000000000000 0.000000000000000
6.870000000000000 0.000000000000000
6.880000000000000 0.000000000000000
6.890000000000000 0.000000000000000
6.900000000000000 -0.000000000000000
6.910000000000000 0.000000000000000
6.920000000000000 0.000000000000000
6.930000000000000 0.000000000000000
6.940000000000000 0.000000000000000
6.950000000000000 0.000000000000000
6.960000000000000 0.000000000000000
6.970000000000000 0.000000000000000
6.980000000000000 0.000000000000000
6.990000000000000 0.000000000000000
7.000000000000000 -0.000000000000000
7.010000000000000 0.000000000000000
7.020000000000000 0.000000000000000
7.030000000000000 0.000000000000000
7.040000000000000 0.000000000000000
7.050000000000000 0.000000000000000
7.060000000000000 0.000000000000000
7.070000000000000 0.000000000000000
7.080000000000000 0.000000000000000
7.090000000000000 0.000000000000000
7.100000000000000 -0.000000000000000
7.110000000000000 0.000000000000000
7.120000000000000 0.000000000000000
7.130000000000000 0.000000000000000
7.140000000000000 0.000000000000000
7.150000000000000 0.000000000000000
7.160000000000000 0.000000000000000
7.170000000000000 0.000000000000000
7.180000000000000 0.000000000000000
7.190000000000000 0.000000000000000
7.200000000000000 -0.000000000000000
7.210000000000000 0.000000000000000
7.220000000000000 0.000000000000000
7.230000000000000 0.000000000000000
7.240000000000000 0.000000000000000
7.250000000000000 0.000000000000000
7.260000000000000 0.000000000000000
7.270000000000000 0.000000000000000
7.280000000000000 0.000000000000000
7.290000000000000 0.000000000000000
7.300000000000000 0.000000000000000
7.310000000000000 0.000000000000000
7.320000000000000 0.000000000000000
7.330000000000000 0.000000000000000
7.340000000000000 0.000000000000000
7.350000000000000 0.000000000000000
7.360000000000000 0.000000000000000
7.370000000000000 0.000000000000000
7.380000000000000 0.000000000000000
7.390000000000000 0.000000000000000
7.400000000000000 -0.000000000000000
7.410000000000000 0.000000000000000
7.420000000000000 0.000000000000000
7.430000000000000 0.000000000000000
7.440000000000000 0.000000000000000
7.450000000000000 0.000000000000000
7.460000000000000 0.000000000000000
7.470000000000000 0.000000000000000
7.480000000000000 0.000000000000000
7.490000000000000 0.000000000000000
7.500000000000000 -0.000000000000000
7.510000000000000 0.000000000000000
7.520000000000000 0.000000000000000
7.530000000000000 0.000000000000000
7.540000000000000 0.000000000000000
7.550000000000000 0.000000000000000
7.560000000000000 0.000000000000000
7.570000000000000 0.000000000000000
7.580000000000000 0.000000000000000
7.590000000000000 0.000000000000000
7.600000000000000 -0.000000000000000
7.610000000000000 0.000000000000000
7.620000000000000 0.000000000000000
7.630000000000000 0.000000000000000
7.640000000000000 0.000000000000000
7.650000000000000 0.000000000000000
7.660000000000000 0.000000000000000
7.670000000000000 0.000000000000000
7.680000000000000 0.000000000000000
7.690000000000000 0.000000000000000
7.700000000000000 -0.000000000000000
7.710000000000000 0.000000000000000
7.720000000000000 0.000000000000000
7.730000000000000 0.000000000000000
7.740000000000000 0.000000000000000
7.750000000000000 0.000000000000000
7.760000000000000 0.000000000000000
7.770000000000000 0.000000000000000
7.780000000000000 0.000000000000000
7.790000000000000 0.000000000000000
7.800000000000000 0.000000000000000
7.810000000000000 0.000000000000000
7.820000000000000 0.000000000000000
7.830000000000000 0.000000000000000
7.840000000000000 0.000000000000000
7.850000000000000 0.000000000000000
7.860000000000000 0.000000000000000
7.870000000000000 0.000000000000000
7.880000000000000 0.000000000000000
7.890000000000000 0.000000000000000
7.900000000000000 -0.000000000000000
7.910000000000000 0.000000000000000
7.920000000000000 0.000000000000000
7.930000000000000 0.000000000000000
7.940000000000000 0.000000000000000
7.950000000000000 0.000000000000000
7.960000000000000 0.000000000000000
7.970000000000000 0.000000000000000
7.980000000000000 0.000000000000000
7.990000000000000 0.000000000000000
8.000000000000000 -0.000000000000000
8.010000000000000 0.000000000000000
8.020000000000000 0.000000000000000
8.029999999999999 0.000000000000000
8.039999999999999 0.000000000000000
8.050000000000001 0.000000000000000
8.060000000000000 0.000000000000000
8.070000000000000 0.000000000000000
8.080000000000000 0.000000000000000
8.090000000000000 0.000000000000000
8.100000000000000 -0.000000000000000
8.109999999999999 0.000000000000000
8.119999999999999 0.000000000000000
8.130000000000001 0.000000000000000
8.140000000000001 0.000000000000000
8.150000000000000 0.000000000000000
8.160000000000000 0.000000000000000
8.170000000000000 0.000000000000000
8.180000000000000 0.000000000000000
8.190000000000000 0.000000000000000
8.199999999999999 0.000000000000000
8.210000000000001 0.000000000000000
8.220000000000001 0.000000000000000
8.230000000000000 0.000000000000000
8.240000000000000 0.000000000000000
8.250000000000000 0.000000000000000
8.260000000000000 0.000000000000000
8.270000000000000 0.000000000000000
8.279999999999999 0.000000000000000
8.289999999999999 0.000000000000000
8.300000000000001 -0.000000000000000
8.310000000000000 0.000000000000000
8.320000000000000 0.000000000000000
8.330000000000000 0.000000000000000
8.340000000000000 0.000000000000000
8.350000000000000 0.000000000000000
8.359999999999999 0.000000000000000
8.369999999999999 0.000000000000000
8.380000000000001 0.000000000000000
8.390000000000001 0.000000000000000
8.400000000000000 -0.000000000000000
8.410000000000000 0.000000000000000
8.420000000000000 0.000000000000000
8.430000000000000 0.000000000000000
8.440000000000000 0.000000000000000
8.449999999999999 0.000000000000000
8.460000000000001 0.000000000000000
8.470000000000001 0.000000000000000
8.480000000000000 0.000000000000000
8.490000000000000 0.000000000000000
8.500000000000000 -0.000000000000000
8.510000000000000 0.000000000000000
8.520000000000000 0.000000000000000
8.529999999999999 0.000000000000000
8.539999999999999 0.000000000000000
8.550000000000001 0.000000000000000
8.560000000000000 0.000000000000000
8.570000000000000 0.000000000000000
8.580000000000000 0.000000000000000
8.590000000000000 0.000000000000000
8.600000000000000 -0.000000000000000
8.609999999999999 0.000000000000000
8.619999999999999 0.000000000000000
8.630000000000001 0.000000000000000
8.640000000000001 0.000000000000000
8.650000000000000 0.000000000000000
8.660000000000000 0.000000000000000
8.670000000000000 0.000000000000000
8.680000000000000 0.000000000000000
8.690000000000000 0.000000000000000
8.699999999999999 -0.000000000000000
8.710000000000001 0.000000000000000
8.720000000000001 0.000000000000000
8.730000000000000 0.000000000000000
8.740000000000000 0.000000000000000
8.750000000000000 0.000000000000000
8.760000000000000 0.000000000000000
8.770000000000000 0.000000000000000
8.779999999999999 0.000000000000000
8.789999999999999 0.000000000000000
8.800000000000001 -0.000000000000000
8.810000000000000 0.000000000000000
8.820000000000000 0.000000000000000
8.830000000000000 0.000000000000000
8.840000000000000 0.000000000000000
8.850000000000000 0.000000000000000
8.859999999999999 0.000000000000000
8.869999999999999 0.000000000000000
8.880000000000001 0.000000000000000
8.890000000000001 0.000000000000000
8.900000000000000 -0.000000000000000
8.910000000000000 0.000000000000000
8.920000000000000 0.000000000000000
8.930000000000000 0.000000000000000
8.940000000000000 0.000000000000000
8.949999999999999 0.000000000000000
8.960000000000001 0.000000000000000
8.970000000000001 0.000000000000000
8.980000000000000 0.000000000000000
8.990000000000000 0.000000000000000
9.000000000000000 -0.000000000000000
9.010000000000000 0.000000000000000
9.020000000000000 0.000000000000000
9.029999999999999 0.000000000000000
9.039999999999999 0.000000000000000
9.050000000000001 0.000000000000000
9.060000000000000 0.000000000000000
9.070000000000000 0.000000000000000
9.080000000000000 0.000000000000000
9.090000000000000 0.000000000000000
9.100000000000000 -0.000000000000000
9.109999999999999 0.000000000000000
9.119999999999999 0.000000000000000
9.130000000000001 0.000000000000000
9.140000000000001 0.000000000000000
9.150000000000000 0.000000000000000
9.160000000000000 0.000000000000000
9.170000000000000 0.000000000000000
9.180000000000000 0.000000000000000
9.190000000000000 0.000000000000000
9.199999999999999 -0.000000000000000
9.210000000000001 0.000000000000000
9.220000000000001 0.000000000000000
9.230000000000000 0.000000000000000
9.240000000000000 0.000000000000000
9.250000000000000 0.000000000000000
9.260000000000000 0.000000000000000
9.270000000000000 0.000000000000000
9.279999999999999 0.000000000000000
9.289999999999999 0.000000000000000
9.300000000000001 -0.000000000000000
9.310000000000000 0.000000000000000
9.320000000000000 0.000000000000000
9.330000000000000 0.000000000000000
9.340000000000000 0.000000000000000
9.350000000000000 0.000000000000000
9.359999999999999 0.000000000000000
9.369999999999999 0.000000000000000
9.380000000000001 0.000000000000000
9.390000000000001 0.000000000000000
9.400000000000000 -0.000000000000000
9.410000000000000 0.000000000000000
9.420000000000000 0.000000000000000
9.430000000000000 0.000000000000000
9.440000000000000 0.000000000000000
9.449999999999999 0.000000000000000
9.460000000000001 0.000000000000000
9.470000000000001 0.000000000000000
9.480000000000000 0.000000000000000
9.490000000000000 0.000000000000000
9.500000000000000 -0.000000000000000
9.510000000000000 0.000000000000000
9.520000000000000 0.000000000000000
9.529999999999999 0.000000000000000
9.539999999999999 0.000000000000000
9.550000000000001 0.000000000000000
9.560000000000000 0.000000000000000
9.570000000000000 0.000000000000000
9.580000000000000 0.000000000000000
9.590000000000000 0.000000000000000
9.600000000000000 0.000000000000000
9.609999999999999 0.000000000000000
9.619999999999999 0.000000000000000
9.630000000000001 0.000000000000000
9.640000000000001 0.000000000000000
9.650000000000000 0.000000000000000
9.660000000000000 0.000000000000000
9.670000000000000 0.000000000000000
9.680000000000000 0.000000000000000
9.690000000000000 0.000000000000000
9.699999999999999 -0.000000000000000
9.710000000000001 0.000000000000000
9.720000000000001 0.000000000000000
9.730000000000000 0.000000000000000
9.740000000000000 0.000000000000000
9.750000000000000 0.000000000000000
9.760000000000000 0.000000000000000
9.770000000000000 0.000000000000000
9.779999999999999 0.000000000000000
9.789999999999999 0.000000000000000
9.800000000000001 -0.000000000000000
9.810000000000000 0.000000000000000
9.820000000000000 0.000000000000000
9.830000000000000 0.000000000000000
9.840000000000000 0.000000000000000
9.850000000000000 0.000000000000000
9.859999999999999 0.000000000000000
9.869999999999999 0.000000000000000
9.880000000000001 0.000000000000000
9.890000000000001 0.000000000000000
9.900000000000000 -0.000000000000000
9.910000000000000 0.000000000000000
9.920000000000000 0.000000000000000
9.930000000000000 0.000000000000000
9.940000000000000 0.000000000000000
9.949999999999999 0.000000000000000
9.960000000000001 0.000000000000000
9.970000000000001 0.000000000000000
9.980000000000000 0.000000000000000
9.990000000000000 0.000000000000000
10.000000000000000 -0.000000000000000
