0.000000000000000 0.000000000000000
0.010000000000000 0.000073914787045
0.020000000000000 0.000296618819188
0.030000000000000 0.000669420231666
0.040000000000000 0.001193454634684
0.050000000000000 0.001869688554428
0.060000000000000 0.002698923037786
0.070000000000000 0.003681797408410
0.080000000000000 0.004818793161664
0.090000000000000 0.006110237986010
0.100000000000000 0.007556309898371
0.110000000000000 0.009175592452650
0.120000000000000 0.010956083863357
0.130000000000000 0.012898254528479
0.140000000000000 0.015002410828154
0.150000000000000 0.017268699989460
0.160000000000000 0.019697115026264
0.170000000000000 0.022287499741302
0.180000000000000 0.025039553778002
0.190000000000000 0.027952837709894
0.200000000000000 0.031026778155847
0.210000000000000 0.034320683374949
0.220000000000000 0.037784165950025
0.230000000000000 0.041416756812291
0.240000000000000 0.045217845982585
0.250000000000000 0.049186688193782
0.260000000000000 0.053322408494247
0.270000000000000 0.057624007822084
0.280000000000000 0.062090368540523
0.290000000000000 0.066720259925301
0.300000000000000 0.071512343595463
0.310000000000000 0.076574745611483
0.320000000000000 0.081808398214191
0.330000000000000 0.087211935177605
0.340000000000000 0.092783882598105
0.350000000000000 0.098522664510594
0.360000000000000 0.104426608411206
0.370000000000000 0.110493950680555
0.380000000000000 0.116722841902084
0.390000000000000 0.123111352070593
0.400000000000000 0.129657475686573
0.410000000000000 0.136490355686123
0.420000000000000 0.143486749065818
0.430000000000000 0.150644545100556
0.440000000000000 0.157961564313570
0.450000000000000 0.165435563383003
0.460000000000000 0.173064239914074
0.470000000000000 0.180845237075052
0.480000000000000 0.188776148095722
0.490000000000000 0.196854520627382
0.500000000000000 0.205077860963794
0.510000000000000 0.213527052238584
0.520000000000000 0.222120893340164
0.530000000000000 0.230856795032210
0.540000000000000 0.239732138054432
0.550000000000000 0.248744276826622
0.560000000000000 0.257890543013471
0.570000000000000 0.267168248951507
0.580000000000000 0.276574690939699
0.590000000000000 0.286107152395484
0.600000000000000 0.295762906878181
0.610000000000000 0.305448917647728
0.620000000000000 0.315248774117742
0.630000000000000 0.325159755696581
0.640000000000000 0.335179145156598
0.650000000000000 0.345304230906780
0.660000000000000 0.355532309150669
0.670000000000000 0.365860685932378
0.680000000000000 0.376286679073558
0.690000000000000 0.386807620004244
0.700000000000000 0.397420855490514
0.710000000000000 0.407708347103268
0.720000000000000 0.418068493245006
0.730000000000000 0.428498822940937
0.740000000000000 0.438996892274864
0.750000000000000 0.449560285284807
0.760000000000000 0.460186614785156
0.770000000000000 0.470873523118167
0.780000000000000 0.481618682837591
0.790000000000000 0.492419797327155
0.800000000000000 0.503274601356601
0.810000000000000 0.513314050020110
0.820000000000000 0.523378770740786
0.830000000000000 0.533466883129378
0.840000000000000 0.543576545616213
0.850000000000000 0.553705955253713
0.860000000000000 0.563853347489657
0.870000000000000 0.574016995913071
0.880000000000000 0.584195211974599
0.890000000000000 0.594386344683111
0.900000000000000 0.604588780280260
0.910000000000000 0.613470196594262
0.920000000000000 0.622330053875143
0.930000000000000 0.631167280628047
0.940000000000000 0.639980844435069
0.950000000000000 0.648769751080456
0.960000000000000 0.657533043682515
0.970000000000000 0.666269801832926
0.980000000000000 0.674979140744103
0.990000000000000 0.683660210405204
1.000000000000000 0.692312194747327
1.010000000000000 0.699266282362641
1.020000000000000 0.706159394053048
1.030000000000000 0.712991316197073
1.040000000000000 0.719761866100919
1.050000000000000 0.726470890861086
1.060000000000000 0.733118266255926
1.070000000000000 0.739703895665805
1.080000000000000 0.746227709021537
1.090000000000000 0.752689661780746
1.100000000000000 0.759089733931767
1.110000000000000 0.763678683761103
1.120000000000000 0.768179723504153
1.130000000000000 0.772593382319066
1.140000000000000 0.776920208119135
1.150000000000000 0.781160766488623
1.160000000000000 0.785315639636028
1.170000000000000 0.789385425383876
1.180000000000000 0.793370736194124
1.190000000000000 0.797272198228277
1.200000000000000 0.801090450441327
1.210000000000000 0.803260825596306
1.220000000000000 0.805330153823012
1.230000000000000 0.807299492425691
1.240000000000000 0.809169905295688
1.250000000000000 0.810942462052936
1.260000000000000 0.812618237223570
1.270000000000000 0.814198309452516
1.280000000000000 0.815683760749995
1.290000000000000 0.817075675770832
1.300000000000000 0.818375141125551
1.310000000000000 0.818393340115950
1.320000000000000 0.818309295774867
1.330000000000000 0.818124356098188
1.340000000000000 0.817839866016117
1.350000000000000 0.817457166808452
1.360000000000000 0.816977595549531
1.370000000000000 0.816402484581806
1.380000000000000 0.815733161017003
1.390000000000000 0.814970946263899
1.400000000000000 0.814117155581712
1.410000000000000 0.812424858056593
1.420000000000000 0.810637409148541
1.430000000000000 0.808756246916945
1.440000000000000 0.806782800053557
1.450000000000000 0.804718487542287
1.460000000000000 0.802564718340897
1.470000000000000 0.800322891083677
1.480000000000000 0.797994393804326
1.490000000000000 0.795580603678196
1.500000000000000 0.793082886783130
1.510000000000000 0.790161717350478
1.520000000000000 0.787157009151394
1.530000000000000 0.784070151189869
1.540000000000000 0.780902519843529
1.550000000000000 0.777655478707538
1.560000000000000 0.774330378453341
1.570000000000000 0.770928556701580
1.580000000000000 0.767451337908599
1.590000000000000 0.763900033265925
1.600000000000000 0.760275940612137
1.610000000000000 0.756559926593117
1.620000000000000 0.752773567026293
1.630000000000000 0.748918122295473
1.640000000000000 0.744994839150103
1.650000000000000 0.741004950671400
1.660000000000000 0.736949676247841
1.670000000000000 0.732830221559555
1.680000000000000 0.728647778571206
1.690000000000000 0.724403525532930
1.700000000000000 0.720098626988936
1.710000000000000 0.715934870109769
1.720000000000000 0.711713653467163
1.730000000000000 0.707436074658189
1.740000000000000 0.703103218060015
1.750000000000000 0.698716154868280
1.760000000000000 0.694275943140950
1.770000000000000 0.689783627847368
1.780000000000000 0.685240240922194
1.790000000000000 0.680646801323975
1.800000000000000 0.676004315098062
1.810000000000000 0.671648236742923
1.820000000000000 0.667246282997276
1.830000000000000 0.662799383735325
1.840000000000000 0.658308456790146
1.850000000000000 0.653774408029036
1.860000000000000 0.649198131431781
1.870000000000000 0.644580509171657
1.880000000000000 0.639922411698980
1.890000000000000 0.635224697827035
1.900000000000000 0.630488214820197
1.910000000000000 0.626117788414750
1.920000000000000 0.621711391873454
1.930000000000000 0.617269798374081
1.940000000000000 0.612793770552086
1.950000000000000 0.608284060590296
1.960000000000000 0.603741410309933
1.970000000000000 0.599166551262839
1.980000000000000 0.594560204824791
1.990000000000000 0.589923082289807
2.000000000000000 0.585255884965332
2.010000000000000 0.580987814514316
2.020000000000000 0.576691970461593
2.030000000000000 0.572368987634362
2.040000000000000 0.568019491866032
2.050000000000000 0.563644100086956
2.060000000000000 0.559243420415556
2.070000000000000 0.554818052249752
2.080000000000000 0.550368586358633
2.090000000000000 0.545895604974313
2.100000000000000 0.541399681883893
2.110000000000000 0.537307066953138
2.120000000000000 0.533193315888712
2.130000000000000 0.529058945459083
2.140000000000000 0.524904464893247
2.150000000000000 0.520730375965432
2.160000000000000 0.516537173079644
2.170000000000000 0.512325343354039
2.180000000000000 0.508095366705074
2.190000000000000 0.503847715931401
2.200000000000000 0.499582856797469
2.210000000000000 0.495707546391155
2.220000000000000 0.491816393204470
2.230000000000000 0.487909815485664
2.240000000000000 0.483988225237232
2.250000000000000 0.480052028291347
2.260000000000000 0.476101624384896
2.270000000000000 0.472137407234086
2.280000000000000 0.468159764608605
2.290000000000000 0.464169078405325
2.300000000000000 0.460165724721522
2.310000000000000 0.456528637358650
2.320000000000000 0.452879882298146
2.330000000000000 0.449219796742524
2.340000000000000 0.445548712761878
2.350000000000000 0.441866957359112
2.360000000000000 0.438174852534649
2.370000000000000 0.434472715350634
2.380000000000000 0.430760857994603
2.390000000000000 0.427039587842617
2.400000000000000 0.423309207521852
2.410000000000000 0.419917659622742
2.420000000000000 0.416517708925454
2.430000000000000 0.413109626571385
2.440000000000000 0.409693679507563
2.450000000000000 0.406270130541929
2.460000000000000 0.402839238398109
2.470000000000000 0.399401257769647
2.480000000000000 0.395956439373716
2.490000000000000 0.392505030004283
2.500000000000000 0.389047272584748
2.510000000000000 0.385899233999527
2.520000000000000 0.382745326779064
2.530000000000000 0.379585768564061
2.540000000000000 0.376420773579719
2.550000000000000 0.373250552681980
2.560000000000000 0.370075313403281
2.570000000000000 0.366895259997803
2.580000000000000 0.363710593486229
2.590000000000000 0.360521511700006
2.600000000000000 0.357328209325112
2.610000000000000 0.354416248969729
2.620000000000000 0.351500373287660
2.630000000000000 0.348580756753095
2.640000000000000 0.345657571065425
2.650000000000000 0.342730985187560
2.660000000000000 0.339801165383800
2.670000000000000 0.336868275257268
2.680000000000000 0.333932475786889
2.690000000000000 0.330993925363944
2.700000000000000 0.328052779828172
2.710000000000000 0.325366004469717
2.720000000000000 0.322676808307527
2.730000000000000 0.319985331076662
2.740000000000000 0.317291710260981
2.750000000000000 0.314596081124683
2.760000000000000 0.311898576743464
2.770000000000000 0.309199328035285
2.780000000000000 0.306498463790761
2.790000000000000 0.303796110703167
2.800000000000000 0.301092393398065
2.810000000000000 0.298618188545030
2.820000000000000 0.296142696704390
2.830000000000000 0.293666029691592
2.840000000000000 0.291188297497017
2.850000000000000 0.288709608311835
2.860000000000000 0.286230068553516
2.870000000000000 0.283749782891024
2.880000000000000 0.281268854269677
2.890000000000000 0.278787383935689
2.900000000000000 0.276305471460392
2.910000000000000 0.274030413081226
2.920000000000000 0.271754918931676
2.930000000000000 0.269479078405757
2.940000000000000 0.267202979418312
2.950000000000000 0.264926708426123
2.960000000000000 0.262650350448754
2.970000000000000 0.260373989089104
2.980000000000000 0.258097706553698
2.990000000000000 0.255821583672705
3.000000000000000 0.253545699919687
3.010000000000000 0.251455990838869
3.020000000000000 0.249366476698400
3.030000000000000 0.247277228897533
3.040000000000000 0.245188317636555
3.050000000000000 0.243099811933998
3.060000000000000 0.241011779643623
3.070000000000000 0.238924287471166
3.080000000000000 0.236837400990869
3.090000000000000 0.234751184661777
3.100000000000000 0.232665701843820
3.110000000000000 0.230747643006757
3.120000000000000 0.228830238436074
3.130000000000000 0.226913545093540
3.140000000000000 0.224997618968701
3.150000000000000 0.223082515092897
3.160000000000000 0.221168287553081
3.170000000000000 0.219254989505458
3.180000000000000 0.217342673188927
3.190000000000000 0.215431389938348
3.200000000000000 0.213521190197619
3.210000000000000 0.211761731493314
3.220000000000000 0.210003253404080
3.230000000000000 0.208245801305694
3.240000000000000 0.206489419785189
3.250000000000000 0.204734152652251
3.260000000000000 0.202980042950471
3.270000000000000 0.201227132968431
3.280000000000000 0.199475464250645
3.290000000000000 0.197725077608340
3.300000000000000 0.195976013130095
3.310000000000000 0.194362821225496
3.320000000000000 0.192750833504628
3.330000000000000 0.191140086044427
3.340000000000000 0.189530614281582
3.350000000000000 0.187922453021807
3.360000000000000 0.186315636448991
3.370000000000000 0.184710198134219
3.380000000000000 0.183106171044664
3.390000000000000 0.181503587552358
3.400000000000000 0.179902479442838
3.410000000000000 0.178423743712366
3.420000000000000 0.176946357046039
3.430000000000000 0.175470348060417
3.440000000000000 0.173995744851988
3.450000000000000 0.172522575004718
3.460000000000000 0.171050865597489
3.470000000000000 0.169580643211443
3.480000000000000 0.168111933937209
3.490000000000000 0.166644763382044
3.500000000000000 0.165179156676862
3.510000000000000 0.163823840869713
3.520000000000000 0.162469959014113
3.530000000000000 0.161117533741823
3.540000000000000 0.159766587261854
3.550000000000000 0.158417141366604
3.560000000000000 0.157069217437917
3.570000000000000 0.155722836453056
3.580000000000000 0.154378018990592
3.590000000000000 0.153034785236207
3.600000000000000 0.151693154988420
3.610000000000000 0.150451238256446
3.620000000000000 0.149210794601199
3.630000000000000 0.147971841852532
3.640000000000000 0.146734397496458
3.650000000000000 0.145498478680153
3.660000000000000 0.144264102216886
3.670000000000000 0.143031284590885
3.680000000000000 0.141800041962130
3.690000000000000 0.140570390171080
3.700000000000000 0.139342344743338
3.710000000000000 0.138204134360952
3.720000000000000 0.137067402581363
3.730000000000000 0.135932163386739
3.740000000000000 0.134798430479368
3.750000000000000 0.133666217285734
3.760000000000000 0.132535536960542
3.770000000000000 0.131406402390680
3.780000000000000 0.130278826199125
3.790000000000000 0.129152820748798
3.800000000000000 0.128028398146364
3.810000000000000 0.126985257959058
3.820000000000000 0.125943576682111
3.830000000000000 0.124903365214647
3.840000000000000 0.123864634227853
3.850000000000000 0.122827394168304
3.860000000000000 0.121791655261248
3.870000000000000 0.120757427513831
3.880000000000000 0.119724720718291
3.890000000000000 0.118693544455099
3.900000000000000 0.117663908096061
3.910000000000000 0.116707829253280
3.920000000000000 0.115753171464647
3.930000000000000 0.114799943161879
3.940000000000000 0.113848152590968
3.950000000000000 0.112897807814896
3.960000000000000 0.111948916716311
3.970000000000000 0.111001487000170
3.980000000000000 0.110055526196339
3.990000000000000 0.109111041662160
4.000000000000000 0.108168040584984
4.010000000000000 0.107291707817143
4.020000000000000 0.106416745390046
4.030000000000000 0.105543159763346
4.040000000000000 0.104670957245308
4.050000000000000 0.103800143995031
4.060000000000000 0.102930726024633
4.070000000000000 0.102062709201413
4.080000000000000 0.101196099249973
4.090000000000000 0.100330901754319
4.100000000000000 0.099467122159927
4.110000000000000 0.098663697524511
4.120000000000000 0.097861584077102
4.130000000000000 0.097060786704525
4.140000000000000 0.096261310170163
4.150000000000000 0.095463159115771
4.160000000000000 0.094666338063271
4.170000000000000 0.093870851416512
4.180000000000000 0.093076703463012
4.190000000000000 0.092283898375673
4.200000000000000 0.091492440214478
4.210000000000000 0.090755711068770
4.220000000000000 0.090020228609396
4.230000000000000 0.089285996471513
4.240000000000000 0.088553018189606
4.250000000000000 0.087821297198973
4.260000000000000 0.087090836837187
4.270000000000000 0.086361640345545
4.280000000000000 0.085633710870493
4.290000000000000 0.084907051465030
4.300000000000000 0.084181665090094
4.310000000000000 0.083505987629636
4.320000000000000 0.082831489354196
4.330000000000000 0.082158172905753
4.340000000000000 0.081486040844180
4.350000000000000 0.080815095648460
4.360000000000000 0.080145339717887
4.370000000000000 0.079476775373257
4.380000000000000 0.078809404858027
4.390000000000000 0.078143230339474
4.400000000000000 0.077478253909827
4.410000000000000 0.076858424176751
4.420000000000000 0.076239705058657
4.430000000000000 0.075622098412472
4.440000000000000 0.075005606028166
4.450000000000000 0.074390229629751
4.460000000000000 0.073775970876269
4.470000000000000 0.073162831362761
4.480000000000000 0.072550812621228
4.490000000000000 0.071939916121576
4.500000000000000 0.071330143272545
4.510000000000000 0.070761371541464
4.520000000000000 0.070193642228561
4.530000000000000 0.069626956573118
4.540000000000000 0.069061315759827
4.550000000000000 0.068496720919614
4.560000000000000 0.067933173130447
4.570000000000000 0.067370673418131
4.580000000000000 0.066809222757101
4.590000000000000 0.066248822071197
4.600000000000000 0.065689472234426
4.610000000000000 0.065167410680740
4.620000000000000 0.064646324664580
4.630000000000000 0.064126214942106
4.640000000000000 0.063607082224993
4.650000000000000 0.063088927181108
4.660000000000000 0.062571750435175
4.670000000000000 0.062055552569430
4.680000000000000 0.061540334124270
4.690000000000000 0.061026095598892
4.700000000000000 0.060512837451918
4.710000000000000 0.060033506078425
4.720000000000000 0.059555085417446
4.730000000000000 0.059077575850017
4.740000000000000 0.058600977720949
4.750000000000000 0.058125291339386
4.760000000000000 0.057650516979351
4.770000000000000 0.057176654880284
4.780000000000000 0.056703705247579
4.790000000000000 0.056231668253105
4.800000000000000 0.055760544035728
4.810000000000000 0.055320316264986
4.820000000000000 0.054880936918409
4.830000000000000 0.054442406088498
4.840000000000000 0.054004723838285
4.850000000000000 0.053567890201792
4.860000000000000 0.053131905184477
4.870000000000000 0.052696768763684
4.880000000000000 0.052262480889080
4.890000000000000 0.051829041483084
4.900000000000000 0.051396450441300
4.910000000000000 0.050992017023264
4.920000000000000 0.050588372601071
4.930000000000000 0.050185517047989
4.940000000000000 0.049783450213342
4.950000000000000 0.049382171922888
4.960000000000000 0.048981681979190
4.970000000000000 0.048581980161981
4.980000000000000 0.048183066228528
4.990000000000000 0.047784939913990
5.000000000000000 0.047387600931765
5.010000000000000 0.047015894968135
5.020000000000000 0.046644921727561
5.030000000000000 0.046274680919301
5.040000000000000 0.045905172233188
5.050000000000000 0.045536395339945
5.060000000000000 0.045168349891483
5.070000000000000 0.044801035521214
5.080000000000000 0.044434451844338
5.090000000000000 0.044068598458148
5.100000000000000 0.043703474942314
5.110000000000000 0.043361853499785
5.120000000000000 0.043020911410023
5.130000000000000 0.042680648262604
5.140000000000000 0.042341063631381
5.150000000000000 0.042002157074742
5.160000000000000 0.041663928135860
5.170000000000000 0.041326376342948
5.180000000000000 0.040989501209501
5.190000000000000 0.040653302234537
5.200000000000000 0.040317778902844
5.210000000000000 0.040003659767152
5.220000000000000 0.039690169924969
5.230000000000000 0.039377308880989
5.240000000000000 0.039065076127210
5.250000000000000 0.038753471143144
5.260000000000000 0.038442493396031
5.270000000000000 0.038132142341040
5.280000000000000 0.037822417421476
5.290000000000000 0.037513318068977
5.300000000000000 0.037204843703715
5.310000000000000 0.036915937375117
5.320000000000000 0.036627613396990
5.330000000000000 0.036339871216769
5.340000000000000 0.036052710271669
5.350000000000000 0.035766129988858
5.360000000000000 0.035480129785633
5.370000000000000 0.035194709069589
5.380000000000000 0.034909867238785
5.390000000000000 0.034625603681915
5.400000000000000 0.034341917778464
5.410000000000000 0.034076103054949
5.420000000000000 0.033810826847294
5.430000000000000 0.033546088567270
5.440000000000000 0.033281887618452
5.450000000000000 0.033018223396361
5.460000000000000 0.032755095288610
5.470000000000000 0.032492502675043
5.480000000000000 0.032230444927874
5.490000000000000 0.031968921411825
5.500000000000000 0.031707931484258
5.510000000000000 0.031463330733972
5.520000000000000 0.031219227533644
5.530000000000000 0.030975621276410
5.540000000000000 0.030732511348859
5.550000000000000 0.030489897131162
5.560000000000000 0.030247777997178
5.570000000000000 0.030006153314582
5.580000000000000 0.029765022444971
5.590000000000000 0.029524384743983
5.600000000000000 0.029284239561405
5.610000000000000 0.029059068702476
5.620000000000000 0.028834357329332
5.630000000000000 0.028610104829409
5.640000000000000 0.028386310584949
5.650000000000000 0.028162973973098
5.660000000000000 0.027940094366005
5.670000000000000 0.027717671130917
5.680000000000000 0.027495703630274
5.690000000000000 0.027274191221805
5.700000000000000 0.027053133258616
5.710000000000000 0.026845768685347
5.720000000000000 0.026638828277897
5.730000000000000 0.026432311427875
5.740000000000000 0.026226217522797
5.750000000000000 0.026020545946164
5.760000000000000 0.025815296077545
5.770000000000000 0.025610467292656
5.780000000000000 0.025406058963439
5.790000000000000 0.025202070458140
5.800000000000000 0.024998501141383
5.810000000000000 0.024807486777179
5.820000000000000 0.024616863793422
5.830000000000000 0.024426631593409
5.840000000000000 0.024236789577235
5.850000000000000 0.024047337141863
5.860000000000000 0.023858273681190
5.870000000000000 0.023669598586114
5.880000000000000 0.023481311244597
5.890000000000000 0.023293411041730
5.900000000000000 0.023105897359799
5.910000000000000 0.022929889387639
5.920000000000000 0.022754242426506
5.930000000000000 0.022578955896870
5.940000000000000 0.022404029216730
5.950000000000000 0.022229461801665
5.960000000000000 0.022055253064894
5.970000000000000 0.021881402417327
5.980000000000000 0.021707909267620
5.990000000000000 0.021534773022229
6.000000000000000 0.021361993085460
6.010000000000000 0.021199764856758
6.020000000000000 0.021037869532186
6.030000000000000 0.020876306553320
6.040000000000000 0.020715075359852
6.050000000000000 0.020554175389638
6.060000000000000 0.020393606078738
6.070000000000000 0.020233366861466
6.080000000000000 0.020073457170435
6.090000000000000 0.019913876436596
6.100000000000000 0.019754624089286
6.110000000000000 0.019605066111258
6.120000000000000 0.019455815020073
6.130000000000000 0.019306870281157
6.140000000000000 0.019158231358525
6.150000000000000 0.019009897714824
6.160000000000000 0.018861868811368
6.170000000000000 0.018714144108175
6.180000000000000 0.018566723064005
6.190000000000000 0.018419605136398
6.200000000000000 0.018272789781705
6.210000000000000 0.018134875024532
6.220000000000000 0.017997243113155
6.230000000000000 0.017859893538558
6.240000000000000 0.017722825790700
6.250000000000000 0.017586039358545
6.260000000000000 0.017449533730097
6.270000000000000 0.017313308392425
6.280000000000000 0.017177362831701
6.290000000000000 0.017041696533223
6.300000000000000 0.016906308981449
6.310000000000000 0.016779079252276
6.320000000000000 0.016652110207217
6.330000000000000 0.016525401363679
6.340000000000000 0.016398952238349
6.350000000000000 0.016272762347225
6.360000000000000 0.016146831205636
6.370000000000000 0.016021158328273
6.380000000000000 0.015895743229211
6.390000000000000 0.015770585421935
6.400000000000000 0.015645684419362
6.410000000000000 0.015528277475593
6.420000000000000 0.015411110767653
6.430000000000000 0.015294183839711
6.440000000000000 0.015177496235466
6.450000000000000 0.015061047498164
6.460000000000000 0.014944837170621
6.470000000000000 0.014828864795246
6.480000000000000 0.014713129914057
6.490000000000000 0.014597632068709
6.500000000000000 0.014482370800505
6.510000000000000 0.014374000268978
6.520000000000000 0.014265851107497
6.530000000000000 0.014157922886899
6.540000000000000 0.014050215177744
6.550000000000000 0.013942727550328
6.560000000000000 0.013835459574708
6.570000000000000 0.013728410820712
6.580000000000000 0.013621580857963
6.590000000000000 0.013514969255890
6.600000000000000 0.013408575583748
6.610000000000000 0.013308518561255
6.620000000000000 0.013208665514572
6.630000000000000 0.013109016040749
6.640000000000000 0.013009569736714
6.650000000000000 0.012910326199280
6.660000000000000 0.012811285025167
6.670000000000000 0.012712445811013
6.680000000000000 0.012613808153385
6.690000000000000 0.012515371648800
6.700000000000000 0.012417135893733
6.710000000000000 0.012324728936931
6.720000000000000 0.012232509925453
6.730000000000000 0.012140478481854
6.740000000000000 0.012048634228682
6.750000000000000 0.011956976788492
6.760000000000000 0.011865505783856
6.770000000000000 0.011774220837374
6.780000000000000 0.011683121571691
6.790000000000000 0.011592207609500
6.800000000000000 0.011501478573562
6.810000000000000 0.011416113568045
6.820000000000000 0.011330921737838
6.830000000000000 0.011245902730105
6.840000000000000 0.011161056192096
6.850000000000000 0.011076381771156
6.860000000000000 0.010991879114736
6.870000000000000 0.010907547870402
6.880000000000000 0.010823387685843
6.890000000000000 0.010739398208882
6.900000000000000 0.010655579087486
6.910000000000000 0.010576700812988
6.920000000000000 0.010497982102783
6.930000000000000 0.010419422627637
6.940000000000000 0.010341022058471
6.950000000000000 0.010262780066369
6.960000000000000 0.010184696322587
6.970000000000000 0.010106770498558
6.980000000000000 0.010029002265902
6.990000000000000 0.009951391296435
7.000000000000000 0.009873937262174
7.010000000000000 0.009801034354637
7.020000000000000 0.009728278474389
7.030000000000000 0.009655669314695
7.040000000000000 0.009583206569031
7.050000000000000 0.009510889931082
7.060000000000000 0.009438719094754
7.070000000000000 0.009366693754178
7.080000000000000 0.009294813603719
7.090000000000000 0.009223078337978
7.100000000000000 0.009151487651802
7.110000000000000 0.009084095572765
7.120000000000000 0.009016838964720
7.130000000000000 0.008949717542311
7.140000000000000 0.008882731020424
7.150000000000000 0.008815879114194
7.160000000000000 0.008749161539008
7.170000000000000 0.008682578010513
7.180000000000000 0.008616128244620
7.190000000000000 0.008549811957511
7.200000000000000 0.008483628865639
7.210000000000000 0.008421309784068
7.220000000000000 0.008359115545184
7.230000000000000 0.008297045883805
7.240000000000000 0.008235100535019
7.250000000000000 0.008173279234182
7.260000000000000 0.008111581716932
7.270000000000000 0.008050007719184
7.280000000000000 0.007988556977142
7.290000000000000 0.007927229227296
7.300000000000000 0.007866024206433
7.310000000000000 0.007808386233547
7.320000000000000 0.007750863308815
7.330000000000000 0.007693455186080
7.340000000000000 0.007636161619471
7.350000000000000 0.007578982363403
7.360000000000000 0.007521917172582
7.370000000000000 0.007464965802009
7.380000000000000 0.007408128006984
7.390000000000000 0.007351403543107
7.400000000000000 0.007294792166283
7.410000000000000 0.007241475134811
7.420000000000000 0.007188264125404
7.430000000000000 0.007135158909798
7.440000000000000 0.007082159260019
7.450000000000000 0.007029264948390
7.460000000000000 0.006976475747533
7.470000000000000 0.006923791430370
7.480000000000000 0.006871211770125
7.490000000000000 0.006818736540332
7.500000000000000 0.006766365514832
7.510000000000000 0.006717025048420
7.520000000000000 0.006667782313263
7.530000000000000 0.006618637097817
7.540000000000000 0.006569589190832
7.550000000000000 0.006520638381359
7.560000000000000 0.006471784458747
7.570000000000000 0.006423027212646
7.580000000000000 0.006374366433012
7.590000000000000 0.006325801910107
7.600000000000000 0.006277333434502
7.610000000000000 0.006231664351275
7.620000000000000 0.006186085361802
7.630000000000000 0.006140596270185
7.640000000000000 0.006095196880820
7.650000000000000 0.006049886998398
7.660000000000000 0.006004666427907
7.670000000000000 0.005959534974635
7.680000000000000 0.005914492444170
7.690000000000000 0.005869538642403
7.700000000000000 0.005824673375529
7.710000000000000 0.005782391250025
7.720000000000000 0.005740192189850
7.730000000000000 0.005698076013700
7.740000000000000 0.005656042540562
7.750000000000000 0.005614091589711
7.760000000000000 0.005572222980715
7.770000000000000 0.005530436533435
7.780000000000000 0.005488732068024
7.790000000000000 0.005447109404935
7.800000000000000 0.005405568364913
7.810000000000000 0.005366417453749
7.820000000000000 0.005327343127993
7.830000000000000 0.005288345219962
7.840000000000000 0.005249423562256
7.850000000000000 0.005210577987754
7.860000000000000 0.005171808329622
7.870000000000000 0.005133114421308
7.880000000000000 0.005094496096546
7.890000000000000 0.005055953189356
7.900000000000000 0.005017485534045
7.910000000000000 0.004981221496070
7.920000000000000 0.004945028086555
7.930000000000000 0.004908905150473
7.940000000000000 0.004872852533063
7.950000000000000 0.004836870079840
7.960000000000000 0.004800957636591
7.970000000000000 0.004765115049379
7.980000000000000 0.004729342164539
7.990000000000000 0.004693638828683
8.000000000000000 0.004658004888699
8.010000000000000 0.004624407044057
8.020000000000000 0.004590874343481
8.029999999999999 0.004557406643697
8.039999999999999 0.004524003801694
8.050000000000001 0.004490665674720
8.060000000000000 0.004457392120286
8.070000000000000 0.004424182996167
8.080000000000000 0.004391038160398
8.090000000000000 0.004357957471281
8.100000000000000 0.004324940787381
8.109999999999999 0.004293807334876
8.119999999999999 0.004262733973984
8.130000000000001 0.004231720572352
8.140000000000001 0.004200766997875
8.150000000000000 0.004169873118696
8.160000000000000 0.004139038803210
8.170000000000000 0.004108263920062
8.180000000000000 0.004077548338146
8.190000000000000 0.004046891926611
8.199999999999999 0.004016294554854
8.210000000000001 0.003987439815538
8.220000000000001 0.003958640512390
8.230000000000000 0.003929896523188
8.240000000000000 0.003901207725947
8.250000000000000 0.003872573998918
8.260000000000000 0.003843995220590
8.270000000000000 0.003815471269690
8.279999999999999 0.003787002025183
8.289999999999999 0.003758587366273
8.300000000000001 0.003730227172401
8.310000000000000 0.003703480058582
8.320000000000000 0.003676784090759
8.330000000000000 0.003650139156103
8.340000000000000 0.003623545142012
8.350000000000000 0.003597001936105
8.359999999999999 0.003570509426228
8.369999999999999 0.003544067500451
8.380000000000001 0.003517676047070
8.390000000000001 0.003491334954606
8.400000000000000 0.003465044111803
8.410000000000000 0.003440242776598
8.420000000000000 0.003415488641463
8.430000000000000 0.003390781602253
8.440000000000000 0.003366121555037
8.449999999999999 0.003341508396097
8.460000000000001 0.003316942021925
8.470000000000001 0.003292422329225
8.480000000000000 0.003267949214914
8.490000000000000 0.003243522576122
8.500000000000000 0.003219142310191
8.510000000000000 0.003196138779509
8.520000000000000 0.003173178817184
8.529999999999999 0.003150262327104
8.539999999999999 0.003127389213354
8.550000000000001 0.003104559380217
8.560000000000000 0.003081772732179
8.570000000000000 0.003059029173922
8.580000000000000 0.003036328610332
8.590000000000000 0.003013670946489
8.600000000000000 0.002991056087678
8.609999999999999 0.002969721043958
8.619999999999999 0.002948426212049
8.630000000000001 0.002927171503286
8.640000000000001 0.002905956829192
8.650000000000000 0.002884782101476
8.660000000000000 0.002863647232034
8.670000000000000 0.002842552132950
8.680000000000000 0.002821496716496
8.690000000000000 0.002800480895129
8.699999999999999 0.002779504581495
8.710000000000001 0.002759708113123
8.720000000000001 0.002739948773838
8.730000000000000 0.002720226481836
8.740000000000000 0.002700541155490
8.750000000000000 0.002680892713348
8.760000000000000 0.002661281074133
8.770000000000000 0.002641706156745
8.779999999999999 0.002622167880257
8.789999999999999 0.002602666163918
8.800000000000001 0.002583200927154
8.810000000000000 0.002564830770147
8.820000000000000 0.002546494896715
8.830000000000000 0.002528193231403
8.840000000000000 0.002509925698924
8.850000000000000 0.002491692224153
8.859999999999999 0.002473492732130
8.869999999999999 0.002455327148008
8.880000000000001 0.002437195397256
8.890000000000001 0.002419097405354
8.900000000000000 0.002401033098045
8.910000000000000 0.002383981547453
8.920000000000000 0.002366961661074
8.930000000000000 0.002349973369314
8.940000000000000 0.002333016602730
8.949999999999999 0.002316091292033
8.960000000000001 0.002299197368088
8.970000000000001 0.002282334761912
8.980000000000000 0.002265503404676
8.990000000000000 0.002248703227701
9.000000000000000 0.002231934162464
9.010000000000000 0.002216103913197
9.020000000000000 0.002200302912822
9.029999999999999 0.002184531097152
9.039999999999999 0.002168788402144
9.050000000000001 0.002153074763897
9.060000000000000 0.002137390118654
9.070000000000000 0.002121734402800
9.080000000000000 0.002106107552861
9.090000000000000 0.002090509505509
9.100000000000000 0.002074940197555
9.109999999999999 0.002060241088299
9.119999999999999 0.002045569000987
9.130000000000001 0.002030923876423
9.140000000000001 0.002016305655547
9.150000000000000 0.002001714279432
9.160000000000000 0.001987149689283
9.170000000000000 0.001972611826438
9.180000000000000 0.001958100632369
9.190000000000000 0.001943616048678
9.199999999999999 0.001929158017101
9.210000000000001 0.001915508313739
9.220000000000001 0.001901883575852
9.230000000000000 0.001888283748861
9.240000000000000 0.001874708778308
9.250000000000000 0.001861158609861
9.260000000000000 0.001847633189311
9.270000000000000 0.001834132462572
9.279999999999999 0.001820656375682
9.289999999999999 0.001807204874800
9.300000000000001 0.001793777906212
9.310000000000000 0.001781100983759
9.320000000000000 0.001768447129361
9.330000000000000 0.001755816292694
9.340000000000000 0.001743208423551
9.350000000000000 0.001730623471840
9.359999999999999 0.001718061387583
9.369999999999999 0.001705522120916
9.380000000000001 0.001693005622091
9.390000000000001 0.001680511841474
9.400000000000000 0.001668040729545
9.410000000000000 0.001656263552711
9.420000000000000 0.001644507697082
9.430000000000000 0.001632773116254
9.440000000000000 0.001621059763933
9.449999999999999 0.001609367593928
9.460000000000001 0.001597696560157
9.470000000000001 0.001586046616642
9.480000000000000 0.001574417717514
9.490000000000000 0.001562809817009
9.500000000000000 0.001551222869468
9.510000000000000 0.001540279104543
9.520000000000000 0.001529355050403
9.529999999999999 0.001518450664256
9.539999999999999 0.001507565903411
9.550000000000001 0.001496700725275
9.560000000000000 0.001485855087354
9.570000000000000 0.001475028947252
9.580000000000000 0.001464222262673
9.590000000000000 0.001453434991418
9.600000000000000 0.001442667091387
9.609999999999999 0.001432498973914
9.619999999999999 0.001422349075867
9.630000000000001 0.001412217357797
9.640000000000001 0.001402103780348
9.650000000000000 0.001392008304256
9.660000000000000 0.001381930890346
9.670000000000000 0.001371871499538
9.680000000000000 0.001361830092840
9.690000000000000 0.001351806631353
9.699999999999999 0.001341801076269
9.710000000000001 0.001332348650307
9.720000000000001 0.001322913074085
9.730000000000000 0.001313494311220
9.740000000000000 0.001304092325416
9.750000000000000 0.001294707080463
9.760000000000000 0.001285338540235
9.770000000000000 0.001275986668688
9.779999999999999 0.001266651429867
9.789999999999999 0.001257332787899
9.800000000000001 0.001248030706994
9.810000000000000 0.001239243230455
9.820000000000000 0.001230471337390
9.830000000000000 0.001221714994251
9.840000000000000 0.001212974167567
9.850000000000000 0.001204248823947
9.859999999999999 0.001195538930077
9.869999999999999 0.001186844452722
9.880000000000001 0.001178165358726
9.890000000000001 0.001169501615009
9.900000000000000 0.001160853188572
9.910000000000000 0.001152681126831
9.920000000000000 0.001144523482283
9.930000000000000 0.001136380223982
9.940000000000000 0.001128251321058
9.949999999999999 0.001120136742712
9.960000000000001 0.001112036458217
9.970000000000001 0.001103950436920
9.980000000000000 0.001095878648240
9.990000000000000 0.001087821061668
10.000000000000000 0.001079777646767
