   0.0000000e+00   1.2410001e-02
   1.5000000e-01   2.6644999e-02
   3.0000000e-01   4.0879877e-02
   4.5000000e-01   5.5113571e-02
   6.0000000e-01   6.9341739e-02
   7.5000000e-01   8.3552517e-02
   9.0000000e-01   9.7720151e-02
   1.0500000e+00   1.1179641e-01
   1.2000000e+00   1.2569997e-01
   1.3500000e+00   1.3930430e-01
   1.5000000e+00   1.5242538e-01
   1.6500000e+00   1.6481161e-01
   1.8000000e+00   1.7613949e-01
   1.9500000e+00   1.8601991e-01
   2.1000000e+00   1.9401990e-01
   2.2500000e+00   1.9970318e-01
   2.4000000e+00   2.0268793e-01
   2.5500000e+00   2.0271325e-01
   2.7000000e+00   1.9969843e-01
   2.8500000e+00   1.9377835e-01
   3.0000000e+00   1.8529747e-01
   3.1500000e+00   1.8330288e-01
   3.3000000e+00   1.8130826e-01
   3.4500000e+00   1.7931364e-01
   3.6000000e+00   1.7731893e-01
   3.7500000e+00   1.7532415e-01
   3.9000000e+00   1.7332931e-01
   4.0500000e+00   1.7133443e-01
   4.2000000e+00   1.6933956e-01
   4.3500000e+00   1.6734459e-01
   4.5000000e+00   1.6534959e-01
   4.6500000e+00   1.6335459e-01
   4.8000000e+00   1.6135912e-01
   4.9500000e+00   1.5936364e-01
   5.1000000e+00   1.5645544e-01
   5.2500000e+00   1.5311822e-01
   5.4000000e+00   1.4509330e-01
   5.5500000e+00   1.3706816e-01
   5.7000000e+00   1.2904414e-01
   5.8500000e+00   1.2159802e-01
   6.0000000e+00   1.1691033e-01
   6.1500000e+00   1.1222270e-01
   6.3000000e+00   1.0753506e-01
   6.4500000e+00   1.0092535e-01
   6.6000000e+00   9.3897586e-02
   6.7500000e+00   8.6869825e-02
   6.9000000e+00   8.0053582e-02
   7.0500000e+00   7.4139666e-02
   7.2000000e+00   6.8226238e-02
   7.3500000e+00   6.2312810e-02
   7.5000000e+00   5.6399358e-02
   7.6500000e+00   5.1554651e-02
   7.8000000e+00   4.6709944e-02
   7.9500000e+00   4.1865237e-02
   8.1000000e+00   3.7045225e-02
   8.2500000e+00   3.2478824e-02
   8.4000000e+00   2.7912423e-02
   8.5500000e+00   2.4915947e-02
   8.7000000e+00   2.2186257e-02
   8.8500000e+00   1.9456566e-02
   9.0000000e+00   1.7271244e-02
   9.1500000e+00   1.5624105e-02
   9.3000000e+00   1.3976966e-02
   9.4500000e+00   1.2400983e-02
   9.6000000e+00   1.1225710e-02
   9.7500000e+00   1.0050525e-02
   9.9000000e+00   8.8753397e-03
   1.0050000e+01   7.7573940e-03
   1.0200000e+01   6.8204839e-03
   1.0350000e+01   5.8835739e-03
   1.0500000e+01   4.9466530e-03
   1.0650000e+01   4.4102807e-03
   1.0800000e+01   3.9242987e-03
   1.0950000e+01   3.4383166e-03
   1.1100000e+01   2.9523415e-03
   1.1250000e+01   2.5517689e-03
   1.1400000e+01   2.1880874e-03
   1.1550000e+01   1.8244059e-03
   1.1700000e+01   1.4737264e-03
   1.1850000e+01   1.3043043e-03
   1.2000000e+01   1.1348822e-03
   1.2150000e+01   9.6546005e-04
   1.2300000e+01   8.0623569e-04
   1.2450000e+01   7.0224819e-04
   1.2600000e+01   5.9826069e-04
   1.2750000e+01   4.9426343e-04
   1.2900000e+01   4.0272655e-04
   1.3050000e+01   3.4947297e-04
   1.3200000e+01   2.9620071e-04
   1.3350000e+01   2.4659338e-04
   1.3500000e+01   2.1470097e-04
   1.3650000e+01   1.8280745e-04
   1.3800000e+01   1.5090994e-04
   1.3950000e+01   1.2252767e-04
   1.4100000e+01   1.0402796e-04
   1.4250000e+01   8.5541729e-05
   1.4400000e+01   7.1822886e-05
   1.4550000e+01   5.9640834e-05
   1.4700000e+01   4.9867593e-05
   1.4850000e+01   4.2371905e-05
