0.000000000000000 0.000000000000000
0.010000000000000 0.000112423088380
0.020000000000000 0.000448911180306
0.030000000000000 0.001008176560145
0.040000000000000 0.001788781024756
0.050000000000000 0.002789141122401
0.060000000000000 0.004007533485263
0.070000000000000 0.005442100240870
0.080000000000000 0.007090854487972
0.090000000000000 0.008951685822709
0.100000000000000 0.011022365901207
0.110000000000000 0.013292915210407
0.120000000000000 0.015765783632714
0.130000000000000 0.018438127867455
0.140000000000000 0.021307022113136
0.150000000000000 0.024369463478289
0.160000000000000 0.027622377341415
0.170000000000000 0.031062622650182
0.180000000000000 0.034686997150677
0.190000000000000 0.038492242538050
0.200000000000000 0.042475049520486
0.210000000000000 0.046612965567362
0.220000000000000 0.050918366259205
0.230000000000000 0.055387667466524
0.240000000000000 0.060017262058416
0.250000000000000 0.064803524261245
0.260000000000000 0.069742813889353
0.270000000000000 0.074831480444320
0.280000000000000 0.080065867079812
0.290000000000000 0.085442314429581
0.300000000000000 0.090957164296656
0.310000000000000 0.096576702272574
0.320000000000000 0.102324041539168
0.330000000000000 0.108195475916427
0.340000000000000 0.114187319508026
0.350000000000000 0.120295909524429
0.360000000000000 0.126517608963751
0.370000000000000 0.132848809151611
0.380000000000000 0.139285932141497
0.390000000000000 0.145825432977443
0.400000000000000 0.152463801821081
0.410000000000000 0.159153369504450
0.420000000000000 0.165931490951232
0.430000000000000 0.172794742168283
0.440000000000000 0.179739745665143
0.450000000000000 0.186763171795978
0.460000000000000 0.193861739983830
0.470000000000000 0.201032219830640
0.480000000000000 0.208271432116603
0.490000000000000 0.215576249692468
0.500000000000000 0.222943598268465
0.510000000000000 0.230303073280507
0.520000000000000 0.237715232725109
0.530000000000000 0.245177160923536
0.540000000000000 0.252686000613624
0.550000000000000 0.260238953136097
0.560000000000000 0.267833278542612
0.570000000000000 0.275466295629312
0.580000000000000 0.283135381899606
0.590000000000000 0.290837973459830
0.600000000000000 0.298571564851401
0.610000000000000 0.306229224675107
0.620000000000000 0.313908447014471
0.630000000000000 0.321606921620070
0.640000000000000 0.329322398229086
0.650000000000000 0.337052685989826
0.660000000000000 0.344795652846409
0.670000000000000 0.352549224886659
0.680000000000000 0.360311385656107
0.690000000000000 0.368080175440929
0.700000000000000 0.375853690522528
0.710000000000000 0.383476154504198
0.720000000000000 0.391094370476557
0.730000000000000 0.398706645001643
0.740000000000000 0.406311339565228
0.750000000000000 0.413906869592819
0.760000000000000 0.421491703455731
0.770000000000000 0.429064361469178
0.780000000000000 0.436623414884209
0.790000000000000 0.444167484875229
0.800000000000000 0.451695241524748
0.810000000000000 0.458997688793316
0.820000000000000 0.466275558472983
0.830000000000000 0.473527730271101
0.840000000000000 0.480753130129468
0.850000000000000 0.487950729101646
0.860000000000000 0.495119542239822
0.870000000000000 0.502258627492150
0.880000000000000 0.509367084611455
0.890000000000000 0.516444054076098
0.900000000000000 0.523488716023722
0.910000000000000 0.530238286231913
0.920000000000000 0.536948167712446
0.930000000000000 0.543617738516394
0.940000000000000 0.550246412886852
0.950000000000000 0.556833640174809
0.960000000000000 0.563378903774918
0.970000000000000 0.569881720081371
0.980000000000000 0.576341637464059
0.990000000000000 0.582758235265138
1.000000000000000 0.589131122816098
1.010000000000000 0.595152488538455
1.020000000000000 0.601123853429238
1.030000000000000 0.607045004275105
1.040000000000000 0.612915754167062
1.050000000000000 0.618735941554683
1.060000000000000 0.624505429323851
1.070000000000000 0.630224103897810
1.080000000000000 0.635891874361254
1.090000000000000 0.641508671607215
1.100000000000000 0.647074447506427
1.110000000000000 0.652249687547344
1.120000000000000 0.657368812238942
1.130000000000000 0.662431925027484
1.140000000000000 0.667439146833627
1.150000000000000 0.672390615286868
1.160000000000000 0.677286483982904
1.170000000000000 0.682126921763481
1.180000000000000 0.686912112018243
1.190000000000000 0.691642252008159
1.200000000000000 0.696317552210038
1.210000000000000 0.700580703847050
1.220000000000000 0.704785099771166
1.230000000000000 0.708931074333567
1.240000000000000 0.713018972018205
1.250000000000000 0.717049146860190
1.260000000000000 0.721021961884253
1.270000000000000 0.724937788562743
1.280000000000000 0.728797006292677
1.290000000000000 0.732600001891313
1.300000000000000 0.736347169109760
1.310000000000000 0.739675712441663
1.320000000000000 0.742945580178323
1.330000000000000 0.746157263288556
1.340000000000000 0.749311257117753
1.350000000000000 0.752408060972347
1.360000000000000 0.755448177720613
1.370000000000000 0.758432113409329
1.380000000000000 0.761360376895805
1.390000000000000 0.764233479494813
1.400000000000000 0.767051934639945
1.410000000000000 0.769473109731530
1.420000000000000 0.771837832430026
1.430000000000000 0.774146686526786
1.440000000000000 0.776400255947281
1.450000000000000 0.778599124474340
1.460000000000000 0.780743875483982
1.470000000000000 0.782835091693370
1.480000000000000 0.784873354920527
1.490000000000000 0.786859245855372
1.500000000000000 0.788793343841702
1.510000000000000 0.790352633124479
1.520000000000000 0.791859090441950
1.530000000000000 0.793313344459290
1.540000000000000 0.794716021019841
1.550000000000000 0.796067742977252
1.560000000000000 0.797369130036848
1.570000000000000 0.798620798605870
1.580000000000000 0.799823361652283
1.590000000000000 0.800977428571800
1.600000000000000 0.802083605062843
1.610000000000000 0.802846321683273
1.620000000000000 0.803560710601699
1.630000000000000 0.804227409513095
1.640000000000000 0.804847051378027
1.650000000000000 0.805420264336099
1.660000000000000 0.805947671625878
1.670000000000000 0.806429891511008
1.680000000000000 0.806867537212299
1.690000000000000 0.807261216845510
1.700000000000000 0.807611533364614
1.710000000000000 0.807657187233633
1.720000000000000 0.807659496410864
1.730000000000000 0.807619081951766
1.740000000000000 0.807536559074110
1.750000000000000 0.807412537129322
1.760000000000000 0.807247619578141
1.770000000000000 0.807042403970408
1.780000000000000 0.806797481928794
1.790000000000000 0.806513439136278
1.800000000000000 0.806190855327230
1.810000000000000 0.805613626490189
1.820000000000000 0.804998222377060
1.830000000000000 0.804345229376322
1.840000000000000 0.803655227547892
1.850000000000000 0.802928790633488
1.860000000000000 0.802166486069687
1.870000000000000 0.801368875003571
1.880000000000000 0.800536512310796
1.890000000000000 0.799669946615991
1.900000000000000 0.798769720315333
1.910000000000000 0.797658540997653
1.920000000000000 0.796514266023897
1.930000000000000 0.795337436862656
1.940000000000000 0.794128588584442
1.950000000000000 0.792888249896702
1.960000000000000 0.791616943180399
1.970000000000000 0.790315184528038
1.980000000000000 0.788983483783068
1.990000000000000 0.787622344580567
2.000000000000000 0.786232264389117
2.010000000000000 0.784675133268910
2.020000000000000 0.783089737561758
2.030000000000000 0.781476568498482
2.040000000000000 0.779836111125627
2.050000000000000 0.778168844354597
2.060000000000000 0.776475241011562
2.070000000000000 0.774755767888037
2.080000000000000 0.773010885792107
2.090000000000000 0.771241049600216
2.100000000000000 0.769446708309483
2.110000000000000 0.767517073240131
2.120000000000000 0.765563635180093
2.130000000000000 0.763586834229993
2.140000000000000 0.761587104684048
2.150000000000000 0.759564875086055
2.160000000000000 0.757520568285604
2.170000000000000 0.755454601494481
2.180000000000000 0.753367386343194
2.190000000000000 0.751259328937631
2.200000000000000 0.749130829915761
2.210000000000000 0.746907332915093
2.220000000000000 0.744664095494573
2.230000000000000 0.742401507193469
2.240000000000000 0.740119952225646
2.250000000000000 0.737819809537319
2.260000000000000 0.735501452864687
2.270000000000000 0.733165250791437
2.280000000000000 0.730811566806068
2.290000000000000 0.728440759359037
2.300000000000000 0.726053181919700
2.310000000000000 0.723607424087840
2.320000000000000 0.721145559287235
2.330000000000000 0.718667928802288
2.340000000000000 0.716174869119736
2.350000000000000 0.713666711984867
2.360000000000000 0.711143784457421
2.370000000000000 0.708606408967157
2.380000000000000 0.706054903369079
2.390000000000000 0.703489580998304
2.400000000000000 0.700910750724572
2.410000000000000 0.698301584509106
2.420000000000000 0.695679509227781
2.430000000000000 0.693044821545199
2.440000000000000 0.690397813859461
2.450000000000000 0.687738774354923
2.460000000000000 0.685067987054509
2.470000000000000 0.682385731871616
2.480000000000000 0.679692284661572
2.490000000000000 0.676987917272658
2.500000000000000 0.674272897596682
2.510000000000000 0.671553407558752
2.520000000000000 0.668823789441173
2.530000000000000 0.666084299303293
2.540000000000000 0.663335189450436
2.550000000000000 0.660576708482127
2.560000000000000 0.657809101339845
2.570000000000000 0.655032609354317
2.580000000000000 0.652247470292334
2.590000000000000 0.649453918403112
2.600000000000000 0.646652184464160
2.610000000000000 0.643862695953363
2.620000000000000 0.641065471415905
2.630000000000000 0.638260730703785
2.640000000000000 0.635448690390301
2.650000000000000 0.632629563813364
2.660000000000000 0.629803561118331
2.670000000000000 0.626970889300388
2.680000000000000 0.624131752246453
2.690000000000000 0.621286350776622
2.700000000000000 0.618434882685145
2.710000000000000 0.615614799115206
2.720000000000000 0.612789016757380
2.730000000000000 0.609957723312979
2.740000000000000 0.607121103640026
2.750000000000000 0.604279339791603
2.760000000000000 0.601432611053730
2.770000000000000 0.598581093982817
2.780000000000000 0.595724962442668
2.790000000000000 0.592864387641046
2.800000000000000 0.589999538165794
2.810000000000000 0.587181276859556
2.820000000000000 0.584359033881998
2.830000000000000 0.581532968683866
2.840000000000000 0.578703238264279
2.850000000000000 0.575869997204293
2.860000000000000 0.573033397700049
2.870000000000000 0.570193589595518
2.880000000000000 0.567350720414828
2.890000000000000 0.564504935394205
2.900000000000000 0.561656377513497
2.910000000000000 0.558864100122669
2.920000000000000 0.556069275777359
2.930000000000000 0.553272039368073
2.940000000000000 0.550472523680143
2.950000000000000 0.547670859422872
2.960000000000000 0.544867175258310
2.970000000000000 0.542061597829661
2.980000000000000 0.539254251789324
2.990000000000000 0.536445259826576
3.000000000000000 0.533634742694895
3.010000000000000 0.530889912738747
3.020000000000000 0.528143721531363
3.030000000000000 0.525396282691814
3.040000000000000 0.522647708038494
3.050000000000000 0.519898107614259
3.060000000000000 0.517147589711241
3.070000000000000 0.514396260895333
3.080000000000000 0.511644226030348
3.090000000000000 0.508891588301870
3.100000000000000 0.506138449240777
3.110000000000000 0.503458103906634
3.120000000000000 0.500777366376181
3.130000000000000 0.498096331950736
3.140000000000000 0.495415094396386
3.150000000000000 0.492733745965549
3.160000000000000 0.490052377418262
3.170000000000000 0.487371078043169
3.180000000000000 0.484689935678237
3.190000000000000 0.482009036731195
3.200000000000000 0.479328466199687
3.210000000000000 0.476724493505581
3.220000000000000 0.474120912632794
3.230000000000000 0.471517803208204
3.240000000000000 0.468915243552882
3.250000000000000 0.466313310700520
3.260000000000000 0.463712080415617
3.270000000000000 0.461111627211407
3.280000000000000 0.458512024367550
3.290000000000000 0.455913343947585
3.300000000000000 0.453315656816136
3.310000000000000 0.450798883114282
3.320000000000000 0.448283124530073
3.330000000000000 0.445768447300852
3.340000000000000 0.443254916556108
3.350000000000000 0.440742596333171
3.360000000000000 0.438231549592683
3.370000000000000 0.435721838233859
3.380000000000000 0.433213523109548
3.390000000000000 0.430706664041076
3.400000000000000 0.428201319832889
3.410000000000000 0.425777788268627
3.420000000000000 0.423355761262637
3.430000000000000 0.420935293685216
3.440000000000000 0.418516439468298
3.450000000000000 0.416099251618780
3.460000000000000 0.413683782231659
3.470000000000000 0.411270082502999
3.480000000000000 0.408858202742705
3.490000000000000 0.406448192387135
3.500000000000000 0.404040100011527
3.510000000000000 0.401714418204719
3.520000000000000 0.399390616703913
3.530000000000000 0.397068740751423
3.540000000000000 0.394748834796039
3.550000000000000 0.392430942504309
3.560000000000000 0.390115106771683
3.570000000000000 0.387801369733489
3.580000000000000 0.385489772775770
3.590000000000000 0.383180356545955
3.600000000000000 0.380873160963403
3.610000000000000 0.378647976848595
3.620000000000000 0.376424953764231
3.630000000000000 0.374204128823646
3.640000000000000 0.371985538470043
3.650000000000000 0.369769218486047
3.660000000000000 0.367555204003125
3.670000000000000 0.365343529510881
3.680000000000000 0.363134228866215
3.690000000000000 0.360927335302362
3.700000000000000 0.358722881437799
3.710000000000000 0.356599452494690
3.720000000000000 0.354478386083163
3.730000000000000 0.352359712472058
3.740000000000000 0.350243461365001
3.750000000000000 0.348129661908480
3.760000000000000 0.346018342699801
3.770000000000000 0.343909531794946
3.780000000000000 0.341803256716308
3.790000000000000 0.339699544460329
3.800000000000000 0.337598421505029
3.810000000000000 0.335575584126850
3.820000000000000 0.333555247513613
3.830000000000000 0.331537436194412
3.840000000000000 0.329522174221962
3.850000000000000 0.327509485179418
3.860000000000000 0.325499392187101
3.870000000000000 0.323491917909124
3.880000000000000 0.321487084559934
3.890000000000000 0.319484913910756
3.900000000000000 0.317485427295953
3.910000000000000 0.315563533320746
3.920000000000000 0.313644222306121
3.930000000000000 0.311727513967593
3.940000000000000 0.309813427619790
3.950000000000000 0.307901982182203
3.960000000000000 0.305993196184855
3.970000000000000 0.304087087773895
3.980000000000000 0.302183674717113
3.990000000000000 0.300282974409376
4.000000000000000 0.298385003877991
4.010000000000000 0.296562450313679
4.020000000000000 0.294742517909229
4.030000000000000 0.292925222361426
4.040000000000000 0.291110579030064
4.050000000000000 0.289298602942794
4.060000000000000 0.287489308799901
4.070000000000000 0.285682710979018
4.080000000000000 0.283878823539776
4.090000000000000 0.282077660228387
4.100000000000000 0.280279234482163
4.110000000000000 0.278553439831433
4.120000000000000 0.276830269741394
4.130000000000000 0.275109736565146
4.140000000000000 0.273391852372776
4.150000000000000 0.271676628955442
4.160000000000000 0.269964077829399
4.170000000000000 0.268254210239970
4.180000000000000 0.266547037165464
4.190000000000000 0.264842569321038
4.200000000000000 0.263140817162506
4.210000000000000 0.261508319884615
4.220000000000000 0.259878423798606
4.230000000000000 0.258251138484984
4.240000000000000 0.256626473286754
4.250000000000000 0.255004437312856
4.260000000000000 0.253385039441563
4.270000000000000 0.251768288323823
4.280000000000000 0.250154192386564
4.290000000000000 0.248542759835945
4.300000000000000 0.246933998660568
4.310000000000000 0.245391545059567
4.320000000000000 0.243851647458156
4.330000000000000 0.242314313144215
4.340000000000000 0.240779549206519
4.350000000000000 0.239247362537630
4.360000000000000 0.237717759836761
4.370000000000000 0.236190747612593
4.380000000000000 0.234666332186051
4.390000000000000 0.233144519693055
4.400000000000000 0.231625316087220
4.410000000000000 0.230169828737695
4.420000000000000 0.228716834514912
4.430000000000000 0.227266338818039
4.440000000000000 0.225818346879541
4.450000000000000 0.224372863767614
4.460000000000000 0.222929894388601
4.470000000000000 0.221489443489357
4.480000000000000 0.220051515659600
4.490000000000000 0.218616115334215
4.500000000000000 0.217183246795536
4.510000000000000 0.215810811698287
4.520000000000000 0.214440794729792
4.530000000000000 0.213073199740523
4.540000000000000 0.211708030441519
4.550000000000000 0.210345290406446
4.560000000000000 0.208984983073622
4.570000000000000 0.207627111748020
4.580000000000000 0.206271679603241
4.590000000000000 0.204918689683456
4.600000000000000 0.203568144905330
4.610000000000000 0.202275283733689
4.620000000000000 0.200984755922907
4.630000000000000 0.199696564059769
4.640000000000000 0.198410710614611
4.650000000000000 0.197127197943053
4.660000000000000 0.195846028287703
4.670000000000000 0.194567203779845
4.680000000000000 0.193290726441102
4.690000000000000 0.192016598185071
4.700000000000000 0.190744820818942
4.710000000000000 0.189527796919451
4.720000000000000 0.188313015137909
4.730000000000000 0.187100477036082
4.740000000000000 0.185890184078623
4.750000000000000 0.184682137634534
4.760000000000000 0.183476338978600
4.770000000000000 0.182272789292814
4.780000000000000 0.181071489667770
4.790000000000000 0.179872441104048
4.800000000000000 0.178675644513579
4.810000000000000 0.177530675253873
4.820000000000000 0.176387852831302
4.830000000000000 0.175247177981856
4.840000000000000 0.174108651360670
4.850000000000000 0.172972273543256
4.860000000000000 0.171838045026714
4.870000000000000 0.170705966230929
4.880000000000000 0.169576037499746
4.890000000000000 0.168448259102139
4.900000000000000 0.167322631233354
4.910000000000000 0.166246088337642
4.920000000000000 0.165171594607443
4.930000000000000 0.164099150119137
4.940000000000000 0.163028754881918
4.950000000000000 0.161960408838832
4.960000000000000 0.160894111867794
4.970000000000000 0.159829863782598
4.980000000000000 0.158767664333910
4.990000000000000 0.157707513210245
5.000000000000000 0.156649410038940
5.010000000000000 0.155637704468433
5.020000000000000 0.154627949584941
5.030000000000000 0.153620144943364
5.040000000000000 0.152614290042893
5.050000000000000 0.151610384327902
5.060000000000000 0.150608427188777
5.070000000000000 0.149608417962782
5.080000000000000 0.148610355934897
5.090000000000000 0.147614240338637
5.100000000000000 0.146620070356870
5.110000000000000 0.145669642396929
5.120000000000000 0.144721067185572
5.130000000000000 0.143774343870589
5.140000000000000 0.142829471553696
5.150000000000000 0.141886449291276
5.160000000000000 0.140945276095097
5.170000000000000 0.140005950933030
5.180000000000000 0.139068472729754
5.190000000000000 0.138132840367452
5.200000000000000 0.137199052686495
5.210000000000000 0.136306560984791
5.220000000000000 0.135415825348185
5.230000000000000 0.134526844612137
5.240000000000000 0.133639617574112
5.250000000000000 0.132754142994209
5.260000000000000 0.131870419595762
5.270000000000000 0.130988446065948
5.280000000000000 0.130108221056380
5.290000000000000 0.129229743183691
5.300000000000000 0.128353011030116
5.310000000000000 0.127515250415346
5.320000000000000 0.126679151140177
5.330000000000000 0.125844711805933
5.340000000000000 0.125011930982722
5.350000000000000 0.124180807209957
5.360000000000000 0.123351338996869
5.370000000000000 0.122523524823015
5.380000000000000 0.121697363138778
5.390000000000000 0.120872852365863
5.400000000000000 0.120049990897783
5.410000000000000 0.119263838493154
5.420000000000000 0.118479255322678
5.430000000000000 0.117696239817643
5.440000000000000 0.116914790383786
5.450000000000000 0.116134905401741
5.460000000000000 0.115356583227465
5.470000000000000 0.114579822192672
5.480000000000000 0.113804620605247
5.490000000000000 0.113030976749668
5.500000000000000 0.112258888887415
5.510000000000000 0.111521382413259
5.520000000000000 0.110785356044894
5.530000000000000 0.110050808096044
5.540000000000000 0.109317736859627
5.550000000000000 0.108586140608129
5.560000000000000 0.107856017593967
5.570000000000000 0.107127366049845
5.580000000000000 0.106400184189115
5.590000000000000 0.105674470206125
5.600000000000000 0.104950222276565
5.610000000000000 0.104258456977094
5.620000000000000 0.103568086100683
5.630000000000000 0.102879107885887
5.640000000000000 0.102191520554418
5.650000000000000 0.101505322311457
5.660000000000000 0.100820511345955
5.670000000000000 0.100137085830942
5.680000000000000 0.099455043923825
5.690000000000000 0.098774383766680
5.700000000000000 0.098095103486548
5.710000000000000 0.097446391082392
5.720000000000000 0.096798990889193
5.730000000000000 0.096152901104834
5.740000000000000 0.095508119913659
5.750000000000000 0.094864645486732
5.760000000000000 0.094222475982091
5.770000000000000 0.093581609545013
5.780000000000000 0.092942044308256
5.790000000000000 0.092303778392311
5.800000000000000 0.091666809905651
5.810000000000000 0.091058600411392
5.820000000000000 0.090451624500795
5.830000000000000 0.089845880358774
5.840000000000000 0.089241366159449
5.850000000000000 0.088638080066366
5.860000000000000 0.088036020232717
5.870000000000000 0.087435184801552
5.880000000000000 0.086835571905995
5.890000000000000 0.086237179669447
5.900000000000000 0.085640006205796
5.910000000000000 0.085069870569342
5.920000000000000 0.084500893557832
5.930000000000000 0.083933073365193
5.940000000000000 0.083366408176840
5.950000000000000 0.082800896169864
5.960000000000000 0.082236535513216
5.970000000000000 0.081673324367885
5.980000000000000 0.081111260887079
5.990000000000000 0.080550343216399
6.000000000000000 0.079990569494012
6.010000000000000 0.079456195446869
6.020000000000000 0.078922908769726
6.030000000000000 0.078390707682742
6.040000000000000 0.077859590399460
6.050000000000000 0.077329555126959
6.060000000000000 0.076800600066013
6.070000000000000 0.076272723411243
6.080000000000000 0.075745923351261
6.090000000000000 0.075220198068824
6.100000000000000 0.074695545740974
6.110000000000000 0.074194750775560
6.120000000000000 0.073694975587380
6.130000000000000 0.073196218436162
6.140000000000000 0.072698477576584
6.150000000000000 0.072201751258399
6.160000000000000 0.071706037726569
6.170000000000000 0.071211335221393
6.180000000000000 0.070717641978631
6.190000000000000 0.070224956229626
6.200000000000000 0.069733276201432
6.210000000000000 0.069264013037239
6.220000000000000 0.068795705625537
6.230000000000000 0.068328352275799
6.240000000000000 0.067861951293737
6.250000000000000 0.067396500981408
6.260000000000000 0.066931999637324
6.270000000000000 0.066468445556559
6.280000000000000 0.066005837030855
6.290000000000000 0.065544172348728
6.300000000000000 0.065083449795564
6.310000000000000 0.064643793336801
6.320000000000000 0.064205032073889
6.330000000000000 0.063767164373601
6.340000000000000 0.063330188600005
6.350000000000000 0.062894103114556
6.360000000000000 0.062458906276187
6.370000000000000 0.062024596441398
6.380000000000000 0.061591171964344
6.390000000000000 0.061158631196925
6.400000000000000 0.060726972488870
6.410000000000000 0.060315092911420
6.420000000000000 0.059904051370896
6.430000000000000 0.059493846296682
6.440000000000000 0.059084476116318
6.450000000000000 0.058675939255585
6.460000000000000 0.058268234138572
6.470000000000000 0.057861359187758
6.480000000000000 0.057455312824082
6.490000000000000 0.057050093467019
6.500000000000000 0.056645699534649
6.510000000000000 0.056259882499659
6.520000000000000 0.055874849602401
6.530000000000000 0.055490599338448
6.540000000000000 0.055107130202233
6.550000000000000 0.054724440687113
6.560000000000000 0.054342529285438
6.570000000000000 0.053961394488608
6.580000000000000 0.053581034787137
6.590000000000000 0.053201448670716
6.600000000000000 0.052822634628270
6.610000000000000 0.052461253755607
6.620000000000000 0.052100606282387
6.630000000000000 0.051740690772449
6.640000000000000 0.051381505789061
6.650000000000000 0.051023049894970
6.660000000000000 0.050665321652463
6.670000000000000 0.050308319623410
6.680000000000000 0.049952042369323
6.690000000000000 0.049596488451404
6.700000000000000 0.049241656430596
6.710000000000000 0.048903217346616
6.720000000000000 0.048565463875076
6.730000000000000 0.048228394649166
6.740000000000000 0.047892008301957
6.750000000000000 0.047556303466450
6.760000000000000 0.047221278775615
6.770000000000000 0.046886932862436
6.780000000000000 0.046553264359958
6.790000000000000 0.046220271901325
6.800000000000000 0.045887954119824
6.810000000000000 0.045571013224400
6.820000000000000 0.045254713055715
6.830000000000000 0.044939052316282
6.840000000000000 0.044624029708855
6.850000000000000 0.044309643936466
6.860000000000000 0.043995893702465
6.870000000000000 0.043682777710555
6.880000000000000 0.043370294664826
6.890000000000000 0.043058443269793
6.900000000000000 0.042747222230429
6.910000000000000 0.042450446867033
6.920000000000000 0.042154270056339
6.930000000000000 0.041858690569529
6.940000000000000 0.041563707178311
6.950000000000000 0.041269318654948
6.960000000000000 0.040975523772288
6.970000000000000 0.040682321303794
6.980000000000000 0.040389710023576
6.990000000000000 0.040097688706416
7.000000000000000 0.039806256127803
7.010000000000000 0.039528401420637
7.020000000000000 0.039251105654236
7.030000000000000 0.038974367667263
7.040000000000000 0.038698186299119
7.050000000000000 0.038422560389975
7.060000000000000 0.038147488780792
7.070000000000000 0.037872970313347
7.080000000000000 0.037599003830260
7.090000000000000 0.037325588175015
7.100000000000000 0.037052722191985
7.110000000000000 0.036792603792150
7.120000000000000 0.036533007183358
7.130000000000000 0.036273931270037
7.140000000000000 0.036015374957518
7.150000000000000 0.035757337152060
7.160000000000000 0.035499816760867
7.170000000000000 0.035242812692111
7.180000000000000 0.034986323854949
7.190000000000000 0.034730349159546
7.200000000000000 0.034474887517094
7.210000000000000 0.034231392451615
7.220000000000000 0.033988384360386
7.230000000000000 0.033745862211550
7.240000000000000 0.033503824974278
7.250000000000000 0.033262271618778
7.260000000000000 0.033021201116318
7.270000000000000 0.032780612439241
7.280000000000000 0.032540504560981
7.290000000000000 0.032300876456081
7.300000000000000 0.032061727100205
7.310000000000000 0.031833826238729
7.320000000000000 0.031606379707347
7.330000000000000 0.031379386535702
7.340000000000000 0.031152845754544
7.350000000000000 0.030926756395742
7.360000000000000 0.030701117492302
7.370000000000000 0.030475928078377
7.380000000000000 0.030251187189284
7.390000000000000 0.030026893861514
7.400000000000000 0.029803047132747
7.410000000000000 0.029589778903226
7.420000000000000 0.029376934402096
7.430000000000000 0.029164512718125
7.440000000000000 0.028952512941239
7.450000000000000 0.028740934162539
7.460000000000000 0.028529775474308
7.470000000000000 0.028319035970022
7.480000000000000 0.028108714744365
7.490000000000000 0.027898810893235
7.500000000000000 0.027689323513758
7.510000000000000 0.027489771070558
7.520000000000000 0.027290613710175
7.530000000000000 0.027091850577948
7.540000000000000 0.026893480820404
7.550000000000000 0.026695503585270
7.560000000000000 0.026497918021483
7.570000000000000 0.026300723279194
7.580000000000000 0.026103918509784
7.590000000000000 0.025907502865867
7.600000000000000 0.025711475501299
7.610000000000000 0.025524763943556
7.620000000000000 0.025338420695490
7.630000000000000 0.025152444956326
7.640000000000000 0.024966835926489
7.650000000000000 0.024781592807611
7.660000000000000 0.024596714802542
7.670000000000000 0.024412201115351
7.680000000000000 0.024228050951339
7.690000000000000 0.024044263517042
7.700000000000000 0.023860838020240
7.710000000000000 0.023686192122821
7.720000000000000 0.023511889430560
7.730000000000000 0.023337929194078
7.740000000000000 0.023164310665193
7.750000000000000 0.022991033096923
7.760000000000000 0.022818095743493
7.770000000000000 0.022645497860343
7.780000000000000 0.022473238704127
7.790000000000000 0.022301317532726
7.800000000000000 0.022129733605249
7.810000000000000 0.021966399952565
7.820000000000000 0.021803386023330
7.830000000000000 0.021640691116951
7.840000000000000 0.021478314534016
7.850000000000000 0.021316255576293
7.860000000000000 0.021154513546738
7.870000000000000 0.020993087749500
7.880000000000000 0.020831977489923
7.890000000000000 0.020671182074549
7.900000000000000 0.020510700811127
7.910000000000000 0.020357976097683
7.920000000000000 0.020205549143817
7.930000000000000 0.020053419295162
7.940000000000000 0.019901585898503
7.950000000000000 0.019750048301778
7.960000000000000 0.019598805854085
7.970000000000000 0.019447857905684
7.980000000000000 0.019297203807998
7.990000000000000 0.019146842913621
8.000000000000000 0.018996774576316
8.010000000000000 0.018853990785095
8.020000000000000 0.018711484231541
8.029999999999999 0.018569254304961
8.039999999999999 0.018427300395784
8.050000000000001 0.018285621895557
8.060000000000000 0.018144218196950
8.070000000000000 0.018003088693757
8.080000000000000 0.017862232780901
8.090000000000000 0.017721649854434
8.100000000000000 0.017581339311542
8.109999999999999 0.017447886500105
8.119999999999999 0.017314691724205
8.130000000000001 0.017181754414424
8.140000000000001 0.017049074002423
8.150000000000000 0.016916649920943
8.160000000000000 0.016784481603807
8.170000000000000 0.016652568485921
8.180000000000000 0.016520910003276
8.190000000000000 0.016389505592951
8.199999999999999 0.016258354693113
8.210000000000001 0.016133655106910
8.220000000000001 0.016009195603465
8.230000000000000 0.015884975652281
8.240000000000000 0.015760994723894
8.250000000000000 0.015637252289877
8.260000000000000 0.015513747822840
8.270000000000000 0.015390480796432
8.279999999999999 0.015267450685340
8.289999999999999 0.015144656965293
8.300000000000001 0.015022099113063
8.310000000000000 0.014905616761715
8.320000000000000 0.014789357700023
8.330000000000000 0.014673321434165
8.340000000000000 0.014557507471307
8.350000000000000 0.014441915319605
8.359999999999999 0.014326544488205
8.369999999999999 0.014211394487245
8.380000000000001 0.014096464827854
8.390000000000001 0.013981755022154
8.400000000000000 0.013867264583260
8.410000000000000 0.013758484395855
8.420000000000000 0.013649911816206
8.430000000000000 0.013541546384955
8.440000000000000 0.013433387643687
8.449999999999999 0.013325435134929
8.460000000000001 0.013217688402148
8.470000000000001 0.013110146989755
8.480000000000000 0.013002810443105
8.490000000000000 0.012895678308493
8.500000000000000 0.012788750133161
8.510000000000000 0.012687193006941
8.520000000000000 0.012585828839567
8.529999999999999 0.012484657204053
8.539999999999999 0.012383677674305
8.550000000000001 0.012282889825121
8.560000000000000 0.012182293232195
8.570000000000000 0.012081887472111
8.580000000000000 0.011981672122349
8.590000000000000 0.011881646761281
8.600000000000000 0.011781810968173
8.609999999999999 0.011687039258794
8.619999999999999 0.011592446803870
8.630000000000001 0.011498033206835
8.640000000000001 0.011403798071967
8.650000000000000 0.011309741004392
8.660000000000000 0.011215861610076
8.670000000000000 0.011122159495832
8.680000000000000 0.011028634269316
8.690000000000000 0.010935285539027
8.699999999999999 0.010842112914309
8.710000000000001 0.010753703253162
8.720000000000001 0.010665460051419
8.730000000000000 0.010577382941025
8.740000000000000 0.010489471554723
8.750000000000000 0.010401725526049
8.760000000000000 0.010314144489338
8.770000000000000 0.010226728079719
8.779999999999999 0.010139475933117
8.789999999999999 0.010052387686251
8.800000000000001 0.009965462976633
8.810000000000000 0.009883020310567
8.820000000000000 0.009800732155885
8.830000000000000 0.009718598171238
8.840000000000000 0.009636618016026
8.850000000000000 0.009554791350398
8.859999999999999 0.009473117835250
8.869999999999999 0.009391597132036
8.880000000000001 0.009310228903534
8.890000000000001 0.009229012812690
8.900000000000000 0.009147948523573
8.910000000000000 0.009071116681859
8.920000000000000 0.008994428168511
8.930000000000000 0.008917882667238
8.940000000000000 0.008841479862449
8.949999999999999 0.008765219439259
8.960000000000001 0.008689101083482
8.970000000000001 0.008613124481634
8.980000000000000 0.008537289320933
8.990000000000000 0.008461595289297
9.000000000000000 0.008386042075341
9.010000000000000 0.008314474587478
9.020000000000000 0.008243039984412
9.029999999999999 0.008171737973293
9.039999999999999 0.008100568261929
9.050000000000001 0.008029530558788
9.060000000000000 0.007958624572994
9.070000000000000 0.007887850014326
9.080000000000000 0.007817206593221
9.090000000000000 0.007746694020769
9.100000000000000 0.007676312008716
9.109999999999999 0.007609674472522
9.119999999999999 0.007543160086917
9.130000000000001 0.007476768580931
9.140000000000001 0.007410499684210
9.150000000000000 0.007344353127014
9.160000000000000 0.007278328640216
9.170000000000000 0.007212425955303
9.180000000000000 0.007146644804375
9.190000000000000 0.007080984920143
9.199999999999999 0.007015446035927
9.210000000000001 0.006953445104090
9.220000000000001 0.006891558213498
9.230000000000000 0.006829785113673
9.240000000000000 0.006768125554710
9.250000000000000 0.006706579287278
9.260000000000000 0.006645146062616
9.270000000000000 0.006583825632538
9.279999999999999 0.006522617749426
9.289999999999999 0.006461522166233
9.300000000000001 0.006400538636481
9.310000000000000 0.006342892995865
9.320000000000000 0.006285352883051
9.330000000000000 0.006227918066719
9.340000000000000 0.006170588316081
9.350000000000000 0.006113363400883
9.359999999999999 0.006056243091403
9.369999999999999 0.005999227158452
9.380000000000001 0.005942315373371
9.390000000000001 0.005885507508031
9.400000000000000 0.005828803334833
9.410000000000000 0.005775236135458
9.420000000000000 0.005721766531669
9.430000000000000 0.005668394309992
9.440000000000000 0.005615119257450
9.449999999999999 0.005561941161562
9.460000000000001 0.005508859810342
9.470000000000001 0.005455874992295
9.480000000000000 0.005402986496424
9.490000000000000 0.005350194112220
9.500000000000000 0.005297497629668
9.510000000000000 0.005247772100388
9.520000000000000 0.005198136735102
9.529999999999999 0.005148591337047
9.539999999999999 0.005099135709923
9.550000000000001 0.005049769657891
9.560000000000000 0.005000492985567
9.570000000000000 0.004951305498027
9.580000000000000 0.004902207000804
9.590000000000000 0.004853197299888
9.600000000000000 0.004804276201723
9.609999999999999 0.004758148770931
9.619999999999999 0.004712104580134
9.630000000000001 0.004666143448129
9.640000000000001 0.004620265194141
9.650000000000000 0.004574469637819
9.660000000000000 0.004528756599236
9.670000000000000 0.004483125898890
9.680000000000000 0.004437577357703
9.690000000000000 0.004392110797016
9.699999999999999 0.004346726038596
9.710000000000001 0.004303983809746
9.720000000000001 0.004261318342499
9.730000000000000 0.004218729470192
9.740000000000000 0.004176217026555
9.750000000000000 0.004133780845710
9.760000000000000 0.004091420762175
9.770000000000000 0.004049136610855
9.779999999999999 0.004006928227050
9.789999999999999 0.003964795446446
9.800000000000001 0.003922738105121
9.810000000000000 0.003883170569876
9.820000000000000 0.003843673753947
9.830000000000000 0.003804247504211
9.840000000000000 0.003764891667907
9.850000000000000 0.003725606092636
9.859999999999999 0.003686390626363
9.869999999999999 0.003647245117412
9.880000000000001 0.003608169414468
9.890000000000001 0.003569163366576
9.900000000000000 0.003530226823140
9.910000000000000 0.003493641025980
9.920000000000000 0.003457120305008
9.930000000000000 0.003420664519723
9.940000000000000 0.003384273529956
9.949999999999999 0.003347947195873
9.960000000000001 0.003311685377973
9.970000000000001 0.003275487937087
9.980000000000000 0.003239354734378
9.990000000000000 0.003203285631341
10.000000000000000 0.003167280489800
