0.000000000000000 0.000000000000000
0.010000000000000 0.000188691998665
0.020000000000000 0.000751209578568
0.030000000000000 0.001682104593982
0.040000000000000 0.002975788562739
0.050000000000000 0.004626541464486
0.060000000000000 0.006628520540188
0.070000000000000 0.008975769072373
0.080000000000000 0.011662225126331
0.090000000000000 0.014681730233288
0.100000000000000 0.018028037997412
0.110000000000000 0.021679396576039
0.120000000000000 0.025639298973080
0.130000000000000 0.029900690559125
0.140000000000000 0.034456488541715
0.150000000000000 0.039299589667233
0.160000000000000 0.044422877730233
0.170000000000000 0.049819230880246
0.180000000000000 0.055481528717081
0.190000000000000 0.061402659166680
0.200000000000000 0.067575525130511
0.210000000000000 0.073947956008648
0.220000000000000 0.080550146695213
0.230000000000000 0.087374725330123
0.240000000000000 0.094414379886058
0.250000000000000 0.101661863208251
0.260000000000000 0.109109997792808
0.270000000000000 0.116751680303966
0.280000000000000 0.124579885831440
0.290000000000000 0.132587671889659
0.300000000000000 0.140768182161364
0.310000000000000 0.149021678068054
0.320000000000000 0.157424244184249
0.330000000000000 0.165969079295587
0.340000000000000 0.174649498683915
0.350000000000000 0.183458936158169
0.360000000000000 0.192390945852483
0.370000000000000 0.201439203798209
0.380000000000000 0.210597509276766
0.390000000000000 0.219859785960492
0.400000000000000 0.229220082848809
0.410000000000000 0.238508166034008
0.420000000000000 0.247870069424128
0.430000000000000 0.257300106552141
0.440000000000000 0.266792733691264
0.450000000000000 0.276342549340427
0.460000000000000 0.285944293555875
0.470000000000000 0.295592847137307
0.480000000000000 0.305283230676800
0.490000000000000 0.315010603478686
0.500000000000000 0.324770262358395
0.510000000000000 0.334319588434085
0.520000000000000 0.343878567605672
0.530000000000000 0.353442887768812
0.540000000000000 0.363008380342029
0.550000000000000 0.372571018073972
0.560000000000000 0.382126912783541
0.570000000000000 0.391672313039872
0.580000000000000 0.401203601788910
0.590000000000000 0.410717293933026
0.600000000000000 0.420210033869866
0.610000000000000 0.429341658156208
0.620000000000000 0.438431161298401
0.630000000000000 0.447475630404239
0.640000000000000 0.456472280931751
0.650000000000000 0.465418453651833
0.660000000000000 0.474311611613807
0.670000000000000 0.483149337118309
0.680000000000000 0.491929328701622
0.690000000000000 0.500649398135340
0.700000000000000 0.509307467444942
0.710000000000000 0.517486508033829
0.720000000000000 0.525585337442092
0.730000000000000 0.533602317573351
0.740000000000000 0.541535914691301
0.750000000000000 0.549384696217785
0.760000000000000 0.557147327578196
0.770000000000000 0.564822569096100
0.780000000000000 0.572409272938738
0.790000000000000 0.579906380114921
0.800000000000000 0.587312917526598
0.810000000000000 0.594148239603832
0.820000000000000 0.600878017915008
0.830000000000000 0.607501679265710
0.840000000000000 0.614018728317908
0.850000000000000 0.620428744658064
0.860000000000000 0.626731379933394
0.870000000000000 0.632926355056344
0.880000000000000 0.639013457477193
0.890000000000000 0.644992538524593
0.900000000000000 0.650863510813759
0.910000000000000 0.656129108658021
0.920000000000000 0.661275482603916
0.930000000000000 0.666302875930582
0.940000000000000 0.671211584749933
0.950000000000000 0.676001955572833
0.960000000000000 0.680674382946854
0.970000000000000 0.685229307164556
0.980000000000000 0.689667212041241
0.990000000000000 0.693988622761026
1.000000000000000 0.698194103790114
1.010000000000000 0.701805937847568
1.020000000000000 0.705294375888295
1.030000000000000 0.708660233322725
1.040000000000000 0.711904357208080
1.050000000000000 0.715027624377275
1.060000000000000 0.718030939632476
1.070000000000000 0.720915234001821
1.080000000000000 0.723681463057867
1.090000000000000 0.726330605296250
1.100000000000000 0.728863660573112
1.110000000000000 0.730838039993388
1.120000000000000 0.732691781667956
1.130000000000000 0.734426062778470
1.140000000000000 0.736042075653090
1.150000000000000 0.737541026420152
1.160000000000000 0.738924133715096
1.170000000000000 0.740192627439140
1.180000000000000 0.741347747568194
1.190000000000000 0.742390743010573
1.200000000000000 0.743322870512033
1.210000000000000 0.743790387572919
1.220000000000000 0.744145226438590
1.230000000000000 0.744388748583758
1.240000000000000 0.744522318727709
1.250000000000000 0.744547303930599
1.260000000000000 0.744465072730625
1.270000000000000 0.744276994320735
1.280000000000000 0.743984437763577
1.290000000000000 0.743588771243403
1.300000000000000 0.743091361353689
1.310000000000000 0.742226031682907
1.320000000000000 0.741258992984361
1.330000000000000 0.740191661456692
1.340000000000000 0.739025448615208
1.350000000000000 0.737761760731513
1.360000000000000 0.736401998302829
1.370000000000000 0.734947555549946
1.380000000000000 0.733399819942746
1.390000000000000 0.731760171752294
1.400000000000000 0.730029983628482
1.410000000000000 0.728040087116903
1.420000000000000 0.725960961706840
1.430000000000000 0.723793987639928
1.440000000000000 0.721540535703656
1.450000000000000 0.719201966921156
1.460000000000000 0.716779632261562
1.470000000000000 0.714274872370097
1.480000000000000 0.711689017317124
1.490000000000000 0.709023386365381
1.500000000000000 0.706279287754661
1.510000000000000 0.703391168785642
1.520000000000000 0.700426711779887
1.530000000000000 0.697387202052386
1.540000000000000 0.694273913048571
1.550000000000000 0.691088106206117
1.560000000000000 0.687831030830300
1.570000000000000 0.684503923982331
1.580000000000000 0.681108010380102
1.590000000000000 0.677644502310778
1.600000000000000 0.674114599554724
1.610000000000000 0.670539343060497
1.620000000000000 0.666900163412627
1.630000000000000 0.663198219586592
1.640000000000000 0.659434657890952
1.650000000000000 0.655610611940360
1.660000000000000 0.651727202637077
1.670000000000000 0.647785538160572
1.680000000000000 0.643786713964826
1.690000000000000 0.639731812782944
1.700000000000000 0.635621904638727
1.710000000000000 0.631569985306266
1.720000000000000 0.627465661852980
1.730000000000000 0.623309951829448
1.740000000000000 0.619103860399266
1.750000000000000 0.614848380378647
1.760000000000000 0.610544492281005
1.770000000000000 0.606193164366253
1.780000000000000 0.601795352694558
1.790000000000000 0.597352001184273
1.800000000000000 0.592864041673834
1.810000000000000 0.588510384846384
1.820000000000000 0.584114585058222
1.830000000000000 0.579677518173297
1.840000000000000 0.575200048567759
1.850000000000000 0.570683029205211
1.860000000000000 0.566127301714634
1.870000000000000 0.561533696470772
1.880000000000000 0.556903032676825
1.890000000000000 0.552236118449292
1.900000000000000 0.547533750904783
1.910000000000000 0.543027216329974
1.920000000000000 0.538487439754632
1.930000000000000 0.533915163018570
1.940000000000000 0.529311117688325
1.950000000000000 0.524676025147686
1.960000000000000 0.520010596689386
1.970000000000000 0.515315533607858
1.980000000000000 0.510591527292940
1.990000000000000 0.505839259324429
2.000000000000000 0.501059401567395
2.010000000000000 0.496529420318608
2.020000000000000 0.491973763805949
2.030000000000000 0.487393051363536
2.040000000000000 0.482787893388627
2.050000000000000 0.478158891434558
2.060000000000000 0.473506638303972
2.070000000000000 0.468831718142237
2.080000000000000 0.464134706531023
2.090000000000000 0.459416170581954
2.100000000000000 0.454676669030284
2.110000000000000 0.450224165776713
2.120000000000000 0.445752282848454
2.130000000000000 0.441261531133720
2.140000000000000 0.436752413906508
2.150000000000000 0.432225426914547
2.160000000000000 0.427681058467011
2.170000000000000 0.423119789521972
2.180000000000000 0.418542093773538
2.190000000000000 0.413948437738669
2.200000000000000 0.409339280843604
2.210000000000000 0.405041399767014
2.220000000000000 0.400729281050115
2.230000000000000 0.396403341746851
2.240000000000000 0.392063992529403
2.250000000000000 0.387711637767327
2.260000000000000 0.383346675606199
2.270000000000000 0.378969498045764
2.280000000000000 0.374580491017562
2.290000000000000 0.370180034462013
2.300000000000000 0.365768502404952
2.310000000000000 0.361682298876801
2.320000000000000 0.357585985419206
2.330000000000000 0.353479899301069
2.340000000000000 0.349364372513809
2.350000000000000 0.345239731840153
2.360000000000000 0.341106298922349
2.370000000000000 0.336964390329791
2.380000000000000 0.332814317626050
2.390000000000000 0.328656387435289
2.400000000000000 0.324490901508090
2.410000000000000 0.320655137650545
2.420000000000000 0.316812519750650
2.430000000000000 0.312963318257928
2.440000000000000 0.309107799305575
2.450000000000000 0.305246224768788
2.460000000000000 0.301378852322519
2.470000000000000 0.297505935498634
2.480000000000000 0.293627723742483
2.490000000000000 0.289744462468874
2.500000000000000 0.285856393117459
2.510000000000000 0.282295956042220
2.520000000000000 0.278731187291276
2.530000000000000 0.275162301998844
2.540000000000000 0.271589511802457
2.550000000000000 0.268013024891490
2.560000000000000 0.264433046055157
2.570000000000000 0.260849776729947
2.580000000000000 0.257263415046532
2.590000000000000 0.253674155876124
2.600000000000000 0.250082190876298
2.610000000000000 0.246810213864792
2.620000000000000 0.243535820293074
2.630000000000000 0.240259179978624
2.640000000000000 0.236980459929827
2.650000000000000 0.233699824385752
2.660000000000000 0.230417434855434
2.670000000000000 0.227133450156693
2.680000000000000 0.223848026454466
2.690000000000000 0.220561317298672
2.700000000000000 0.217273473661606
2.710000000000000 0.214294401185545
2.720000000000000 0.211314331957161
2.730000000000000 0.208333398987354
2.740000000000000 0.205351733047603
2.750000000000000 0.202369462702151
2.760000000000000 0.199386714339775
2.770000000000000 0.196403612205153
2.780000000000000 0.193420278429824
2.790000000000000 0.190436833062754
2.800000000000000 0.187453394100497
2.810000000000000 0.184762793750164
2.820000000000000 0.182072219267652
2.830000000000000 0.179381774067494
2.840000000000000 0.176691559790755
2.850000000000000 0.174001676330810
2.860000000000000 0.171312221858774
2.870000000000000 0.168623292848601
2.880000000000000 0.165934984101848
2.890000000000000 0.163247388772108
2.900000000000000 0.160560598389115
2.910000000000000 0.158149810960957
2.920000000000000 0.155739757354037
2.930000000000000 0.153330517337677
2.940000000000000 0.150922169285932
2.950000000000000 0.148514790198039
2.960000000000000 0.146108455718599
2.970000000000000 0.143703240157479
2.980000000000000 0.141299216509438
2.990000000000000 0.138896456473493
3.000000000000000 0.136495030472016
3.010000000000000 0.134351227661398
3.020000000000000 0.132208621440371
3.030000000000000 0.130067272833073
3.040000000000000 0.127927241772803
3.050000000000000 0.125788587118119
3.060000000000000 0.123651366668712
3.070000000000000 0.121515637181062
3.080000000000000 0.119381454383877
3.090000000000000 0.117248872993317
3.100000000000000 0.115117946728004
3.110000000000000 0.113225477122388
3.120000000000000 0.111334479101961
3.130000000000000 0.109444998941037
3.140000000000000 0.107557082066354
3.150000000000000 0.105670773069642
3.160000000000000 0.103786115720025
3.170000000000000 0.101903152976246
3.180000000000000 0.100021926998714
3.190000000000000 0.098142479161394
3.200000000000000 0.096264850063515
3.210000000000000 0.094606519664798
3.220000000000000 0.092949794558374
3.230000000000000 0.091294709495232
3.240000000000000 0.089641298571955
3.250000000000000 0.087989595240476
3.260000000000000 0.086339632317690
3.270000000000000 0.084691441994928
3.280000000000000 0.083045055847301
3.290000000000000 0.081400504842910
3.300000000000000 0.079757819351919
3.310000000000000 0.078315538615289
3.320000000000000 0.076874893074007
3.330000000000000 0.075435908544721
3.340000000000000 0.073998610342160
3.350000000000000 0.072563023286637
3.360000000000000 0.071129171711455
3.370000000000000 0.069697079470193
3.380000000000000 0.068266769943901
3.390000000000000 0.066838266048186
3.400000000000000 0.065411590240200
3.410000000000000 0.064166994375156
3.420000000000000 0.062923989581836
3.430000000000000 0.061682594805578
3.440000000000000 0.060442828609466
3.450000000000000 0.059204709180063
3.460000000000000 0.057968254333071
3.470000000000000 0.056733481518901
3.480000000000000 0.055500407828166
3.490000000000000 0.054269049997098
3.500000000000000 0.053039424412882
3.510000000000000 0.051974312966454
3.520000000000000 0.050910697849931
3.530000000000000 0.049848592770543
3.540000000000000 0.048788011146640
3.550000000000000 0.047728966112035
3.560000000000000 0.046671470520298
3.570000000000000 0.045615536948979
3.580000000000000 0.044561177703771
3.590000000000000 0.043508404822621
3.600000000000000 0.042457230079772
3.610000000000000 0.041553897494489
3.620000000000000 0.040651934044314
3.630000000000000 0.039751349482744
3.640000000000000 0.038852153346820
3.650000000000000 0.037954354960396
3.660000000000000 0.037057963437365
3.670000000000000 0.036162987684837
3.680000000000000 0.035269436406270
3.690000000000000 0.034377318104556
3.700000000000000 0.033486641085066
3.710000000000000 0.032728191585944
3.720000000000000 0.031970965331012
3.730000000000000 0.031214969122580
3.740000000000000 0.030460209602349
3.750000000000000 0.029706693253850
3.760000000000000 0.028954426404842
3.770000000000000 0.028203415229685
3.780000000000000 0.027453665751668
3.790000000000000 0.026705183845310
3.800000000000000 0.025957975238629
3.810000000000000 0.025328405943508
3.820000000000000 0.024699905743566
3.830000000000000 0.024072479267381
3.840000000000000 0.023446131025704
3.850000000000000 0.022820865413256
3.860000000000000 0.022196686710499
3.870000000000000 0.021573599085377
3.880000000000000 0.020951606595041
3.890000000000000 0.020330713187538
3.900000000000000 0.019710922703487
3.910000000000000 0.019195249466725
3.920000000000000 0.018680490564560
3.930000000000000 0.018166649049809
3.940000000000000 0.017653727890001
3.950000000000000 0.017141729968687
3.960000000000000 0.016630658086722
3.970000000000000 0.016120514963542
3.980000000000000 0.015611303238409
3.990000000000000 0.015103025471649
4.000000000000000 0.014595684145867
4.010000000000000 0.014179966472919
4.020000000000000 0.013765013289666
4.030000000000000 0.013350826529108
4.040000000000000 0.012937408063504
4.050000000000000 0.012524759705309
4.060000000000000 0.012112883208100
4.070000000000000 0.011701780267482
4.080000000000000 0.011291452521985
4.090000000000000 0.010881901553953
4.100000000000000 0.010473128890411
4.110000000000000 0.010144559514791
4.120000000000000 0.009816613386749
4.130000000000000 0.009489291663310
4.140000000000000 0.009162595459113
4.150000000000000 0.008836525847070
4.160000000000000 0.008511083859012
4.170000000000000 0.008186270486332
4.180000000000000 0.007862086680614
4.190000000000000 0.007538533354257
4.200000000000000 0.007215611381086
4.210000000000000 0.006962416406497
4.220000000000000 0.006709714584096
4.230000000000000 0.006457506551345
4.240000000000000 0.006205792916894
4.250000000000000 0.005954574261028
4.260000000000000 0.005703851136115
4.270000000000000 0.005453624067043
4.280000000000000 0.005203893551657
4.290000000000000 0.004954660061178
4.300000000000000 0.004705924040633
4.310000000000000 0.004517378845261
4.320000000000000 0.004329209304851
4.330000000000000 0.004141415725557
4.340000000000000 0.003953998394628
4.350000000000000 0.003766957580701
4.360000000000000 0.003580293534102
4.370000000000000 0.003394006487137
4.380000000000000 0.003208096654376
4.390000000000000 0.003022564232938
4.400000000000000 0.002837409402769
4.410000000000000 0.002703779628805
4.420000000000000 0.002570421335667
4.430000000000000 0.002437334633833
4.440000000000000 0.002304519621991
4.450000000000000 0.002171976387230
4.460000000000000 0.002039705005221
4.470000000000000 0.001907705540407
4.480000000000000 0.001775978046181
4.490000000000000 0.001644522565064
4.500000000000000 0.001513339128884
4.510000000000000 0.001425829554688
4.520000000000000 0.001338500772149
4.530000000000000 0.001251352791361
4.540000000000000 0.001164385615638
4.550000000000000 0.001077599241623
4.560000000000000 0.000990993659401
4.570000000000000 0.000904568852600
4.580000000000000 0.000818324798502
4.590000000000000 0.000732261468146
4.600000000000000 0.000646378826429
4.610000000000000 0.000597059147919
4.620000000000000 0.000547842847413
4.630000000000000 0.000498729899248
4.640000000000000 0.000449720274414
4.650000000000000 0.000400813940607
4.660000000000000 0.000352010862289
4.670000000000000 0.000303311000736
4.680000000000000 0.000254714314093
4.690000000000000 0.000206220757431
4.700000000000000 0.000157830282790
4.710000000000000 0.000141895457603
4.720000000000000 0.000125994414803
4.730000000000000 0.000110127137363
4.740000000000000 0.000094293607306
4.750000000000000 0.000078493805726
4.760000000000000 0.000062727712800
4.770000000000000 0.000046995307805
4.780000000000000 0.000031296569134
4.790000000000000 0.000015631474310
4.800000000000000 0.000000000000000
4.810000000000000 0.000000000000000
4.820000000000000 0.000000000000000
4.830000000000000 0.000000000000000
4.840000000000000 0.000000000000000
4.850000000000000 0.000000000000000
4.860000000000000 0.000000000000000
4.870000000000000 0.000000000000000
4.880000000000000 0.000000000000000
4.890000000000000 0.000000000000000
4.900000000000000 -0.000000000000000
4.910000000000000 0.000000000000000
4.920000000000000 0.000000000000000
4.930000000000000 0.000000000000000
4.940000000000000 0.000000000000000
4.950000000000000 0.000000000000000
4.960000000000000 0.000000000000000
4.970000000000000 0.000000000000000
4.980000000000000 0.000000000000000
4.990000000000000 0.000000000000000
5.000000000000000 -0.000000000000000
5.010000000000000 0.000000000000000
5.020000000000000 0.000000000000000
5.030000000000000 0.000000000000000
5.040000000000000 0.000000000000000
5.050000000000000 0.000000000000000
5.060000000000000 0.000000000000000
5.070000000000000 0.000000000000000
5.080000000000000 0.000000000000000
5.090000000000000 0.000000000000000
5.100000000000000 -0.000000000000000
5.110000000000000 0.000000000000000
5.120000000000000 0.000000000000000
5.130000000000000 0.000000000000000
5.140000000000000 0.000000000000000
5.150000000000000 0.000000000000000
5.160000000000000 0.000000000000000
5.170000000000000 0.000000000000000
5.180000000000000 0.000000000000000
5.190000000000000 0.000000000000000
5.200000000000000 -0.000000000000000
5.210000000000000 0.000000000000000
5.220000000000000 0.000000000000000
5.230000000000000 0.000000000000000
5.240000000000000 0.000000000000000
5.250000000000000 0.000000000000000
5.260000000000000 0.000000000000000
5.270000000000000 0.000000000000000
5.280000000000000 0.000000000000000
5.290000000000000 0.000000000000000
5.300000000000000 0.000000000000000
5.310000000000000 0.000000000000000
5.320000000000000 0.000000000000000
5.330000000000000 0.000000000000000
5.340000000000000 0.000000000000000
5.350000000000000 0.000000000000000
5.360000000000000 0.000000000000000
5.370000000000000 0.000000000000000
5.380000000000000 0.000000000000000
5.390000000000000 0.000000000000000
5.400000000000000 -0.000000000000000
5.410000000000000 0.000000000000000
5.420000000000000 0.000000000000000
5.430000000000000 0.000000000000000
5.440000000000000 0.000000000000000
5.450000000000000 0.000000000000000
5.460000000000000 0.000000000000000
5.470000000000000 0.000000000000000
5.480000000000000 0.000000000000000
5.490000000000000 0.000000000000000
5.500000000000000 -0.000000000000000
5.510000000000000 0.000000000000000
5.520000000000000 0.000000000000000
5.530000000000000 0.000000000000000
5.540000000000000 0.000000000000000
5.550000000000000 0.000000000000000
5.560000000000000 0.000000000000000
5.570000000000000 0.000000000000000
5.580000000000000 0.000000000000000
5.590000000000000 0.000000000000000
5.600000000000000 -0.000000000000000
5.610000000000000 0.000000000000000
5.620000000000000 0.000000000000000
5.630000000000000 0.000000000000000
5.640000000000000 0.000000000000000
5.650000000000000 0.000000000000000
5.660000000000000 0.000000000000000
5.670000000000000 0.000000000000000
5.680000000000000 0.000000000000000
5.690000000000000 0.000000000000000
5.700000000000000 -0.000000000000000
5.710000000000000 0.000000000000000
5.720000000000000 0.000000000000000
5.730000000000000 0.000000000000000
5.740000000000000 0.000000000000000
5.750000000000000 0.000000000000000
5.760000000000000 0.000000000000000
5.770000000000000 0.000000000000000
5.780000000000000 0.000000000000000
5.790000000000000 0.000000000000000
5.800000000000000 0.000000000000000
5.810000000000000 0.000000000000000
5.820000000000000 0.000000000000000
5.830000000000000 0.000000000000000
5.840000000000000 0.000000000000000
5.850000000000000 0.000000000000000
5.860000000000000 0.000000000000000
5.870000000000000 0.000000000000000
5.880000000000000 0.000000000000000
5.890000000000000 0.000000000000000
5.900000000000000 -0.000000000000000
5.910000000000000 0.000000000000000
5.920000000000000 0.000000000000000
5.930000000000000 0.000000000000000
5.940000000000000 0.000000000000000
5.950000000000000 0.000000000000000
5.960000000000000 0.000000000000000
5.970000000000000 0.000000000000000
5.980000000000000 0.000000000000000
5.990000000000000 0.000000000000000
6.000000000000000 -0.000000000000000
6.010000000000000 0.000000000000000
6.020000000000000 0.000000000000000
6.030000000000000 0.000000000000000
6.040000000000000 0.000000000000000
6.050000000000000 0.000000000000000
6.060000000000000 0.000000000000000
6.070000000000000 0.000000000000000
6.080000000000000 0.000000000000000
6.090000000000000 0.000000000000000
6.100000000000000 -0.000000000000000
6.110000000000000 0.000000000000000
6.120000000000000 0.000000000000000
6.130000000000000 0.000000000000000
6.140000000000000 0.000000000000000
6.150000000000000 0.000000000000000
6.160000000000000 0.000000000000000
6.170000000000000 0.000000000000000
6.180000000000000 0.000000000000000
6.190000000000000 0.000000000000000
6.200000000000000 -0.000000000000000
6.210000000000000 0.000000000000000
6.220000000000000 0.000000000000000
6.230000000000000 0.000000000000000
6.240000000000000 0.000000000000000
6.250000000000000 0.000000000000000
6.260000000000000 0.000000000000000
6.270000000000000 0.000000000000000
6.280000000000000 0.000000000000000
6.290000000000000 0.000000000000000
6.300000000000000 0.000000000000000
6.310000000000000 0.000000000000000
6.320000000000000 0.000000000000000
6.330000000000000 0.000000000000000
6.340000000000000 0.000000000000000
6.350000000000000 0.000000000000000
6.360000000000000 0.000000000000000
6.370000000000000 0.000000000000000
6.380000000000000 0.000000000000000
6.390000000000000 0.000000000000000
6.400000000000000 -0.000000000000000
6.410000000000000 0.000000000000000
6.420000000000000 0.000000000000000
6.430000000000000 0.000000000000000
6.440000000000000 0.000000000000000
6.450000000000000 0.000000000000000
6.460000000000000 0.000000000000000
6.470000000000000 0.000000000000000
6.480000000000000 0.000000000000000
6.490000000000000 0.000000000000000
6.500000000000000 -0.000000000000000
6.510000000000000 0.000000000000000
6.520000000000000 0.000000000000000
6.530000000000000 0.000000000000000
6.540000000000000 0.000000000000000
6.550000000000000 0.000000000000000
6.560000000000000 0.000000000000000
6.570000000000000 0.000000000000000
6.580000000000000 0.000000000000000
6.590000000000000 0.000000000000000
6.600000000000000 -0.000000000000000
6.610000000000000 0.000000000000000
6.620000000000000 0.000000000000000
6.630000000000000 0.000000000000000
6.640000000000000 0.000000000000000
6.650000000000000 0.000000000000000
6.660000000000000 0.000000000000000
6.670000000000000 0.000000000000000
6.680000000000000 0.000000000000000
6.690000000000000 0.000000000000000
6.700000000000000 -0.000000000000000
6.710000000000000 0.000000000000000
6.720000000000000 0.000000000000000
6.730000000000000 0.000000000000000
6.740000000000000 0.000000000000000
6.750000000000000 0.000000000000000
6.760000000000000 0.000000000000000
6.770000000000000 0.000000000000000
6.780000000000000 0.000000000000000
6.790000000000000 0.000000000000000
6.800000000000000 0.000000000000000
6.810000000000000 0.000000000000000
6.820000000000000 0.000000000000000
6.830000000000000 0.000000000000000
6.840000000000000 0.000000000000000
6.850000000000000 0.000000000000000
6.860000000000000 0.000000000000000
6.870000000000000 0.000000000000000
6.880000000000000 0.000000000000000
6.890000000000000 0.000000000000000
6.900000000000000 -0.000000000000000
6.910000000000000 0.000000000000000
6.920000000000000 0.000000000000000
6.930000000000000 0.000000000000000
6.940000000000000 0.000000000000000
6.950000000000000 0.000000000000000
6.960000000000000 0.000000000000000
6.970000000000000 0.000000000000000
6.980000000000000 0.000000000000000
6.990000000000000 0.000000000000000
7.000000000000000 -0.000000000000000
7.010000000000000 0.000000000000000
7.020000000000000 0.000000000000000
7.030000000000000 0.000000000000000
7.040000000000000 0.000000000000000
7.050000000000000 0.000000000000000
7.060000000000000 0.000000000000000
7.070000000000000 0.000000000000000
7.080000000000000 0.000000000000000
7.090000000000000 0.000000000000000
7.100000000000000 -0.000000000000000
7.110000000000000 0.000000000000000
7.120000000000000 0.000000000000000
7.130000000000000 0.000000000000000
7.140000000000000 0.000000000000000
7.150000000000000 0.000000000000000
7.160000000000000 0.000000000000000
7.170000000000000 0.000000000000000
7.180000000000000 0.000000000000000
7.190000000000000 0.000000000000000
7.200000000000000 -0.000000000000000
7.210000000000000 0.000000000000000
7.220000000000000 0.000000000000000
7.230000000000000 0.000000000000000
7.240000000000000 0.000000000000000
7.250000000000000 0.000000000000000
7.260000000000000 0.000000000000000
7.270000000000000 0.000000000000000
7.280000000000000 0.000000000000000
7.290000000000000 0.000000000000000
7.300000000000000 0.000000000000000
7.310000000000000 0.000000000000000
7.320000000000000 0.000000000000000
7.330000000000000 0.000000000000000
7.340000000000000 0.000000000000000
7.350000000000000 0.000000000000000
7.360000000000000 0.000000000000000
7.370000000000000 0.000000000000000
7.380000000000000 0.000000000000000
7.390000000000000 0.000000000000000
7.400000000000000 -0.000000000000000
7.410000000000000 0.000000000000000
7.420000000000000 0.000000000000000
7.430000000000000 0.000000000000000
7.440000000000000 0.000000000000000
7.450000000000000 0.000000000000000
7.460000000000000 0.000000000000000
7.470000000000000 0.000000000000000
7.480000000000000 0.000000000000000
7.490000000000000 0.000000000000000
7.500000000000000 -0.000000000000000
7.510000000000000 0.000000000000000
7.520000000000000 0.000000000000000
7.530000000000000 0.000000000000000
7.540000000000000 0.000000000000000
7.550000000000000 0.000000000000000
7.560000000000000 0.000000000000000
7.570000000000000 0.000000000000000
7.580000000000000 0.000000000000000
7.590000000000000 0.000000000000000
7.600000000000000 -0.000000000000000
7.610000000000000 0.000000000000000
7.620000000000000 0.000000000000000
7.630000000000000 0.000000000000000
7.640000000000000 0.000000000000000
7.650000000000000 0.000000000000000
7.660000000000000 0.000000000000000
7.670000000000000 0.000000000000000
7.680000000000000 0.000000000000000
7.690000000000000 0.000000000000000
7.700000000000000 -0.000000000000000
7.710000000000000 0.000000000000000
7.720000000000000 0.000000000000000
7.730000000000000 0.000000000000000
7.740000000000000 0.000000000000000
7.750000000000000 0.000000000000000
7.760000000000000 0.000000000000000
7.770000000000000 0.000000000000000
7.780000000000000 0.000000000000000
7.790000000000000 0.000000000000000
7.800000000000000 0.000000000000000
7.810000000000000 0.000000000000000
7.820000000000000 0.000000000000000
7.830000000000000 0.000000000000000
7.840000000000000 0.000000000000000
7.850000000000000 0.000000000000000
7.860000000000000 0.000000000000000
7.870000000000000 0.000000000000000
7.880000000000000 0.000000000000000
7.890000000000000 0.000000000000000
7.900000000000000 -0.000000000000000
7.910000000000000 0.000000000000000
7.920000000000000 0.000000000000000
7.930000000000000 0.000000000000000
7.940000000000000 0.000000000000000
7.950000000000000 0.000000000000000
7.960000000000000 0.000000000000000
7.970000000000000 0.000000000000000
7.980000000000000 0.000000000000000
7.990000000000000 0.000000000000000
8.000000000000000 -0.000000000000000
8.010000000000000 0.000000000000000
8.020000000000000 0.000000000000000
8.029999999999999 0.000000000000000
8.039999999999999 0.000000000000000
8.050000000000001 0.000000000000000
8.060000000000000 0.000000000000000
8.070000000000000 0.000000000000000
8.080000000000000 0.000000000000000
8.090000000000000 0.000000000000000
8.100000000000000 -0.000000000000000
8.109999999999999 0.000000000000000
8.119999999999999 0.000000000000000
8.130000000000001 0.000000000000000
8.140000000000001 0.000000000000000
8.150000000000000 0.000000000000000
8.160000000000000 0.000000000000000
8.170000000000000 0.000000000000000
8.180000000000000 0.000000000000000
8.190000000000000 0.000000000000000
8.199999999999999 0.000000000000000
8.210000000000001 0.000000000000000
8.220000000000001 0.000000000000000
8.230000000000000 0.000000000000000
8.240000000000000 0.000000000000000
8.250000000000000 0.000000000000000
8.260000000000000 0.000000000000000
8.270000000000000 0.000000000000000
8.279999999999999 0.000000000000000
8.289999999999999 0.000000000000000
8.300000000000001 -0.000000000000000
8.310000000000000 0.000000000000000
8.320000000000000 0.000000000000000
8.330000000000000 0.000000000000000
8.340000000000000 0.000000000000000
8.350000000000000 0.000000000000000
8.359999999999999 0.000000000000000
8.369999999999999 0.000000000000000
8.380000000000001 0.000000000000000
8.390000000000001 0.000000000000000
8.400000000000000 -0.000000000000000
8.410000000000000 0.000000000000000
8.420000000000000 0.000000000000000
8.430000000000000 0.000000000000000
8.440000000000000 0.000000000000000
8.449999999999999 0.000000000000000
8.460000000000001 0.000000000000000
8.470000000000001 0.000000000000000
8.480000000000000 0.000000000000000
8.490000000000000 0.000000000000000
8.500000000000000 -0.000000000000000
8.510000000000000 0.000000000000000
8.520000000000000 0.000000000000000
8.529999999999999 0.000000000000000
8.539999999999999 0.000000000000000
8.550000000000001 0.000000000000000
8.560000000000000 0.000000000000000
8.570000000000000 0.000000000000000
8.580000000000000 0.000000000000000
8.590000000000000 0.000000000000000
8.600000000000000 -0.000000000000000
8.609999999999999 0.000000000000000
8.619999999999999 0.000000000000000
8.630000000000001 0.000000000000000
8.640000000000001 0.000000000000000
8.650000000000000 0.000000000000000
8.660000000000000 0.000000000000000
8.670000000000000 0.000000000000000
8.680000000000000 0.000000000000000
8.690000000000000 0.000000000000000
8.699999999999999 -0.000000000000000
8.710000000000001 0.000000000000000
8.720000000000001 0.000000000000000
8.730000000000000 0.000000000000000
8.740000000000000 0.000000000000000
8.750000000000000 0.000000000000000
8.760000000000000 0.000000000000000
8.770000000000000 0.000000000000000
8.779999999999999 0.000000000000000
8.789999999999999 0.000000000000000
8.800000000000001 -0.000000000000000
8.810000000000000 0.000000000000000
8.820000000000000 0.000000000000000
8.830000000000000 0.000000000000000
8.840000000000000 0.000000000000000
8.850000000000000 0.000000000000000
8.859999999999999 0.000000000000000
8.869999999999999 0.000000000000000
8.880000000000001 0.000000000000000
8.890000000000001 0.000000000000000
8.900000000000000 -0.000000000000000
8.910000000000000 0.000000000000000
8.920000000000000 0.000000000000000
8.930000000000000 0.000000000000000
8.940000000000000 0.000000000000000
8.949999999999999 0.000000000000000
8.960000000000001 0.000000000000000
8.970000000000001 0.000000000000000
8.980000000000000 0.000000000000000
8.990000000000000 0.000000000000000
9.000000000000000 -0.000000000000000
9.010000000000000 0.000000000000000
9.020000000000000 0.000000000000000
9.029999999999999 0.000000000000000
9.039999999999999 0.000000000000000
9.050000000000001 0.000000000000000
9.060000000000000 0.000000000000000
9.070000000000000 0.000000000000000
9.080000000000000 0.000000000000000
9.090000000000000 0.000000000000000
9.100000000000000 -0.000000000000000
9.109999999999999 0.000000000000000
9.119999999999999 0.000000000000000
9.130000000000001 0.000000000000000
9.140000000000001 0.000000000000000
9.150000000000000 0.000000000000000
9.160000000000000 0.000000000000000
9.170000000000000 0.000000000000000
9.180000000000000 0.000000000000000
9.190000000000000 0.000000000000000
9.199999999999999 -0.000000000000000
9.210000000000001 0.000000000000000
9.220000000000001 0.000000000000000
9.230000000000000 0.000000000000000
9.240000000000000 0.000000000000000
9.250000000000000 0.000000000000000
9.260000000000000 0.000000000000000
9.270000000000000 0.000000000000000
9.279999999999999 0.000000000000000
9.289999999999999 0.000000000000000
9.300000000000001 -0.000000000000000
9.310000000000000 0.000000000000000
9.320000000000000 0.000000000000000
9.330000000000000 0.000000000000000
9.340000000000000 0.000000000000000
9.350000000000000 0.000000000000000
9.359999999999999 0.000000000000000
9.369999999999999 0.000000000000000
9.380000000000001 0.000000000000000
9.390000000000001 0.000000000000000
9.400000000000000 -0.000000000000000
9.410000000000000 0.000000000000000
9.420000000000000 0.000000000000000
9.430000000000000 0.000000000000000
9.440000000000000 0.000000000000000
9.449999999999999 0.000000000000000
9.460000000000001 0.000000000000000
9.470000000000001 0.000000000000000
9.480000000000000 0.000000000000000
9.490000000000000 0.000000000000000
9.500000000000000 -0.000000000000000
9.510000000000000 0.000000000000000
9.520000000000000 0.000000000000000
9.529999999999999 0.000000000000000
9.539999999999999 0.000000000000000
9.550000000000001 0.000000000000000
9.560000000000000 0.000000000000000
9.570000000000000 0.000000000000000
9.580000000000000 0.000000000000000
9.590000000000000 0.000000000000000
9.600000000000000 0.000000000000000
9.609999999999999 0.000000000000000
9.619999999999999 0.000000000000000
9.630000000000001 0.000000000000000
9.640000000000001 0.000000000000000
9.650000000000000 0.000000000000000
9.660000000000000 0.000000000000000
9.670000000000000 0.000000000000000
9.680000000000000 0.000000000000000
9.690000000000000 0.000000000000000
9.699999999999999 -0.000000000000000
9.710000000000001 0.000000000000000
9.720000000000001 0.000000000000000
9.730000000000000 0.000000000000000
9.740000000000000 0.000000000000000
9.750000000000000 0.000000000000000
9.760000000000000 0.000000000000000
9.770000000000000 0.000000000000000
9.779999999999999 0.000000000000000
9.789999999999999 0.000000000000000
9.800000000000001 -0.000000000000000
9.810000000000000 0.000000000000000
9.820000000000000 0.000000000000000
9.830000000000000 0.000000000000000
9.840000000000000 0.000000000000000
9.850000000000000 0.000000000000000
9.859999999999999 0.000000000000000
9.869999999999999 0.000000000000000
9.880000000000001 0.000000000000000
9.890000000000001 0.000000000000000
9.900000000000000 -0.000000000000000
9.910000000000000 0.000000000000000
9.920000000000000 0.000000000000000
9.930000000000000 0.000000000000000
9.940000000000000 0.000000000000000
9.949999999999999 0.000000000000000
9.960000000000001 0.000000000000000
9.970000000000001 0.000000000000000
9.980000000000000 0.000000000000000
9.990000000000000 0.000000000000000
10.000000000000000 -0.000000000000000
