0.000000000000000 0.000000000000000
0.010000000000000 0.000098733684854
0.020000000000000 0.000394653071862
0.030000000000000 0.000887218690253
0.040000000000000 0.001575738708694
0.050000000000000 0.002459373535344
0.060000000000000 0.003537140528148
0.070000000000000 0.004807918801738
0.080000000000000 0.006270454117429
0.090000000000000 0.007923363842999
0.100000000000000 0.009765141969193
0.110000000000000 0.011787634878681
0.120000000000000 0.013993291031259
0.130000000000000 0.016380012886853
0.140000000000000 0.018945611097159
0.150000000000000 0.021687809500587
0.160000000000000 0.024604250091233
0.170000000000000 0.027692497952158
0.180000000000000 0.030950046143690
0.190000000000000 0.034374320538027
0.200000000000000 0.037962684591909
0.210000000000000 0.041697139229447
0.220000000000000 0.045587577073135
0.230000000000000 0.049631080995011
0.240000000000000 0.053824696778707
0.250000000000000 0.058165437339883
0.260000000000000 0.062650286842206
0.270000000000000 0.067276204704745
0.280000000000000 0.072040129497137
0.290000000000000 0.076938982719362
0.300000000000000 0.081969672463421
0.310000000000000 0.087108172133210
0.320000000000000 0.092369999596086
0.330000000000000 0.097751993208323
0.340000000000000 0.103250995360912
0.350000000000000 0.108863855415085
0.360000000000000 0.114587432511771
0.370000000000000 0.120418598255292
0.380000000000000 0.126354239271897
0.390000000000000 0.132391259644034
0.400000000000000 0.138526583221538
0.410000000000000 0.144730644030349
0.420000000000000 0.151024879494734
0.430000000000000 0.157406266860028
0.440000000000000 0.163871813694239
0.450000000000000 0.170418559522070
0.460000000000000 0.177043577348236
0.470000000000000 0.183743975072685
0.480000000000000 0.190516896800494
0.490000000000000 0.197359524049270
0.500000000000000 0.204269076856993
0.510000000000000 0.211204541264867
0.520000000000000 0.218199298806804
0.530000000000000 0.225250688664068
0.540000000000000 0.232356093943667
0.550000000000000 0.239512942253861
0.560000000000000 0.246718706200244
0.570000000000000 0.253970903805633
0.580000000000000 0.261267098856940
0.590000000000000 0.268604901182214
0.600000000000000 0.275981966860987
0.610000000000000 0.283331961059565
0.620000000000000 0.290713850305629
0.630000000000000 0.298125443247813
0.640000000000000 0.305564596731175
0.650000000000000 0.313029215632976
0.660000000000000 0.320517252651929
0.670000000000000 0.328026708053650
0.680000000000000 0.335555629375044
0.690000000000000 0.343102111090211
0.700000000000000 0.350664294240436
0.710000000000000 0.358137593606609
0.720000000000000 0.365619455388769
0.730000000000000 0.373108189175543
0.740000000000000 0.380602150762365
0.750000000000000 0.388099741547771
0.760000000000000 0.395599407910213
0.770000000000000 0.403099640567323
0.780000000000000 0.410598973919460
0.790000000000000 0.418095985379335
0.800000000000000 0.425589294689378
0.810000000000000 0.432924788694467
0.820000000000000 0.440249717246498
0.830000000000000 0.447562873630055
0.840000000000000 0.454863091656418
0.850000000000000 0.462149244857659
0.860000000000000 0.469420245680202
0.870000000000000 0.476675044678916
0.880000000000000 0.483912629712784
0.890000000000000 0.491132025143107
0.900000000000000 0.498332291035139
0.910000000000000 0.505307028752473
0.920000000000000 0.512256267827565
0.930000000000000 0.519179237513609
0.940000000000000 0.526075200139482
0.950000000000000 0.532943450268597
0.960000000000000 0.539783313868447
0.970000000000000 0.546594147491301
0.980000000000000 0.553375337466428
0.990000000000000 0.560126299104186
1.000000000000000 0.566846475912317
1.010000000000000 0.573276511936786
1.020000000000000 0.579670021190432
1.030000000000000 0.586026605639498
1.040000000000000 0.592345892474188
1.050000000000000 0.598627533334145
1.060000000000000 0.604871203549919
1.070000000000000 0.611076601400445
1.080000000000000 0.617243447386475
1.090000000000000 0.623371483519941
1.100000000000000 0.629460472629158
1.110000000000000 0.635211039601151
1.120000000000000 0.640917688278061
1.130000000000000 0.646580322235512
1.140000000000000 0.652198862890691
1.150000000000000 0.657773248847547
1.160000000000000 0.663303435259203
1.170000000000000 0.668789393207312
1.180000000000000 0.674231109098100
1.190000000000000 0.679628584074846
1.200000000000000 0.684981833446493
1.210000000000000 0.689958433559337
1.220000000000000 0.694886811785731
1.230000000000000 0.699767104446526
1.240000000000000 0.704599459282089
1.250000000000000 0.709384034934382
1.260000000000000 0.714121000445060
1.270000000000000 0.718810534769209
1.280000000000000 0.723452826304380
1.290000000000000 0.728048072434571
1.300000000000000 0.732596479088778
1.310000000000000 0.736751615487069
1.320000000000000 0.740856861044917
1.330000000000000 0.744912520372358
1.340000000000000 0.748918904250858
1.350000000000000 0.752876329248053
1.360000000000000 0.756785117346112
1.370000000000000 0.760645595583353
1.380000000000000 0.764458095708742
1.390000000000000 0.768222953848910
1.400000000000000 0.771940510187338
1.410000000000000 0.775258276169861
1.420000000000000 0.778526514720659
1.430000000000000 0.781745644140575
1.440000000000000 0.784916084831576
1.450000000000000 0.788038259027841
1.460000000000000 0.791112590537751
1.470000000000000 0.794139504496399
1.480000000000000 0.797119427128343
1.490000000000000 0.800052785520228
1.500000000000000 0.802940007402989
1.510000000000000 0.805438368010885
1.520000000000000 0.807889123287717
1.530000000000000 0.810292759543732
1.540000000000000 0.812649762203616
1.550000000000000 0.814960615633053
1.560000000000000 0.817225802973542
1.570000000000000 0.819445805985195
1.580000000000000 0.821621104897220
1.590000000000000 0.823752178265840
1.600000000000000 0.825839502839374
1.610000000000000 0.827557767052498
1.620000000000000 0.829231429221839
1.630000000000000 0.830861008070373
1.640000000000000 0.832447019368851
1.650000000000000 0.833989975836559
1.660000000000000 0.835490387048065
1.670000000000000 0.836948759345710
1.680000000000000 0.838365595757651
1.690000000000000 0.839741395921208
1.700000000000000 0.841076656011341
1.710000000000000 0.842071340870068
1.720000000000000 0.843025122713711
1.730000000000000 0.843938525821867
1.740000000000000 0.844812070200039
1.750000000000000 0.845646271535388
1.760000000000000 0.846441641156617
1.770000000000000 0.847198685997813
1.780000000000000 0.847917908566078
1.790000000000000 0.848599806912788
1.800000000000000 0.849244874608328
1.810000000000000 0.849583342493193
1.820000000000000 0.849884985619598
1.830000000000000 0.850150314579374
1.840000000000000 0.850379834944072
1.850000000000000 0.850574047259575
1.860000000000000 0.850733447043411
1.870000000000000 0.850858524784625
1.880000000000000 0.850949765946106
1.890000000000000 0.851007650969245
1.900000000000000 0.851032655280803
1.910000000000000 0.850787097581122
1.920000000000000 0.850508923722673
1.930000000000000 0.850198617723242
1.940000000000000 0.849856658259125
1.950000000000000 0.849483518685775
1.960000000000000 0.849079667060071
1.970000000000000 0.848645566164131
1.980000000000000 0.848181673530577
1.990000000000000 0.847688441469176
2.000000000000000 0.847166317094773
2.010000000000000 0.846411944922490
2.020000000000000 0.845629117777070
2.030000000000000 0.844818285012101
2.040000000000000 0.843979890621636
2.050000000000000 0.843114373277058
2.060000000000000 0.842222166364812
2.070000000000000 0.841303698024940
2.080000000000000 0.840359391190367
2.090000000000000 0.839389663626879
2.100000000000000 0.838394927973730
2.110000000000000 0.837204166760077
2.120000000000000 0.835988932487912
2.130000000000000 0.834749635647677
2.140000000000000 0.833486681554620
2.150000000000000 0.832200470394703
2.160000000000000 0.830891397270845
2.170000000000000 0.829559852249482
2.180000000000000 0.828206220407371
2.190000000000000 0.826830881878631
2.200000000000000 0.825434211901969
2.210000000000000 0.823877596228899
2.220000000000000 0.822300229505735
2.230000000000000 0.820702481775602
2.240000000000000 0.819084718219854
2.250000000000000 0.817447299207933
2.260000000000000 0.815790580347210
2.270000000000000 0.814114912532796
2.280000000000000 0.812420641997297
2.290000000000000 0.810708110360487
2.300000000000000 0.808977654678887
2.310000000000000 0.807120479672019
2.320000000000000 0.805245964937629
2.330000000000000 0.803354440460395
2.340000000000000 0.801446231749255
2.350000000000000 0.799521659887739
2.360000000000000 0.797581041584070
2.370000000000000 0.795624689221026
2.380000000000000 0.793652910905558
2.390000000000000 0.791666010518124
2.400000000000000 0.789664287761761
2.410000000000000 0.787565139414953
2.420000000000000 0.785451728079143
2.430000000000000 0.783324345415567
2.440000000000000 0.781183279027432
2.450000000000000 0.779028812508489
2.460000000000000 0.776861225491269
2.470000000000000 0.774680793694948
2.480000000000000 0.772487788972854
2.490000000000000 0.770282479359602
2.500000000000000 0.768065129117850
2.510000000000000 0.765777969690468
2.520000000000000 0.763479286115606
2.530000000000000 0.761169334185622
2.540000000000000 0.758848366058140
2.550000000000000 0.756516630301519
2.560000000000000 0.754174371939917
2.570000000000000 0.751821832497929
2.580000000000000 0.749459250044817
2.590000000000000 0.747086859238314
2.600000000000000 0.744704891368008
2.610000000000000 0.742277190454091
2.620000000000000 0.739840374665193
2.630000000000000 0.737394666849218
2.640000000000000 0.734940286629646
2.650000000000000 0.732477450447183
2.660000000000000 0.730006371600958
2.670000000000000 0.727527260289307
2.680000000000000 0.725040323650115
2.690000000000000 0.722545765800729
2.700000000000000 0.720043787877441
2.710000000000000 0.717516857672895
2.720000000000000 0.714982909845109
2.730000000000000 0.712442137417881
2.740000000000000 0.709894730576545
2.750000000000000 0.707340876705493
2.760000000000000 0.704780760425257
2.770000000000000 0.702214563629190
2.780000000000000 0.699642465519708
2.790000000000000 0.697064642644128
2.800000000000000 0.694481268930075
2.810000000000000 0.691890698079484
2.820000000000000 0.689294917833270
2.830000000000000 0.686694094521777
2.840000000000000 0.684088391992207
2.850000000000000 0.681477971642004
2.860000000000000 0.678862992451840
2.870000000000000 0.676243611018211
2.880000000000000 0.673619981585622
2.890000000000000 0.670992256078397
2.900000000000000 0.668360584132091
2.910000000000000 0.665736194738664
2.920000000000000 0.663108141388288
2.930000000000000 0.660476566751664
2.940000000000000 0.657841611338012
2.950000000000000 0.655203413524496
2.960000000000000 0.652562109585301
2.970000000000000 0.649917833720323
2.980000000000000 0.647270718083515
2.990000000000000 0.644620892810873
3.000000000000000 0.641968486048049
3.010000000000000 0.639336188157163
3.020000000000000 0.636701535028075
3.030000000000000 0.634064648497462
3.040000000000000 0.631425648528558
3.050000000000000 0.628784653236905
3.060000000000000 0.626141778915779
3.070000000000000 0.623497140061278
3.080000000000000 0.620850849397089
3.090000000000000 0.618203017898938
3.100000000000000 0.615553754818716
3.110000000000000 0.612935426529462
3.120000000000000 0.610315840837214
3.130000000000000 0.607695101345426
3.140000000000000 0.605073310039649
3.150000000000000 0.602450567309927
3.160000000000000 0.599826971972893
3.170000000000000 0.597202621293582
3.180000000000000 0.594577611006949
3.190000000000000 0.591952035339110
3.200000000000000 0.589325987028284
3.210000000000000 0.586739214128785
3.220000000000000 0.584152096359463
3.230000000000000 0.581564721462595
3.240000000000000 0.578977175787333
3.250000000000000 0.576389544309082
3.260000000000000 0.573801910648631
3.270000000000000 0.571214357091014
3.280000000000000 0.568626964604131
3.290000000000000 0.566039812857107
3.300000000000000 0.563452980238415
3.310000000000000 0.560911655487626
3.320000000000000 0.558370737127432
3.330000000000000 0.555830299171393
3.340000000000000 0.553290414436336
3.350000000000000 0.550751154559065
3.360000000000000 0.548212590012858
3.370000000000000 0.545674790123725
3.380000000000000 0.543137823086456
3.390000000000000 0.540601755980447
3.400000000000000 0.538066654785316
3.410000000000000 0.535582448562594
3.420000000000000 0.533099259343347
3.430000000000000 0.530617149297011
3.440000000000000 0.528136179567217
3.450000000000000 0.525656410286170
3.460000000000000 0.523177900588815
3.470000000000000 0.520700708626818
3.480000000000000 0.518224891582354
3.490000000000000 0.515750505681707
3.500000000000000 0.513277606208688
3.510000000000000 0.510859521950234
3.520000000000000 0.508442944303614
3.530000000000000 0.506027925259212
3.540000000000000 0.503614515929739
3.550000000000000 0.501202766562547
3.560000000000000 0.498792726551793
3.570000000000000 0.496384444450410
3.580000000000000 0.493977967981943
3.590000000000000 0.491573344052200
3.600000000000000 0.489170618760753
3.610000000000000 0.486825243869306
3.620000000000000 0.484481762045492
3.630000000000000 0.482140216562729
3.640000000000000 0.479800649944627
3.650000000000000 0.477463103975536
3.660000000000000 0.475127619710943
3.670000000000000 0.472794237487736
3.680000000000000 0.470462996934312
3.690000000000000 0.468133936980565
3.700000000000000 0.465807095867718
3.710000000000000 0.463539301045816
3.720000000000000 0.461273697876774
3.730000000000000 0.459010322190401
3.740000000000000 0.456749209176802
3.750000000000000 0.454490393395386
3.760000000000000 0.452233908783759
3.770000000000000 0.449979788666490
3.780000000000000 0.447728065763752
3.790000000000000 0.445478772199857
3.800000000000000 0.443231939511655
3.810000000000000 0.441045196613115
3.820000000000000 0.438860869396696
3.830000000000000 0.436678987352957
3.840000000000000 0.434499579427364
3.850000000000000 0.432322674027984
3.860000000000000 0.430148299033070
3.870000000000000 0.427976481798545
3.880000000000000 0.425807249165382
3.890000000000000 0.423640627466880
3.900000000000000 0.421476642535847
3.910000000000000 0.419372927226081
3.920000000000000 0.417271789290860
3.930000000000000 0.415173252837796
3.940000000000000 0.413077341510525
3.950000000000000 0.410984078495269
3.960000000000000 0.408893486527306
3.970000000000000 0.406805587897351
3.980000000000000 0.404720404457848
3.990000000000000 0.402637957629184
4.000000000000000 0.400558268405803
4.010000000000000 0.398538963036131
4.020000000000000 0.396522343769372
4.030000000000000 0.394508430152519
4.040000000000000 0.392497241338092
4.050000000000000 0.390488796089731
4.060000000000000 0.388483112787708
4.070000000000000 0.386480209434366
4.080000000000000 0.384480103659481
4.090000000000000 0.382482812725554
4.100000000000000 0.380488353533029
4.110000000000000 0.378553081944484
4.120000000000000 0.376620562791343
4.130000000000000 0.374690811770107
4.140000000000000 0.372763844242173
4.150000000000000 0.370839675238592
4.160000000000000 0.368918319464769
4.170000000000000 0.366999791305099
4.180000000000000 0.365084104827528
4.190000000000000 0.363171273788067
4.200000000000000 0.361261311635236
4.210000000000000 0.359409697533878
4.220000000000000 0.357560866058050
4.230000000000000 0.355714829660136
4.240000000000000 0.353871600508151
4.250000000000000 0.352031190489788
4.260000000000000 0.350193611216419
4.270000000000000 0.348358874027044
4.280000000000000 0.346526989992179
4.290000000000000 0.344697969917696
4.300000000000000 0.342871824348608
4.310000000000000 0.341102654378384
4.320000000000000 0.339336268116353
4.330000000000000 0.337572675290307
4.340000000000000 0.335811885386949
4.350000000000000 0.334053907655347
4.360000000000000 0.332298751110342
4.370000000000000 0.330546424535899
4.380000000000000 0.328796936488429
4.390000000000000 0.327050295300051
4.400000000000000 0.325306509081819
4.410000000000000 0.323618177677049
4.420000000000000 0.321932607388279
4.430000000000000 0.320249805662134
4.440000000000000 0.318569779741063
4.450000000000000 0.316892536666280
4.460000000000000 0.315218083280656
4.470000000000000 0.313546426231587
4.480000000000000 0.311877571973804
4.490000000000000 0.310211526772167
4.500000000000000 0.308548296704400
4.510000000000000 0.306938911488390
4.520000000000000 0.305332245694395
4.530000000000000 0.303728304865800
4.540000000000000 0.302127094373268
4.550000000000000 0.300528619417246
4.560000000000000 0.298932885030432
4.570000000000000 0.297339896080209
4.580000000000000 0.295749657271041
4.590000000000000 0.294162173146848
4.600000000000000 0.292577448093340
4.610000000000000 0.291044756063201
4.620000000000000 0.289514726833454
4.630000000000000 0.287987364365797
4.640000000000000 0.286462672476000
4.650000000000000 0.284940654836030
4.660000000000000 0.283421314976151
4.670000000000000 0.281904656286997
4.680000000000000 0.280390682021618
4.690000000000000 0.278879395297490
4.700000000000000 0.277370799098510
4.710000000000000 0.275912357059631
4.720000000000000 0.274456509613022
4.730000000000000 0.273003259411751
4.740000000000000 0.271552608985754
4.750000000000000 0.270104560743644
4.760000000000000 0.268659116974506
4.770000000000000 0.267216279849649
4.780000000000000 0.265776051424356
4.790000000000000 0.264338433639595
4.800000000000000 0.262903428323714
4.810000000000000 0.261516638324702
4.820000000000000 0.260132365972656
4.830000000000000 0.258750612843449
4.840000000000000 0.257371380409214
4.850000000000000 0.255994670039885
4.860000000000000 0.254620483004721
4.870000000000000 0.253248820473803
4.880000000000000 0.251879683519518
4.890000000000000 0.250513073118020
4.900000000000000 0.249148990150671
4.910000000000000 0.247831147703927
4.920000000000000 0.246515739608700
4.930000000000000 0.245202766559453
4.940000000000000 0.243892229163395
4.950000000000000 0.242584127941790
4.960000000000000 0.241278463331254
4.970000000000000 0.239975235685035
4.980000000000000 0.238674445274272
4.990000000000000 0.237376092289238
5.000000000000000 0.236080176840571
5.010000000000000 0.234828526606710
5.020000000000000 0.233579223035540
5.030000000000000 0.232332266105430
5.040000000000000 0.231087655721494
5.050000000000000 0.229845391716736
5.060000000000000 0.228605473853108
5.070000000000000 0.227367901822630
5.080000000000000 0.226132675248453
5.090000000000000 0.224899793685922
5.100000000000000 0.223669256623617
5.110000000000000 0.222481031788061
5.120000000000000 0.221295063136429
5.130000000000000 0.220111350070326
5.140000000000000 0.218929891930004
5.150000000000000 0.217750687995308
5.160000000000000 0.216573737486620
5.170000000000000 0.215399039565785
5.180000000000000 0.214226593337021
5.190000000000000 0.213056397847827
5.200000000000000 0.211888452089868
5.210000000000000 0.210760896721808
5.220000000000000 0.209635505593129
5.230000000000000 0.208512277645844
5.240000000000000 0.207391211770703
5.250000000000000 0.206272306808009
5.260000000000000 0.205155561548408
5.270000000000000 0.204040974733688
5.280000000000000 0.202928545057552
5.290000000000000 0.201818271166387
5.300000000000000 0.200710151660022
5.310000000000000 0.199640546400176
5.320000000000000 0.198573013039536
5.330000000000000 0.197507550158840
5.340000000000000 0.196444156296125
5.350000000000000 0.195382829947419
5.360000000000000 0.194323569567420
5.370000000000000 0.193266373570171
5.380000000000000 0.192211240329717
5.390000000000000 0.191158168180767
5.400000000000000 0.190107155419333
5.410000000000000 0.189092814221469
5.420000000000000 0.188080453094409
5.430000000000000 0.187070070339841
5.440000000000000 0.186061664224004
5.450000000000000 0.185055232978284
5.460000000000000 0.184050774799786
5.470000000000000 0.183048287851914
5.480000000000000 0.182047770264929
5.490000000000000 0.181049220136510
5.500000000000000 0.180052635532301
5.510000000000000 0.179090966683694
5.520000000000000 0.178131187217730
5.530000000000000 0.177173295225745
5.540000000000000 0.176217288769772
5.550000000000000 0.175263165883046
5.560000000000000 0.174310924570492
5.570000000000000 0.173360562809220
5.580000000000000 0.172412078549001
5.590000000000000 0.171465469712741
5.600000000000000 0.170520734196951
5.610000000000000 0.169609188669334
5.620000000000000 0.168699443592936
5.630000000000000 0.167791496905773
5.640000000000000 0.166885346521762
5.650000000000000 0.165980990331140
5.660000000000000 0.165078426200891
5.670000000000000 0.164177651975155
5.680000000000000 0.163278665475642
5.690000000000000 0.162381464502033
5.700000000000000 0.161486046832379
5.710000000000000 0.160622196736681
5.720000000000000 0.159760060255961
5.730000000000000 0.158899635222308
5.740000000000000 0.158040919448103
5.750000000000000 0.157183910726380
5.760000000000000 0.156328606831182
5.770000000000000 0.155475005517918
5.780000000000000 0.154623104523707
5.790000000000000 0.153772901567725
5.800000000000000 0.152924394351544
5.810000000000000 0.152105792809457
5.820000000000000 0.151288820694743
5.830000000000000 0.150473475772249
5.840000000000000 0.149659755790818
5.850000000000000 0.148847658483601
5.860000000000000 0.148037181568356
5.870000000000000 0.147228322747753
5.880000000000000 0.146421079709669
5.890000000000000 0.145615450127481
5.900000000000000 0.144811431660353
5.910000000000000 0.144035846606001
5.920000000000000 0.143261809405204
5.930000000000000 0.142489317787728
5.940000000000000 0.141718369470462
5.950000000000000 0.140948962157677
5.960000000000000 0.140181093541288
5.970000000000000 0.139414761301107
5.980000000000000 0.138649963105098
5.990000000000000 0.137886696609624
6.000000000000000 0.137124959459693
6.010000000000000 0.136390205635574
6.020000000000000 0.135656920970032
6.030000000000000 0.134925103183829
6.040000000000000 0.134194749987479
6.050000000000000 0.133465859081467
6.060000000000000 0.132738428156471
6.070000000000000 0.132012454893582
6.080000000000000 0.131287936964512
6.090000000000000 0.130564872031815
6.100000000000000 0.129843257749087
6.110000000000000 0.129147221837985
6.120000000000000 0.128452579422941
6.130000000000000 0.127759328236718
6.140000000000000 0.127067466004036
6.150000000000000 0.126376990441759
6.160000000000000 0.125687899259088
6.170000000000000 0.125000190157739
6.180000000000000 0.124313860832130
6.190000000000000 0.123628908969561
6.200000000000000 0.122945332250388
6.210000000000000 0.122286004157383
6.220000000000000 0.121627996967692
6.230000000000000 0.120971308442931
6.240000000000000 0.120315936338524
6.250000000000000 0.119661878403856
6.260000000000000 0.119009132382443
6.270000000000000 0.118357696012079
6.280000000000000 0.117707567024998
6.290000000000000 0.117058743148023
6.300000000000000 0.116411222102721
6.310000000000000 0.115786691604036
6.320000000000000 0.115163412489309
6.330000000000000 0.114541382562381
6.340000000000000 0.113920599622442
6.350000000000000 0.113301061464170
6.360000000000000 0.112682765877863
6.370000000000000 0.112065710649574
6.380000000000000 0.111449893561244
6.390000000000000 0.110835312390829
6.400000000000000 0.110221964912430
6.410000000000000 0.109630397229765
6.420000000000000 0.109040014506587
6.430000000000000 0.108450814599320
6.440000000000000 0.107862795361023
6.450000000000000 0.107275954641510
6.460000000000000 0.106690290287459
6.470000000000000 0.106105800142529
6.480000000000000 0.105522482047471
6.490000000000000 0.104940333840236
6.500000000000000 0.104359353356085
6.510000000000000 0.103799011710403
6.520000000000000 0.103239791637803
6.530000000000000 0.102681691055234
6.540000000000000 0.102124707877349
6.550000000000000 0.101568840016603
6.560000000000000 0.101014085383349
6.570000000000000 0.100460441885935
6.580000000000000 0.099907907430799
6.590000000000000 0.099356479922561
6.600000000000000 0.098806157264113
6.610000000000000 0.098275384785077
6.620000000000000 0.097745673487781
6.630000000000000 0.097217021355567
6.640000000000000 0.096689426370362
6.650000000000000 0.096162886512760
6.660000000000000 0.095637399762108
6.670000000000000 0.095112964096583
6.680000000000000 0.094589577493272
6.690000000000000 0.094067237928257
6.700000000000000 0.093545943376683
6.710000000000000 0.093043163247955
6.720000000000000 0.092541386840014
6.730000000000000 0.092040612206745
6.740000000000000 0.091540837401345
6.750000000000000 0.091042060476390
6.760000000000000 0.090544279483905
6.770000000000000 0.090047492475434
6.780000000000000 0.089551697502106
6.790000000000000 0.089056892614703
6.800000000000000 0.088563075863723
6.810000000000000 0.088086792030083
6.820000000000000 0.087611457302466
6.830000000000000 0.087137069808052
6.840000000000000 0.086663627673926
6.850000000000000 0.086191129027132
6.860000000000000 0.085719571994732
6.870000000000000 0.085248954703868
6.880000000000000 0.084779275281814
6.890000000000000 0.084310531856035
6.900000000000000 0.083842722554240
6.910000000000000 0.083391525636753
6.920000000000000 0.082941225944898
6.930000000000000 0.082491821680794
6.940000000000000 0.082043311046939
6.950000000000000 0.081595692246265
6.960000000000000 0.081148963482182
6.970000000000000 0.080703122958628
6.980000000000000 0.080258168880118
6.990000000000000 0.079814099451792
7.000000000000000 0.079370912879457
7.010000000000000 0.078943456360595
7.020000000000000 0.078516847847236
7.030000000000000 0.078091085617081
7.040000000000000 0.077666167948596
7.050000000000000 0.077242093121055
7.060000000000000 0.076818859414581
7.070000000000000 0.076396465110187
7.080000000000000 0.075974908489814
7.090000000000000 0.075554187836373
7.100000000000000 0.075134301433783
7.110000000000000 0.074729318804646
7.120000000000000 0.074325137500096
7.130000000000000 0.073921755873340
7.140000000000000 0.073519172278654
7.150000000000000 0.073117385071422
7.160000000000000 0.072716392608164
7.170000000000000 0.072316193246578
7.180000000000000 0.071916785345569
7.190000000000000 0.071518167265282
7.200000000000000 0.071120337367135
7.210000000000000 0.070736619379390
7.220000000000000 0.070353658492321
7.230000000000000 0.069971453133896
7.240000000000000 0.069590001733395
7.250000000000000 0.069209302721432
7.260000000000000 0.068829354529992
7.270000000000000 0.068450155592452
7.280000000000000 0.068071704343611
7.290000000000000 0.067693999219721
7.300000000000000 0.067317038658511
7.310000000000000 0.066953443413676
7.320000000000000 0.066590563391677
7.330000000000000 0.066228397094031
7.340000000000000 0.065866943023741
7.350000000000000 0.065506199685328
7.360000000000000 0.065146165584849
7.370000000000000 0.064786839229924
7.380000000000000 0.064428219129760
7.390000000000000 0.064070303795170
7.400000000000000 0.063713091738598
7.410000000000000 0.063368546055855
7.420000000000000 0.063024675944346
7.430000000000000 0.062681479977564
7.440000000000000 0.062338956730622
7.450000000000000 0.061997104780282
7.460000000000000 0.061655922704969
7.470000000000000 0.061315409084793
7.480000000000000 0.060975562501568
7.490000000000000 0.060636381538828
7.500000000000000 0.060297864781852
7.510000000000000 0.059971340670509
7.520000000000000 0.059645454628761
7.530000000000000 0.059320205300148
7.540000000000000 0.058995591329927
7.550000000000000 0.058671611365095
7.560000000000000 0.058348264054401
7.570000000000000 0.058025548048364
7.580000000000000 0.057703461999289
7.590000000000000 0.057382004561281
7.600000000000000 0.057061174390262
7.610000000000000 0.056751715466527
7.620000000000000 0.056442859125713
7.630000000000000 0.056134604079330
7.640000000000000 0.055826949040672
7.650000000000000 0.055519892724830
7.660000000000000 0.055213433848706
7.670000000000000 0.054907571131026
7.680000000000000 0.054602303292353
7.690000000000000 0.054297629055099
7.700000000000000 0.053993547143537
7.710000000000000 0.053700231000834
7.720000000000000 0.053407483908164
7.730000000000000 0.053115304642683
7.740000000000000 0.052823691983370
7.750000000000000 0.052532644711034
7.760000000000000 0.052242161608325
7.770000000000000 0.051952241459749
7.780000000000000 0.051662883051673
7.790000000000000 0.051374085172336
7.800000000000000 0.051085846611864
7.810000000000000 0.050807815332539
7.820000000000000 0.050530321397701
7.830000000000000 0.050253363647784
7.840000000000000 0.049976940925062
7.850000000000000 0.049701052073649
7.860000000000000 0.049425695939513
7.870000000000000 0.049150871370482
7.880000000000000 0.048876577216255
7.890000000000000 0.048602812328405
7.900000000000000 0.048329575560394
7.910000000000000 0.048066011769914
7.920000000000000 0.047802955365884
7.930000000000000 0.047540405249549
7.940000000000000 0.047278360323989
7.950000000000000 0.047016819494120
7.960000000000000 0.046755781666705
7.970000000000000 0.046495245750359
7.980000000000000 0.046235210655555
7.990000000000000 0.045975675294630
8.000000000000000 0.045716638581795
8.010000000000000 0.045466768762416
8.020000000000000 0.045217378030498
8.029999999999999 0.044968465345590
8.039999999999999 0.044720029669056
8.050000000000001 0.044472069964078
8.060000000000000 0.044224585195665
8.070000000000000 0.043977574330651
8.080000000000000 0.043731036337708
8.090000000000000 0.043484970187347
8.100000000000000 0.043239374851922
8.109999999999999 0.043002470269668
8.119999999999999 0.042766018043247
8.130000000000001 0.042530017188008
8.140000000000001 0.042294466721082
8.150000000000000 0.042059365661392
8.160000000000000 0.041824713029651
8.170000000000000 0.041590507848368
8.180000000000000 0.041356749141852
8.190000000000000 0.041123435936217
8.199999999999999 0.040890567259382
8.210000000000001 0.040665946337105
8.220000000000001 0.040441752509065
8.230000000000000 0.040217984843953
8.240000000000000 0.039994642412206
8.250000000000000 0.039771724286009
8.260000000000000 0.039549229539297
8.270000000000000 0.039327157247762
8.279999999999999 0.039105506488850
8.289999999999999 0.038884276341767
8.300000000000001 0.038663465887484
8.310000000000000 0.038450475929816
8.320000000000000 0.038237889213115
8.330000000000000 0.038025704856952
8.340000000000000 0.037813921982594
8.350000000000000 0.037602539713014
8.359999999999999 0.037391557172885
8.369999999999999 0.037180973488586
8.380000000000001 0.036970787788206
8.390000000000001 0.036760999201540
8.400000000000000 0.036551606860096
8.410000000000000 0.036349629549986
8.420000000000000 0.036148032962549
8.430000000000000 0.035946816265810
8.440000000000000 0.035745978629444
8.449999999999999 0.035545519224774
8.460000000000001 0.035345437224774
8.470000000000001 0.035145731804071
8.480000000000000 0.034946402138944
8.490000000000000 0.034747447407326
8.500000000000000 0.034548866788807
8.510000000000000 0.034357316036983
8.520000000000000 0.034166124754988
8.529999999999999 0.033975292156935
8.539999999999999 0.033784817458528
8.550000000000001 0.033594699877066
8.560000000000000 0.033404938631440
8.570000000000000 0.033215532942139
8.580000000000000 0.033026482031245
8.590000000000000 0.032837785122436
8.600000000000000 0.032649441440989
8.609999999999999 0.032467784546081
8.619999999999999 0.032286467022737
8.630000000000001 0.032105488128948
8.640000000000001 0.031924847124237
8.650000000000000 0.031744543269664
8.660000000000000 0.031564575827823
8.670000000000000 0.031384944062842
8.680000000000000 0.031205647240387
8.690000000000000 0.031026684627657
8.699999999999999 0.030848055493388
8.710000000000001 0.030675757488870
8.720000000000001 0.030503779909715
8.730000000000000 0.030332122055512
8.740000000000000 0.030160783227326
8.750000000000000 0.029989762727696
8.760000000000000 0.029819059860634
8.770000000000000 0.029648673931628
8.779999999999999 0.029478604247640
8.789999999999999 0.029308850117105
8.800000000000001 0.029139410849930
8.810000000000000 0.028975990220057
8.820000000000000 0.028812872110620
8.830000000000000 0.028650055860717
8.840000000000000 0.028487540810863
8.850000000000000 0.028325326302982
8.859999999999999 0.028163411680416
8.869999999999999 0.028001796287341
8.880000000000001 0.027840479471076
8.890000000000001 0.027679460578615
8.900000000000000 0.027518738959501
8.910000000000000 0.027363725858729
8.920000000000000 0.027208998384939
8.930000000000000 0.027054555914666
8.940000000000000 0.026900397825795
8.949999999999999 0.026746523497565
8.960000000000001 0.026592932310567
8.970000000000001 0.026439623646741
8.980000000000000 0.026286596889375
8.990000000000000 0.026133851423110
9.000000000000000 0.025981386633932
9.010000000000000 0.025834344600291
9.020000000000000 0.025687572240212
9.029999999999999 0.025541068965705
9.039999999999999 0.025394834190071
9.050000000000001 0.025248867327903
9.060000000000000 0.025103167795085
9.070000000000000 0.024957735008788
9.080000000000000 0.024812568387473
9.090000000000000 0.024667667350886
9.100000000000000 0.024523031320060
9.109999999999999 0.024383547015939
9.119999999999999 0.024244317320531
9.130000000000001 0.024105341679442
9.140000000000001 0.023966619539512
9.150000000000000 0.023828150348811
9.160000000000000 0.023689933556640
9.170000000000000 0.023551968613527
9.180000000000000 0.023414254971226
9.190000000000000 0.023276792082720
9.199999999999999 0.023139579402214
9.210000000000001 0.023007263682707
9.220000000000001 0.022875188342452
9.230000000000000 0.022743352858865
9.240000000000000 0.022611756710534
9.250000000000000 0.022480399377221
9.260000000000000 0.022349280339856
9.270000000000000 0.022218399080540
9.279999999999999 0.022087755082539
9.289999999999999 0.021957347830289
9.300000000000001 0.021827176809386
9.310000000000000 0.021701663224490
9.320000000000000 0.021576376574802
9.330000000000000 0.021451316367845
9.340000000000000 0.021326482112259
9.350000000000000 0.021201873317795
9.359999999999999 0.021077489495320
9.369999999999999 0.020953330156807
9.380000000000001 0.020829394815343
9.390000000000001 0.020705682985120
9.400000000000000 0.020582194181438
9.410000000000000 0.020463129067931
9.420000000000000 0.020344278199888
9.430000000000000 0.020225641113290
9.440000000000000 0.020107217345174
9.449999999999999 0.019989006433638
9.460000000000001 0.019871007917832
9.470000000000001 0.019753221337965
9.480000000000000 0.019635646235295
9.490000000000000 0.019518282152133
9.500000000000000 0.019401128631840
9.510000000000000 0.019288175065675
9.520000000000000 0.019175423771213
9.529999999999999 0.019062874311307
9.539999999999999 0.018950526249818
9.550000000000001 0.018838379151608
9.560000000000000 0.018726432582540
9.570000000000000 0.018614686109478
9.580000000000000 0.018503139300283
9.590000000000000 0.018391791723815
9.600000000000000 0.018280642949927
9.609999999999999 0.018173502642623
9.619999999999999 0.018066553270950
9.630000000000001 0.017959794423219
9.640000000000001 0.017853225688692
9.650000000000000 0.017746846657581
9.660000000000000 0.017640656921046
9.670000000000000 0.017534656071194
9.680000000000000 0.017428843701079
9.690000000000000 0.017323219404697
9.699999999999999 0.017217782776990
9.710000000000001 0.017116144786104
9.720000000000001 0.017014687049194
9.730000000000000 0.016913409178560
9.740000000000000 0.016812310787402
9.750000000000000 0.016711391489819
9.760000000000000 0.016610650900810
9.770000000000000 0.016510088636268
9.779999999999999 0.016409704312983
9.789999999999999 0.016309497548637
9.800000000000001 0.016209467961804
9.810000000000000 0.016113060121487
9.820000000000000 0.016016822430352
9.830000000000000 0.015920754523385
9.840000000000000 0.015824856036425
9.850000000000000 0.015729126606163
9.859999999999999 0.015633565870137
9.869999999999999 0.015538173466736
9.880000000000001 0.015442949035191
9.890000000000001 0.015347892215581
9.900000000000000 0.015253002648826
9.910000000000000 0.015161555110504
9.920000000000000 0.015070268183090
9.930000000000000 0.014979141522976
9.940000000000000 0.014888174787358
9.949999999999999 0.014797367634239
9.960000000000001 0.014706719722420
9.970000000000001 0.014616230711508
9.980000000000000 0.014525900261904
9.990000000000000 0.014435728034813
10.000000000000000 0.014345713692232
