0.000000000000000 0.000000000000000
0.010000000000000 0.000102347547090
0.020000000000000 0.000413460106420
0.030000000000000 0.000939158070018
0.040000000000000 0.001684886032959
0.050000000000000 0.002655717551675
0.060000000000000 0.003856360319045
0.070000000000000 0.005291161734074
0.080000000000000 0.006964114843471
0.090000000000000 0.008878864632000
0.100000000000000 0.011038714638172
0.110000000000000 0.013398317937797
0.120000000000000 0.015991292156190
0.130000000000000 0.018818095234855
0.140000000000000 0.021878955689349
0.150000000000000 0.025173879606588
0.160000000000000 0.028702657741388
0.170000000000000 0.032464872694083
0.180000000000000 0.036459906151543
0.190000000000000 0.040686946174442
0.200000000000000 0.045144994514175
0.210000000000000 0.049709013858838
0.220000000000000 0.054479949055661
0.230000000000000 0.059455305688131
0.240000000000000 0.064632488949594
0.250000000000000 0.070008809768071
0.260000000000000 0.075581490840655
0.270000000000000 0.081347672569082
0.280000000000000 0.087304418888738
0.290000000000000 0.093448722984014
0.300000000000000 0.099777512883548
0.310000000000000 0.106094725833422
0.320000000000000 0.112568912148416
0.330000000000000 0.119196373178946
0.340000000000000 0.125973403216083
0.350000000000000 0.132896293393702
0.360000000000000 0.139961335438960
0.370000000000000 0.147164825270802
0.380000000000000 0.154503066446565
0.390000000000000 0.161972373457186
0.400000000000000 0.169569074871835
0.410000000000000 0.177044040613685
0.420000000000000 0.184620184572075
0.430000000000000 0.192293723033207
0.440000000000000 0.200060920701201
0.450000000000000 0.207918092305399
0.460000000000000 0.215861604075726
0.470000000000000 0.223887875089817
0.480000000000000 0.231993378495741
0.490000000000000 0.240174642614205
0.500000000000000 0.248428251924235
0.510000000000000 0.256471037630641
0.520000000000000 0.264563483961683
0.530000000000000 0.272702333220883
0.540000000000000 0.280884400683263
0.550000000000000 0.289106574470716
0.560000000000000 0.297365815346498
0.570000000000000 0.305659156433218
0.580000000000000 0.313983702858668
0.590000000000000 0.322336631333724
0.600000000000000 0.330715189666442
0.610000000000000 0.338817547945767
0.620000000000000 0.346927070397864
0.630000000000000 0.355041276167341
0.640000000000000 0.363157760977734
0.650000000000000 0.371274195980157
0.660000000000000 0.379388326571455
0.670000000000000 0.387497971185223
0.680000000000000 0.395601020058943
0.690000000000000 0.403695433980333
0.700000000000000 0.411779243015855
0.710000000000000 0.419540118384494
0.720000000000000 0.427275901146093
0.730000000000000 0.434984916247897
0.740000000000000 0.442665557028058
0.750000000000000 0.450316283624641
0.760000000000000 0.457935621390457
0.770000000000000 0.465522159315613
0.780000000000000 0.473074548459588
0.790000000000000 0.480591500394492
0.800000000000000 0.488071785661050
0.810000000000000 0.495202212655911
0.820000000000000 0.502285051848292
0.830000000000000 0.509319345213409
0.840000000000000 0.516304189754497
0.850000000000000 0.523238735868984
0.860000000000000 0.530122185740901
0.870000000000000 0.536953791760233
0.880000000000000 0.543732854969786
0.890000000000000 0.550458723540086
0.900000000000000 0.557130791272760
0.910000000000000 0.563435422164612
0.920000000000000 0.569678173071680
0.930000000000000 0.575858667800027
0.940000000000000 0.581976570875677
0.950000000000000 0.588031586085604
0.960000000000000 0.594023455053052
0.970000000000000 0.599951955847064
0.980000000000000 0.605816901626020
0.990000000000000 0.611618139314979
1.000000000000000 0.617355548316556
1.010000000000000 0.622718799307765
1.020000000000000 0.628012426699029
1.030000000000000 0.633236493946323
1.040000000000000 0.638391092197177
1.050000000000000 0.643476339098079
1.060000000000000 0.648492377636402
1.070000000000000 0.653439375016303
1.080000000000000 0.658317521568018
1.090000000000000 0.663127029689950
1.100000000000000 0.667868132822950
1.110000000000000 0.672232086320160
1.120000000000000 0.676523557624577
1.130000000000000 0.680742922480077
1.140000000000000 0.684890573516025
1.150000000000000 0.688966919334373
1.160000000000000 0.692972383627386
1.170000000000000 0.696907404325254
1.180000000000000 0.700772432772893
1.190000000000000 0.704567932935205
1.200000000000000 0.708294380630101
1.210000000000000 0.711646084069559
1.220000000000000 0.714925973544857
1.230000000000000 0.718134631420418
1.240000000000000 0.721272648541572
1.250000000000000 0.724340623574735
1.260000000000000 0.727339162372689
1.270000000000000 0.730268877364252
1.280000000000000 0.733130386967628
1.290000000000000 0.735924315026757
1.300000000000000 0.738651290269975
1.310000000000000 0.740997426969767
1.320000000000000 0.743274716923027
1.330000000000000 0.745483869028428
1.340000000000000 0.747625594436205
1.350000000000000 0.749700606098174
1.360000000000000 0.751709618337243
1.370000000000000 0.753653346435797
1.380000000000000 0.755532506242342
1.390000000000000 0.757347813795791
1.400000000000000 0.759099984966829
1.410000000000000 0.760492491071216
1.420000000000000 0.761820833295988
1.430000000000000 0.763085782097926
1.440000000000000 0.764288105827248
1.450000000000000 0.765428570442781
1.460000000000000 0.766507939241595
1.470000000000000 0.767526972602556
1.480000000000000 0.768486427743329
1.490000000000000 0.769387058490312
1.500000000000000 0.770229615061055
1.510000000000000 0.770715927523862
1.520000000000000 0.771143628988095
1.530000000000000 0.771513508060152
1.540000000000000 0.771826348331158
1.550000000000000 0.772082928215980
1.560000000000000 0.772284020802535
1.570000000000000 0.772430393710985
1.580000000000000 0.772522808962431
1.590000000000000 0.772562022856733
1.600000000000000 0.772548785859086
1.610000000000000 0.772184445048101
1.620000000000000 0.771767481410743
1.630000000000000 0.771298671550710
1.640000000000000 0.770778785247137
1.650000000000000 0.770208585383159
1.660000000000000 0.769588827881501
1.670000000000000 0.768920261646799
1.680000000000000 0.768203628514352
1.690000000000000 0.767439663205036
1.700000000000000 0.766629093286097
1.710000000000000 0.765479466255271
1.720000000000000 0.764283356424630
1.730000000000000 0.763041507641645
1.740000000000000 0.761754655938236
1.750000000000000 0.760423529521707
1.760000000000000 0.759048848770247
1.770000000000000 0.757631326232769
1.780000000000000 0.756171666632887
1.790000000000000 0.754670566876821
1.800000000000000 0.753128716065028
1.810000000000000 0.751283233821307
1.820000000000000 0.749397411627579
1.830000000000000 0.747471945097098
1.840000000000000 0.745507521659196
1.850000000000000 0.743504820591439
1.860000000000000 0.741464513054547
1.870000000000000 0.739387262129903
1.880000000000000 0.737273722859513
1.890000000000000 0.735124542288271
1.900000000000000 0.732940359508404
1.910000000000000 0.730482340973754
1.920000000000000 0.727989899748893
1.930000000000000 0.725463675057489
1.940000000000000 0.722904297990973
1.950000000000000 0.720312391566222
1.960000000000000 0.717688570784712
1.970000000000000 0.715033442693026
1.980000000000000 0.712347606444626
1.990000000000000 0.709631653362797
2.000000000000000 0.706886167004649
2.010000000000000 0.703901350863156
2.020000000000000 0.700887689857926
2.030000000000000 0.697845762854397
2.040000000000000 0.694776140919828
2.050000000000000 0.691679387395081
2.060000000000000 0.688556057967005
2.070000000000000 0.685406700741332
2.080000000000000 0.682231856316016
2.090000000000000 0.679032057854972
2.100000000000000 0.675807831162142
2.110000000000000 0.672384260418050
2.120000000000000 0.668937009802056
2.130000000000000 0.665466596770099
2.140000000000000 0.661973531495022
2.150000000000000 0.658458316944391
2.160000000000000 0.654921448958307
2.170000000000000 0.651363416327192
2.180000000000000 0.647784700869487
2.190000000000000 0.644185777509247
2.200000000000000 0.640567114353568
2.210000000000000 0.636791956582255
2.220000000000000 0.632997821484233
2.230000000000000 0.629185166267038
2.240000000000000 0.625354441474257
2.250000000000000 0.621506091063837
2.260000000000000 0.617640552486026
2.270000000000000 0.613758256760943
2.280000000000000 0.609859628555739
2.290000000000000 0.605945086261342
2.300000000000000 0.602015042068748
2.310000000000000 0.598001281786828
2.320000000000000 0.593972777711518
2.330000000000000 0.589929927862235
2.340000000000000 0.585873124290039
2.350000000000000 0.581802753152409
2.360000000000000 0.577719194787457
2.370000000000000 0.573622823787582
2.380000000000000 0.569514009072537
2.390000000000000 0.565393113961909
2.400000000000000 0.561260496247003
2.410000000000000 0.557101905506399
2.420000000000000 0.552932286566328
2.430000000000000 0.548751981798049
2.440000000000000 0.544561328312872
2.450000000000000 0.540360658031104
2.460000000000000 0.536150297750344
2.470000000000000 0.531930569213133
2.480000000000000 0.527701789173948
2.490000000000000 0.523464269465536
2.500000000000000 0.519218317064583
2.510000000000000 0.515001644894240
2.520000000000000 0.510777140264859
2.530000000000000 0.506545094316195
2.540000000000000 0.502305793617571
2.550000000000000 0.498059520229786
2.560000000000000 0.493806551766340
2.570000000000000 0.489547161454005
2.580000000000000 0.485281618192732
2.590000000000000 0.481010186614888
2.600000000000000 0.476733127143836
2.610000000000000 0.472540441573340
2.620000000000000 0.468342613022208
2.630000000000000 0.464139886161913
2.640000000000000 0.459932501745709
2.650000000000000 0.455720696662990
2.660000000000000 0.451504703992999
2.670000000000000 0.447284753057913
2.680000000000000 0.443061069475292
2.690000000000000 0.438833875209899
2.700000000000000 0.434603388624901
2.710000000000000 0.430510626375264
2.720000000000000 0.426414926732217
2.730000000000000 0.422316492805823
2.740000000000000 0.418215524391018
2.750000000000000 0.414112218014413
2.760000000000000 0.410006766980528
2.770000000000000 0.405899361417431
2.780000000000000 0.401790188321819
2.790000000000000 0.397679431603523
2.800000000000000 0.393567272129443
2.810000000000000 0.389633863740724
2.820000000000000 0.385699275953890
2.830000000000000 0.381763675476271
2.840000000000000 0.377827226242193
2.850000000000000 0.373890089452639
2.860000000000000 0.369952423614420
2.870000000000000 0.366014384578816
2.880000000000000 0.362076125579724
2.890000000000000 0.358137797271299
2.900000000000000 0.354199547765109
2.910000000000000 0.350474369758641
2.920000000000000 0.346749366332428
2.930000000000000 0.343024672749071
2.940000000000000 0.339300421977051
2.950000000000000 0.335576744723877
2.960000000000000 0.331853769468790
2.970000000000000 0.328131622495027
2.980000000000000 0.324410427921658
2.990000000000000 0.320690307734980
3.000000000000000 0.316971381819507
3.010000000000000 0.313490179552639
3.020000000000000 0.310010151832036
3.030000000000000 0.306531407177417
3.040000000000000 0.303054052229832
3.050000000000000 0.299578191779005
3.060000000000000 0.296103928790307
3.070000000000000 0.292631364431352
3.080000000000000 0.289160598098242
3.090000000000000 0.285691727441438
3.100000000000000 0.282224848391284
3.110000000000000 0.279012063126349
3.120000000000000 0.275801149659783
3.130000000000000 0.272592194078929
3.140000000000000 0.269385280947526
3.150000000000000 0.266180493328014
3.160000000000000 0.262977912803519
3.170000000000000 0.259777619499538
3.180000000000000 0.256579692105320
3.190000000000000 0.253384207894954
3.200000000000000 0.250191242748157
3.210000000000000 0.247256957166917
3.220000000000000 0.244324993977053
3.230000000000000 0.241395420765804
3.240000000000000 0.238468303894791
3.250000000000000 0.235543708518026
3.260000000000000 0.232621698599670
3.270000000000000 0.229702336931546
3.280000000000000 0.226785685150403
3.290000000000000 0.223871803754937
3.300000000000000 0.220960752122578
3.310000000000000 0.218304001862420
3.320000000000000 0.215649830421988
3.330000000000000 0.212998290350693
3.340000000000000 0.210349433218702
3.350000000000000 0.207703309631377
3.360000000000000 0.205059969243507
3.370000000000000 0.202419460773340
3.380000000000000 0.199781832016426
3.390000000000000 0.197147129859245
3.400000000000000 0.194515400292663
3.410000000000000 0.192129641356911
3.420000000000000 0.189746566129612
3.430000000000000 0.187366215058446
3.440000000000000 0.184988627813765
3.450000000000000 0.182613843300088
3.460000000000000 0.180241899667427
3.470000000000000 0.177872834322452
3.480000000000000 0.175506683939509
3.490000000000000 0.173143484471464
3.500000000000000 0.170783271160409
3.510000000000000 0.168655715134699
3.520000000000000 0.166530836027135
3.530000000000000 0.164408664662411
3.540000000000000 0.162289231251564
3.550000000000000 0.160172565401073
3.560000000000000 0.158058696121817
3.570000000000000 0.155947651837913
3.580000000000000 0.153839460395428
3.590000000000000 0.151734149070962
3.600000000000000 0.149631744580118
3.610000000000000 0.147745370714116
3.620000000000000 0.145861588561402
3.630000000000000 0.143980421377739
3.640000000000000 0.142101891936654
3.650000000000000 0.140226022536607
3.660000000000000 0.138352835008044
3.670000000000000 0.136482350720361
3.680000000000000 0.134614590588759
3.690000000000000 0.132749575081011
3.700000000000000 0.130887324224125
3.710000000000000 0.129222994085685
3.720000000000000 0.127561118098566
3.730000000000000 0.125901713621383
3.740000000000000 0.124244797635274
3.750000000000000 0.122590386749529
3.760000000000000 0.120938497207120
3.770000000000000 0.119289144890165
3.780000000000000 0.117642345325309
3.790000000000000 0.115998113689029
3.800000000000000 0.114356464812867
3.810000000000000 0.112896277143152
3.820000000000000 0.111438370040721
3.830000000000000 0.109982756298120
3.840000000000000 0.108529448413782
3.850000000000000 0.107078458596417
3.860000000000000 0.105629798769334
3.870000000000000 0.104183480574710
3.880000000000000 0.102739515377793
3.890000000000000 0.101297914271044
3.900000000000000 0.099858688078228
3.910000000000000 0.098579806107503
3.920000000000000 0.097303019427374
3.930000000000000 0.096028337350616
3.940000000000000 0.094755768961146
3.950000000000000 0.093485323117448
3.960000000000000 0.092217008455948
3.970000000000000 0.090950833394343
3.980000000000000 0.089686806134887
3.990000000000000 0.088424934667617
4.000000000000000 0.087165226773551
4.010000000000000 0.086047079428262
4.020000000000000 0.084930839020702
4.030000000000000 0.083816512226168
4.040000000000000 0.082704105542131
4.050000000000000 0.081593625290912
4.060000000000000 0.080485077622315
4.070000000000000 0.079378468516220
4.080000000000000 0.078273803785143
4.090000000000000 0.077171089076760
4.100000000000000 0.076070329876393
4.110000000000000 0.075094551602195
4.120000000000000 0.074120494681019
4.130000000000000 0.073148163801742
4.140000000000000 0.072177563515309
4.150000000000000 0.071208698236813
4.160000000000000 0.070241572247548
4.170000000000000 0.069276189697029
4.180000000000000 0.068312554604989
4.190000000000000 0.067350670863339
4.200000000000000 0.066390542238115
4.210000000000000 0.065541478681728
4.220000000000000 0.064693956187704
4.230000000000000 0.063847977959259
4.240000000000000 0.063003547092912
4.250000000000000 0.062160666580095
4.260000000000000 0.061319339308755
4.270000000000000 0.060479568064919
4.280000000000000 0.059641355534252
4.290000000000000 0.058804704303582
4.300000000000000 0.057969616862408
4.310000000000000 0.057231665265339
4.320000000000000 0.056495085820540
4.330000000000000 0.055759880633913
4.340000000000000 0.055026051728924
4.350000000000000 0.054293601047866
4.360000000000000 0.053562530453096
4.370000000000000 0.052832841728256
4.380000000000000 0.052104536579483
4.390000000000000 0.051377616636593
4.400000000000000 0.050652083454255
4.410000000000000 0.050010153711687
4.420000000000000 0.049369442556668
4.430000000000000 0.048729951293816
4.440000000000000 0.048091681164047
4.450000000000000 0.047454633345557
4.460000000000000 0.046818808954787
4.470000000000000 0.046184209047372
4.480000000000000 0.045550834619083
4.490000000000000 0.044918686606752
4.500000000000000 0.044287765889183
4.510000000000000 0.043730134651468
4.520000000000000 0.043173580731378
4.530000000000000 0.042618104854457
4.540000000000000 0.042063707697117
4.550000000000000 0.041510389887400
4.560000000000000 0.040958152005728
4.570000000000000 0.040406994585644
4.580000000000000 0.039856918114546
4.590000000000000 0.039307923034400
4.600000000000000 0.038760009742456
4.610000000000000 0.038275203330119
4.620000000000000 0.037791347720002
4.630000000000000 0.037308443225838
4.640000000000000 0.036826490123469
4.650000000000000 0.036345488651443
4.660000000000000 0.035865439011597
4.670000000000000 0.035386341369635
4.680000000000000 0.034908195855697
4.690000000000000 0.034431002564919
4.700000000000000 0.033954761557991
4.710000000000000 0.033533051930551
4.720000000000000 0.033112180013804
4.730000000000000 0.032692145834093
4.740000000000000 0.032272949388562
4.750000000000000 0.031854590645619
4.760000000000000 0.031437069545393
4.770000000000000 0.031020386000186
4.780000000000000 0.030604539894915
4.790000000000000 0.030189531087550
4.800000000000000 0.029775359409546
4.810000000000000 0.029408497986078
4.820000000000000 0.029042373252413
4.830000000000000 0.028676985039890
4.840000000000000 0.028312333157378
4.850000000000000 0.027948417391635
4.860000000000000 0.027585237507669
4.870000000000000 0.027222793249082
4.880000000000000 0.026861084338424
4.890000000000000 0.026500110477532
4.900000000000000 0.026139871347866
4.910000000000000 0.025820403070646
4.920000000000000 0.025501582213385
4.930000000000000 0.025183408479926
4.940000000000000 0.024865881556834
4.950000000000000 0.024549001113676
4.960000000000000 0.024232766803306
4.970000000000000 0.023917178262134
4.980000000000000 0.023602235110397
4.990000000000000 0.023287936952431
5.000000000000000 0.022974283376931
5.010000000000000 0.022695904063071
5.020000000000000 0.022418093237303
5.030000000000000 0.022140850525278
5.040000000000000 0.021864175539381
5.050000000000000 0.021588067878958
5.060000000000000 0.021312527130523
5.070000000000000 0.021037552867986
5.080000000000000 0.020763144652856
5.090000000000000 0.020489302034453
5.100000000000000 0.020216024550116
5.110000000000000 0.019973352491631
5.120000000000000 0.019731179143145
5.130000000000000 0.019489504087815
5.140000000000000 0.019248326898640
5.150000000000000 0.019007647138631
5.160000000000000 0.018767464360980
5.170000000000000 0.018527778109236
5.180000000000000 0.018288587917462
5.190000000000000 0.018049893310404
5.200000000000000 0.017811693803654
5.210000000000000 0.017599933495153
5.220000000000000 0.017388610621740
5.230000000000000 0.017177724749091
5.240000000000000 0.016967275435113
5.250000000000000 0.016757262230087
5.260000000000000 0.016547684676797
5.270000000000000 0.016338542310663
5.280000000000000 0.016129834659874
5.290000000000000 0.015921561245511
5.300000000000000 0.015713721581682
5.310000000000000 0.015528580389244
5.320000000000000 0.015343823244937
5.330000000000000 0.015159449713787
5.340000000000000 0.014975459354898
5.350000000000000 0.014791851721560
5.360000000000000 0.014608626361353
5.370000000000000 0.014425782816250
5.380000000000000 0.014243320622723
5.390000000000000 0.014061239311838
5.400000000000000 0.013879538409360
5.410000000000000 0.013717580716881
5.420000000000000 0.013555960068429
5.430000000000000 0.013394676040437
5.440000000000000 0.013233728204836
5.450000000000000 0.013073116129149
5.460000000000000 0.012912839376563
5.470000000000000 0.012752897506019
5.480000000000000 0.012593290072289
5.490000000000000 0.012434016626055
5.500000000000000 0.012275076713989
5.510000000000000 0.012133039050345
5.520000000000000 0.011991297709159
5.530000000000000 0.011849852285144
5.540000000000000 0.011708702369611
5.550000000000000 0.011567847550532
5.560000000000000 0.011427287412610
5.570000000000000 0.011287021537336
5.580000000000000 0.011147049503059
5.590000000000000 0.011007370885046
5.600000000000000 0.010867985255544
5.610000000000000 0.010743531688758
5.620000000000000 0.010619338187155
5.630000000000000 0.010495404369415
5.640000000000000 0.010371729851664
5.650000000000000 0.010248314247520
5.660000000000000 0.010125157168150
5.670000000000000 0.010002258222320
5.680000000000000 0.009879617016441
5.690000000000000 0.009757233154622
5.700000000000000 0.009635106238719
5.710000000000000 0.009525844434224
5.720000000000000 0.009416811181484
5.730000000000000 0.009308006125227
5.740000000000000 0.009199428908276
5.750000000000000 0.009091079171585
5.760000000000000 0.008982956554284
5.770000000000000 0.008875060693718
5.780000000000000 0.008767391225486
5.790000000000000 0.008659947783481
5.800000000000000 0.008552729999926
5.810000000000000 0.008456709228076
5.820000000000000 0.008360889393149
5.830000000000000 0.008265270166961
5.840000000000000 0.008169851219917
5.850000000000000 0.008074632221050
5.860000000000000 0.007979612838047
5.870000000000000 0.007884792737283
5.880000000000000 0.007790171583852
5.890000000000000 0.007695749041598
5.900000000000000 0.007601524773144
5.910000000000000 0.007516952114732
5.920000000000000 0.007432556421459
5.930000000000000 0.007348337391775
5.940000000000000 0.007264294723104
5.950000000000000 0.007180428111866
5.960000000000000 0.007096737253506
5.970000000000000 0.007013221842519
5.980000000000000 0.006929881572470
5.990000000000000 0.006846716136024
6.000000000000000 0.006763725224965
6.010000000000000 0.006689115180481
6.020000000000000 0.006614661168340
6.030000000000000 0.006540362912770
6.040000000000000 0.006466220137264
6.050000000000000 0.006392232564596
6.060000000000000 0.006318399916845
6.070000000000000 0.006244721915414
6.080000000000000 0.006171198281047
6.090000000000000 0.006097828733853
6.100000000000000 0.006024612993318
6.110000000000000 0.005958826572825
6.120000000000000 0.005893177585761
6.130000000000000 0.005827665781469
6.140000000000000 0.005762290908777
6.150000000000000 0.005697052716014
6.160000000000000 0.005631950951027
6.170000000000000 0.005566985361193
6.180000000000000 0.005502155693440
6.190000000000000 0.005437461694257
6.200000000000000 0.005372903109712
6.210000000000000 0.005314784527171
6.220000000000000 0.005256787185183
6.230000000000000 0.005198910856485
6.240000000000000 0.005141155313469
6.250000000000000 0.005083520328191
6.260000000000000 0.005026005672387
6.270000000000000 0.004968611117480
6.280000000000000 0.004911336434597
6.290000000000000 0.004854181394580
6.300000000000000 0.004797145767996
6.310000000000000 0.004745765377838
6.320000000000000 0.004694491977152
6.330000000000000 0.004643325360554
6.340000000000000 0.004592265322439
6.350000000000000 0.004541311656991
6.360000000000000 0.004490464158192
6.370000000000000 0.004439722619832
6.380000000000000 0.004389086835519
6.390000000000000 0.004338556598690
6.400000000000000 0.004288131702616
6.410000000000000 0.004242563486498
6.420000000000000 0.004197089960419
6.430000000000000 0.004151710938754
6.440000000000000 0.004106426235752
6.450000000000000 0.004061235665541
6.460000000000000 0.004016139042137
6.470000000000000 0.003971136179453
6.480000000000000 0.003926226891304
6.490000000000000 0.003881410991418
6.500000000000000 0.003836688293440
6.510000000000000 0.003796290541305
6.520000000000000 0.003755976531388
6.530000000000000 0.003715746096501
6.540000000000000 0.003675599069399
6.550000000000000 0.003635535282785
6.560000000000000 0.003595554569317
6.570000000000000 0.003555656761612
6.580000000000000 0.003515841692254
6.590000000000000 0.003476109193800
6.600000000000000 0.003436459098784
6.610000000000000 0.003400595780371
6.620000000000000 0.003364806604409
6.630000000000000 0.003329091420489
6.640000000000000 0.003293450078193
6.650000000000000 0.003257882427102
6.660000000000000 0.003222388316799
6.670000000000000 0.003186967596873
6.680000000000000 0.003151620116924
6.690000000000000 0.003116345726571
6.700000000000000 0.003081144275451
6.710000000000000 0.003049289490494
6.720000000000000 0.003017500365843
6.730000000000000 0.002985776766420
6.740000000000000 0.002954118557176
6.750000000000000 0.002922525603093
6.760000000000000 0.002890997769191
6.770000000000000 0.002859534920527
6.780000000000000 0.002828136922205
6.790000000000000 0.002796803639373
6.800000000000000 0.002765534937233
6.810000000000000 0.002737163360358
6.820000000000000 0.002708850080605
6.830000000000000 0.002680594976556
6.840000000000000 0.002652397926847
6.850000000000000 0.002624258810170
6.860000000000000 0.002596177505276
6.870000000000000 0.002568153890978
6.880000000000000 0.002540187846158
6.890000000000000 0.002512279249762
6.900000000000000 0.002484427980810
6.910000000000000 0.002459142702738
6.920000000000000 0.002433909205697
6.930000000000000 0.002408727380674
6.940000000000000 0.002383597118724
6.950000000000000 0.002358518310977
6.960000000000000 0.002333490848637
6.970000000000000 0.002308514622987
6.980000000000000 0.002283589525387
6.990000000000000 0.002258715447281
7.000000000000000 0.002233892280198
7.010000000000000 0.002211352976754
7.020000000000000 0.002188859665979
7.030000000000000 0.002166412250136
7.040000000000000 0.002144010631568
7.050000000000000 0.002121654712703
7.060000000000000 0.002099344396051
7.070000000000000 0.002077079584209
7.080000000000000 0.002054860179862
7.090000000000000 0.002032686085787
7.100000000000000 0.002010557204850
7.110000000000000 0.001990439351088
7.120000000000000 0.001970362395377
7.130000000000000 0.001950326250098
7.140000000000000 0.001930330827717
7.150000000000000 0.001910376040785
7.160000000000000 0.001890461801948
7.170000000000000 0.001870588023940
7.180000000000000 0.001850754619586
7.190000000000000 0.001830961501808
7.200000000000000 0.001811208583621
7.210000000000000 0.001793213390708
7.220000000000000 0.001775254639282
7.230000000000000 0.001757332250715
7.240000000000000 0.001739446146467
7.250000000000000 0.001721596248088
7.260000000000000 0.001703782477220
7.270000000000000 0.001686004755598
7.280000000000000 0.001668263005050
7.290000000000000 0.001650557147499
7.300000000000000 0.001632887104964
7.310000000000000 0.001616781400820
7.320000000000000 0.001600708180719
7.330000000000000 0.001584667374141
7.340000000000000 0.001568658910658
7.350000000000000 0.001552682719931
7.360000000000000 0.001536738731712
7.370000000000000 0.001520826875843
7.380000000000000 0.001504947082261
7.390000000000000 0.001489099280995
7.400000000000000 0.001473283402170
7.410000000000000 0.001458867762865
7.420000000000000 0.001444481077408
7.430000000000000 0.001430123282620
7.440000000000000 0.001415794315407
7.450000000000000 0.001401494112763
7.460000000000000 0.001387222611771
7.470000000000000 0.001372979749604
7.480000000000000 0.001358765463523
7.490000000000000 0.001344579690881
7.500000000000000 0.001330422369123
7.510000000000000 0.001317499524776
7.520000000000000 0.001304602524859
7.530000000000000 0.001291731312727
7.540000000000000 0.001278885831822
7.550000000000000 0.001266066025668
7.560000000000000 0.001253271837875
7.570000000000000 0.001240503212138
7.580000000000000 0.001227760092240
7.590000000000000 0.001215042422050
7.600000000000000 0.001202350145523
7.610000000000000 0.001190738724516
7.620000000000000 0.001179150424139
7.630000000000000 0.001167585193530
7.640000000000000 0.001156042981905
7.650000000000000 0.001144523738563
7.660000000000000 0.001133027412883
7.670000000000000 0.001121553954326
7.680000000000000 0.001110103312436
7.690000000000000 0.001098675436838
7.700000000000000 0.001087270277239
7.710000000000000 0.001076841827438
7.720000000000000 0.001066434049545
7.730000000000000 0.001056046897947
7.740000000000000 0.001045680327107
7.750000000000000 0.001035334291564
7.760000000000000 0.001025008745933
7.770000000000000 0.001014703644907
7.780000000000000 0.001004418943255
7.790000000000000 0.000994154595824
7.800000000000000 0.000983910557539
7.810000000000000 0.000974535160385
7.820000000000000 0.000965178262674
7.830000000000000 0.000955839823487
7.840000000000000 0.000946519801977
7.850000000000000 0.000937218157367
7.860000000000000 0.000927934848954
7.870000000000000 0.000918669836106
7.880000000000000 0.000909423078262
7.890000000000000 0.000900194534936
7.900000000000000 0.000890984165712
7.910000000000000 0.000882545927487
7.920000000000000 0.000874124262065
7.930000000000000 0.000865719132718
7.940000000000000 0.000857330502786
7.950000000000000 0.000848958335678
7.960000000000000 0.000840602594866
7.970000000000000 0.000832263243891
7.980000000000000 0.000823940246363
7.990000000000000 0.000815633565955
8.000000000000000 0.000807343166412
8.010000000000000 0.000799736017312
8.020000000000000 0.000792143738443
8.029999999999999 0.000784566296806
8.039999999999999 0.000777003659463
8.050000000000001 0.000769455793537
8.060000000000000 0.000761922666215
8.070000000000000 0.000754404244745
8.080000000000000 0.000746900496438
8.090000000000000 0.000739411388667
8.100000000000000 0.000731936888869
8.109999999999999 0.000725078108555
8.119999999999999 0.000718232671365
8.130000000000001 0.000711400547663
8.140000000000001 0.000704581707865
8.150000000000000 0.000697776122448
8.160000000000000 0.000690983761946
8.170000000000000 0.000684204596949
8.180000000000000 0.000677438598107
8.190000000000000 0.000670685736124
8.199999999999999 0.000663945981766
8.210000000000001 0.000657754346776
8.220000000000001 0.000651574698747
8.230000000000000 0.000645407011037
8.240000000000000 0.000639251257060
8.250000000000000 0.000633107410280
8.260000000000000 0.000626975444216
8.270000000000000 0.000620855332440
8.279999999999999 0.000614747048576
8.289999999999999 0.000608650566300
8.300000000000001 0.000602565859345
8.310000000000000 0.000596973175539
8.320000000000000 0.000591391266090
8.330000000000000 0.000585820107049
8.340000000000000 0.000580259674515
8.350000000000000 0.000574709944637
8.359999999999999 0.000569170893612
8.369999999999999 0.000563642497685
8.380000000000001 0.000558124733153
8.390000000000001 0.000552617576357
8.400000000000000 0.000547121003690
8.410000000000000 0.000542064528014
8.420000000000000 0.000537017745537
8.430000000000000 0.000531980634718
8.440000000000000 0.000526953174060
8.449999999999999 0.000521935342111
8.460000000000001 0.000516927117463
8.470000000000001 0.000511928478755
8.480000000000000 0.000506939404667
8.490000000000000 0.000501959873928
8.500000000000000 0.000496989865307
8.510000000000000 0.000492411018283
8.520000000000000 0.000487840905264
8.529999999999999 0.000483279506849
8.539999999999999 0.000478726803679
8.550000000000001 0.000474182776437
8.560000000000000 0.000469647405845
8.570000000000000 0.000465120672667
8.580000000000000 0.000460602557708
8.590000000000000 0.000456093041814
8.600000000000000 0.000451592105871
8.609999999999999 0.000447445649682
8.619999999999999 0.000443307063028
8.630000000000001 0.000439176328443
8.640000000000001 0.000435053428499
8.650000000000000 0.000430938345806
8.660000000000000 0.000426831063011
8.670000000000000 0.000422731562797
8.680000000000000 0.000418639827887
8.690000000000000 0.000414555841040
8.699999999999999 0.000410479585053
8.710000000000001 0.000406721134567
8.720000000000001 0.000402969781222
8.730000000000000 0.000399225509286
8.740000000000000 0.000395488303057
8.750000000000000 0.000391758146870
8.760000000000000 0.000388035025093
8.770000000000000 0.000384318922130
8.779999999999999 0.000380609822417
8.789999999999999 0.000376907710424
8.800000000000001 0.000373212570659
8.810000000000000 0.000369800102392
8.820000000000000 0.000366394045387
8.830000000000000 0.000362994385449
8.840000000000000 0.000359601108415
8.850000000000000 0.000356214200150
8.859999999999999 0.000352833646556
8.869999999999999 0.000349459433554
8.880000000000001 0.000346091547121
8.890000000000001 0.000342729973241
8.900000000000000 0.000339374697945
8.910000000000000 0.000336277197457
8.920000000000000 0.000333185486815
8.930000000000000 0.000330099553223
8.940000000000000 0.000327019383909
8.949999999999999 0.000323944966131
8.960000000000001 0.000320876287175
8.970000000000001 0.000317813334358
8.980000000000000 0.000314756095021
8.990000000000000 0.000311704556538
9.000000000000000 0.000308658706308
9.010000000000000 0.000305844707338
9.020000000000000 0.000303035941404
9.029999999999999 0.000300232396956
9.039999999999999 0.000297434062475
9.050000000000001 0.000294640926463
9.060000000000000 0.000291852977452
9.070000000000000 0.000289070203998
9.080000000000000 0.000286292594683
9.090000000000000 0.000283520138114
9.100000000000000 0.000280752822927
9.109999999999999 0.000278191002479
9.119999999999999 0.000275633921822
9.130000000000001 0.000273081570519
9.140000000000001 0.000270533938155
9.150000000000000 0.000267991014337
9.160000000000000 0.000265452788699
9.170000000000000 0.000262919250895
9.180000000000000 0.000260390390606
9.190000000000000 0.000257866197535
9.199999999999999 0.000255346661408
9.210000000000001 0.000253014965622
9.220000000000001 0.000250687561746
9.230000000000000 0.000248364440348
9.240000000000000 0.000246045592018
9.250000000000000 0.000243731007366
9.260000000000000 0.000241420677025
9.270000000000000 0.000239114591648
9.279999999999999 0.000236812741913
9.289999999999999 0.000234515118515
9.300000000000001 0.000232221712173
9.310000000000000 0.000230097878507
9.320000000000000 0.000227977934084
9.330000000000000 0.000225861870376
9.340000000000000 0.000223749678874
9.350000000000000 0.000221641351091
9.359999999999999 0.000219536878558
9.369999999999999 0.000217436252826
9.380000000000001 0.000215339465466
9.390000000000001 0.000213246508066
9.400000000000000 0.000211157372239
9.410000000000000 0.000209219535282
9.420000000000000 0.000207285228821
9.430000000000000 0.000205354445134
9.440000000000000 0.000203427176516
9.449999999999999 0.000201503415280
9.460000000000001 0.000199583153759
9.470000000000001 0.000197666384303
9.480000000000000 0.000195753099277
9.490000000000000 0.000193843291068
9.500000000000000 0.000191936952079
9.510000000000000 0.000190169114112
9.520000000000000 0.000188404480407
9.529999999999999 0.000186643043973
9.539999999999999 0.000184884797836
9.550000000000001 0.000183129735039
9.560000000000000 0.000181377848641
9.570000000000000 0.000179629131714
9.580000000000000 0.000177883577352
9.590000000000000 0.000176141178661
9.600000000000000 0.000174401928765
9.609999999999999 0.000172786590173
9.619999999999999 0.000171174164486
9.630000000000001 0.000169564645364
9.640000000000001 0.000167958026486
9.650000000000000 0.000166354301544
9.660000000000000 0.000164753464244
9.670000000000000 0.000163155508309
9.680000000000000 0.000161560427474
9.690000000000000 0.000159968215492
9.699999999999999 0.000158378866129
9.710000000000001 0.000156902574282
9.720000000000001 0.000155428931005
9.730000000000000 0.000153957930551
9.740000000000000 0.000152489567189
9.750000000000000 0.000151023835198
9.760000000000000 0.000149560728875
9.770000000000000 0.000148100242526
9.779999999999999 0.000146642370472
9.789999999999999 0.000145187107049
9.800000000000001 0.000143734446606
9.810000000000000 0.000142383372700
9.820000000000000 0.000141034710397
9.830000000000000 0.000139688454480
9.840000000000000 0.000138344599745
9.850000000000000 0.000137003140999
9.859999999999999 0.000135664073064
9.869999999999999 0.000134327390772
9.880000000000001 0.000132993088967
9.890000000000001 0.000131661162507
9.900000000000000 0.000130331606261
9.910000000000000 0.000129093950773
9.920000000000000 0.000127858493261
9.930000000000000 0.000126625228983
9.940000000000000 0.000125394153213
9.949999999999999 0.000124165261231
9.960000000000001 0.000122938548331
9.970000000000001 0.000121714009819
9.980000000000000 0.000120491641009
9.990000000000000 0.000119271437230
10.000000000000000 0.000118053393818
