0.000000000000000 0.000000000000000
0.010000000000000 0.000082866061254
0.020000000000000 0.000336325274019
0.030000000000000 0.000767380250651
0.040000000000000 0.001382651132275
0.050000000000000 0.002188379437744
0.060000000000000 0.003190432358625
0.070000000000000 0.004394307479368
0.080000000000000 0.005805137901171
0.090000000000000 0.007427697747450
0.100000000000000 0.009266408028418
0.110000000000000 0.011280659975147
0.120000000000000 0.013502834031418
0.130000000000000 0.015934606601568
0.140000000000000 0.018577404119174
0.150000000000000 0.021432409537874
0.160000000000000 0.024500568964194
0.170000000000000 0.027782598413910
0.180000000000000 0.031278990673789
0.190000000000000 0.034990022251007
0.200000000000000 0.038915760392967
0.210000000000000 0.042941605361633
0.220000000000000 0.047161761476764
0.230000000000000 0.051574804007520
0.240000000000000 0.056179179786830
0.250000000000000 0.060973213314321
0.260000000000000 0.065955112806460
0.270000000000000 0.071122976184059
0.280000000000000 0.076474796987950
0.290000000000000 0.082008470214229
0.300000000000000 0.087721798061093
0.310000000000000 0.093434150990646
0.320000000000000 0.099301914695596
0.330000000000000 0.105322218015539
0.340000000000000 0.111492153181881
0.350000000000000 0.117808780083796
0.360000000000000 0.124269130405356
0.370000000000000 0.130870211631846
0.380000000000000 0.137609010923720
0.390000000000000 0.144482498857053
0.400000000000000 0.151487633029755
0.410000000000000 0.158394924725025
0.420000000000000 0.165410293273593
0.430000000000000 0.172530519063526
0.440000000000000 0.179752404021483
0.450000000000000 0.187072773803687
0.460000000000000 0.194488479862116
0.470000000000000 0.201996401388334
0.480000000000000 0.209593447137454
0.490000000000000 0.217276557134944
0.500000000000000 0.225042704269069
0.510000000000000 0.232631298719206
0.520000000000000 0.240282227306730
0.530000000000000 0.247992555731183
0.540000000000000 0.255759400687744
0.550000000000000 0.263579930391488
0.560000000000000 0.271451365016236
0.570000000000000 0.279370977051611
0.580000000000000 0.287336091581876
0.590000000000000 0.295344086490087
0.600000000000000 0.303392392591089
0.610000000000000 0.311202324361402
0.620000000000000 0.319035427420460
0.630000000000000 0.326889348327510
0.640000000000000 0.334761793832873
0.650000000000000 0.342650530331917
0.660000000000000 0.350553383277529
0.670000000000000 0.358468236554173
0.680000000000000 0.366393031816480
0.690000000000000 0.374325767795248
0.700000000000000 0.382264499573592
0.710000000000000 0.389922689567470
0.720000000000000 0.397573293772770
0.730000000000000 0.405214618664484
0.740000000000000 0.412845027890977
0.750000000000000 0.420462941191258
0.760000000000000 0.428066833304824
0.770000000000000 0.435655232876007
0.780000000000000 0.443226721354667
0.790000000000000 0.450779931894952
0.800000000000000 0.458313548253754
0.810000000000000 0.465539128676856
0.820000000000000 0.472734684228725
0.830000000000000 0.479899139276585
0.840000000000000 0.487031466325959
0.850000000000000 0.494130684779774
0.860000000000000 0.501195859710984
0.870000000000000 0.508226100649620
0.880000000000000 0.515220560385050
0.890000000000000 0.522178433784173
0.900000000000000 0.529098956626220
0.910000000000000 0.535695568104223
0.920000000000000 0.542247029757382
0.930000000000000 0.548752786229496
0.940000000000000 0.555212319308850
0.950000000000000 0.561625146754214
0.960000000000000 0.567990821144327
0.970000000000000 0.574308928750983
0.980000000000000 0.580579088435812
0.990000000000000 0.586800950570770
1.000000000000000 0.592974195982372
1.010000000000000 0.598810504417802
1.020000000000000 0.604592403079083
1.030000000000000 0.610319745351916
1.040000000000000 0.615992411128046
1.050000000000000 0.621610305805546
1.060000000000000 0.627173359315133
1.070000000000000 0.632681525172200
1.080000000000000 0.638134779554235
1.090000000000000 0.643533120403285
1.100000000000000 0.648876566553113
1.110000000000000 0.653881791219086
1.120000000000000 0.658827996748029
1.130000000000000 0.663715337617711
1.140000000000000 0.668543985611925
1.150000000000000 0.673314129029639
1.160000000000000 0.678025971918456
1.170000000000000 0.682679733331871
1.180000000000000 0.687275646609818
1.190000000000000 0.691813958682019
1.200000000000000 0.696294929393620
1.210000000000000 0.700429295029175
1.220000000000000 0.704503333000843
1.230000000000000 0.708517409297214
1.240000000000000 0.712471899800757
1.250000000000000 0.716367189697320
1.260000000000000 0.720203672906309
1.270000000000000 0.723981751530994
1.280000000000000 0.727701835328432
1.290000000000000 0.731364341198452
1.300000000000000 0.734969692691193
1.310000000000000 0.738230820005429
1.320000000000000 0.741432765938251
1.330000000000000 0.744576033876739
1.340000000000000 0.747661131444544
1.350000000000000 0.750688570085096
1.360000000000000 0.753658864661296
1.370000000000000 0.756572533071229
1.380000000000000 0.759430095879382
1.390000000000000 0.762232075962912
1.400000000000000 0.764978998172470
1.410000000000000 0.767375217584026
1.420000000000000 0.769714984943183
1.430000000000000 0.771998885999411
1.440000000000000 0.774227506594851
1.450000000000000 0.776401432388104
1.460000000000000 0.778521248590607
1.470000000000000 0.780587539715149
1.480000000000000 0.782600889336135
1.490000000000000 0.784561879861174
1.500000000000000 0.786471092313624
1.510000000000000 0.788031166592757
1.520000000000000 0.789538600875040
1.530000000000000 0.790994021068389
1.540000000000000 0.792398050278917
1.550000000000000 0.793751308643556
1.560000000000000 0.795054413171866
1.570000000000000 0.796307977596692
1.580000000000000 0.797512612233351
1.590000000000000 0.798668923847010
1.600000000000000 0.799777515527968
1.610000000000000 0.800534876689752
1.620000000000000 0.801244031616322
1.630000000000000 0.801905616636517
1.640000000000000 0.802520263351863
1.650000000000000 0.803088598550303
1.660000000000000 0.803611244126388
1.670000000000000 0.804088817007644
1.680000000000000 0.804521929086895
1.690000000000000 0.804911187160266
1.700000000000000 0.805257192870659
1.710000000000000 0.805254712721786
1.720000000000000 0.805208799469956
1.730000000000000 0.805120078568963
1.740000000000000 0.804989169560426
1.750000000000000 0.804816686045950
1.760000000000000 0.804603235663601
1.770000000000000 0.804349420068520
1.780000000000000 0.804055834917480
1.790000000000000 0.803723069857200
1.800000000000000 0.803351708516255
1.810000000000000 0.802637159540932
1.820000000000000 0.801884070745990
1.830000000000000 0.801093042224563
1.840000000000000 0.800264667521139
1.850000000000000 0.799399533644284
1.860000000000000 0.798498221082083
1.870000000000000 0.797561303820163
1.880000000000000 0.796589349362172
1.890000000000000 0.795582918752574
1.900000000000000 0.794542566601640
1.910000000000000 0.793169229402812
1.920000000000000 0.791762216154557
1.930000000000000 0.790322091991339
1.940000000000000 0.788849415261998
1.950000000000000 0.787344737569343
1.960000000000000 0.785808603811301
1.970000000000000 0.784241552223523
1.980000000000000 0.782644114423346
1.990000000000000 0.781016815455033
2.000000000000000 0.779360173836203
2.010000000000000 0.777388250620472
2.020000000000000 0.775387381951264
2.030000000000000 0.773358091855438
2.040000000000000 0.771300897624659
2.050000000000000 0.769216309871573
2.060000000000000 0.767104832586710
2.070000000000000 0.764966963196035
2.080000000000000 0.762803192619100
2.090000000000000 0.760614005327730
2.100000000000000 0.758399879405180
2.110000000000000 0.755893623579815
2.120000000000000 0.753362936926079
2.130000000000000 0.750808298989716
2.140000000000000 0.748230182830205
2.150000000000000 0.745629055085959
2.160000000000000 0.743005376039672
2.170000000000000 0.740359599683783
2.180000000000000 0.737692173786004
2.190000000000000 0.735003539954884
2.200000000000000 0.732294133705363
2.210000000000000 0.729325126138578
2.220000000000000 0.726335931332386
2.230000000000000 0.723326982761340
2.240000000000000 0.720298707798435
2.250000000000000 0.717251527783842
2.260000000000000 0.714185858093415
2.270000000000000 0.711102108206954
2.280000000000000 0.708000681776194
2.290000000000000 0.704881976692499
2.300000000000000 0.701746385154240
2.310000000000000 0.698392056445114
2.320000000000000 0.695021467459901
2.330000000000000 0.691635005434432
2.340000000000000 0.688233051974806
2.350000000000000 0.684815983125761
2.360000000000000 0.681384169438611
2.370000000000000 0.677937976038700
2.380000000000000 0.674477762692388
2.390000000000000 0.671003883873539
2.400000000000000 0.667516688829517
2.410000000000000 0.663855736030802
2.420000000000000 0.660182096380202
2.430000000000000 0.656496111980551
2.440000000000000 0.652798119823679
2.450000000000000 0.649088451855820
2.460000000000000 0.645367435042452
2.470000000000000 0.641635391432547
2.480000000000000 0.637892638222238
2.490000000000000 0.634139487817887
2.500000000000000 0.630376247898564
2.510000000000000 0.626491021421173
2.520000000000000 0.622596305085632
2.530000000000000 0.618692397724927
2.540000000000000 0.614779593599813
2.550000000000000 0.610858182459562
2.560000000000000 0.606928449602085
2.570000000000000 0.602990675933422
2.580000000000000 0.599045138026602
2.590000000000000 0.595092108179877
2.600000000000000 0.591131854474323
2.610000000000000 0.587106838616384
2.620000000000000 0.583075137797669
2.630000000000000 0.579037010021799
2.640000000000000 0.574992709258730
2.650000000000000 0.570942485499823
2.660000000000000 0.566886584812290
2.670000000000000 0.562825249393011
2.680000000000000 0.558758717621727
2.690000000000000 0.554687224113615
2.700000000000000 0.550610999771232
2.710000000000000 0.546524223426669
2.720000000000000 0.542433170178241
2.730000000000000 0.538338060300248
2.740000000000000 0.534239110552280
2.750000000000000 0.530136534228191
2.760000000000000 0.526030541204460
2.770000000000000 0.521921337987965
2.780000000000000 0.517809127763164
2.790000000000000 0.513694110438696
2.800000000000000 0.509576482693392
2.810000000000000 0.505501659369302
2.820000000000000 0.501424576955238
2.830000000000000 0.497345421382070
2.840000000000000 0.493264375554262
2.850000000000000 0.489181619392661
2.860000000000000 0.485097329876758
2.870000000000000 0.481011681086390
2.880000000000000 0.476924844242913
2.890000000000000 0.472836987749839
2.900000000000000 0.468748277232946
2.910000000000000 0.464750181029717
2.920000000000000 0.460751471102923
2.930000000000000 0.456752302647334
2.940000000000000 0.452752828280180
2.950000000000000 0.448753198078012
2.960000000000000 0.444753559613076
2.970000000000000 0.440754057989203
2.980000000000000 0.436754835877228
2.990000000000000 0.432756033549932
3.000000000000000 0.428757788916515
3.010000000000000 0.424892316158676
3.020000000000000 0.421027528438315
3.030000000000000 0.417163553848042
3.040000000000000 0.413300518307965
3.050000000000000 0.409438545597016
3.060000000000000 0.405577757383867
3.070000000000000 0.401718273257413
3.080000000000000 0.397860210756846
3.090000000000000 0.394003685401323
3.100000000000000 0.390148810719225
3.110000000000000 0.386461051835974
3.120000000000000 0.382774963645936
3.130000000000000 0.379090650706078
3.140000000000000 0.375408215759920
3.150000000000000 0.371727759763862
3.160000000000000 0.368049381913134
3.170000000000000 0.364373179667397
3.180000000000000 0.360699248775994
3.190000000000000 0.357027683302848
3.200000000000000 0.353358575651005
3.210000000000000 0.349881966282132
3.220000000000000 0.346407739250435
3.230000000000000 0.342935978981816
3.240000000000000 0.339466768401768
3.250000000000000 0.336000188957257
3.260000000000000 0.332536320638299
3.270000000000000 0.329075241999237
3.280000000000000 0.325617030179720
3.290000000000000 0.322161760925391
3.300000000000000 0.318709508608286
3.310000000000000 0.315466598589965
3.320000000000000 0.312226549627833
3.330000000000000 0.308989429170026
3.340000000000000 0.305755303433195
3.350000000000000 0.302524237420540
3.360000000000000 0.299296294939576
3.370000000000000 0.296071538619667
3.380000000000000 0.292850029929297
3.390000000000000 0.289631829193114
3.400000000000000 0.286416995608716
3.410000000000000 0.283420295771837
3.420000000000000 0.280426743907957
3.430000000000000 0.277436393338070
3.440000000000000 0.274449296379638
3.450000000000000 0.271465504361332
3.460000000000000 0.268485067637555
3.470000000000000 0.265508035602769
3.480000000000000 0.262534456705610
3.490000000000000 0.259564378462816
3.500000000000000 0.256597847472943
3.510000000000000 0.253851224875964
3.520000000000000 0.251107884302032
3.530000000000000 0.248367867464029
3.540000000000000 0.245631215262230
3.550000000000000 0.242897967796263
3.560000000000000 0.240168164376905
3.570000000000000 0.237441843537710
3.580000000000000 0.234719043046471
3.590000000000000 0.231999799916517
3.600000000000000 0.229284150417860
3.610000000000000 0.226784930378763
3.620000000000000 0.224289007934944
3.630000000000000 0.221796415367839
3.640000000000000 0.219307184304602
3.650000000000000 0.216821345727761
3.660000000000000 0.214338929984733
3.670000000000000 0.211859966797211
3.680000000000000 0.209384485270415
3.690000000000000 0.206912513902213
3.700000000000000 0.204444080592108
3.710000000000000 0.202184079872192
3.720000000000000 0.199927304575967
3.730000000000000 0.197673779406297
3.740000000000000 0.195423528541828
3.750000000000000 0.193176575644741
3.760000000000000 0.190932943868398
3.770000000000000 0.188692655864880
3.780000000000000 0.186455733792415
3.790000000000000 0.184222199322705
3.800000000000000 0.181992073648147
3.810000000000000 0.179958887157043
3.820000000000000 0.177928792504761
3.830000000000000 0.175901808368533
3.840000000000000 0.173877953007310
3.850000000000000 0.171857244267963
3.860000000000000 0.169839699591399
3.870000000000000 0.167825336018592
3.880000000000000 0.165814170196530
3.890000000000000 0.163806218384071
3.900000000000000 0.161801496457724
3.910000000000000 0.159980051830625
3.920000000000000 0.158161525248285
3.930000000000000 0.156345930643341
3.940000000000000 0.154533281615819
3.950000000000000 0.152723591438083
3.960000000000000 0.150916873059709
3.970000000000000 0.149113139112301
3.980000000000000 0.147312401914228
3.990000000000000 0.145514673475301
4.000000000000000 0.143719965501381
4.010000000000000 0.142094681295869
4.020000000000000 0.140472115879362
4.030000000000000 0.138852279479193
4.040000000000000 0.137235182059091
4.050000000000000 0.135620833323111
4.060000000000000 0.134009242719517
4.070000000000000 0.132400419444609
4.080000000000000 0.130794372446492
4.090000000000000 0.129191110428794
4.100000000000000 0.127590641854337
4.110000000000000 0.126144392076210
4.120000000000000 0.124700650837800
4.130000000000000 0.123259425502244
4.140000000000000 0.121820723224263
4.150000000000000 0.120384550953291
4.160000000000000 0.118950915436552
4.170000000000000 0.117519823222098
4.180000000000000 0.116091280661808
4.190000000000000 0.114665293914336
4.200000000000000 0.113241868948024
4.210000000000000 0.111957956526568
4.220000000000000 0.110676340111710
4.230000000000000 0.109397024871693
4.240000000000000 0.108120015810346
4.250000000000000 0.106845317769558
4.260000000000000 0.105572935431723
4.270000000000000 0.104302873322146
4.280000000000000 0.103035135811424
4.290000000000000 0.101769727117780
4.300000000000000 0.100506651309378
4.310000000000000 0.099369045041278
4.320000000000000 0.098233526400248
4.330000000000000 0.097100098888389
4.340000000000000 0.095968765878346
4.350000000000000 0.094839530615277
4.360000000000000 0.093712396218785
4.370000000000000 0.092587365684827
4.380000000000000 0.091464441887594
4.390000000000000 0.090343627581369
4.400000000000000 0.089224925402355
4.410000000000000 0.088218323893991
4.420000000000000 0.087213610595164
4.430000000000000 0.086210787756445
4.440000000000000 0.085209857526648
4.450000000000000 0.084210821954384
4.460000000000000 0.083213682989595
4.470000000000000 0.082218442485063
4.480000000000000 0.081225102197899
4.490000000000000 0.080233663791014
4.500000000000000 0.079244128834569
4.510000000000000 0.078354089018867
4.520000000000000 0.077465750263137
4.530000000000000 0.076579113888727
4.540000000000000 0.075694181137102
4.550000000000000 0.074810953171070
4.560000000000000 0.073929431076001
4.570000000000000 0.073049615861020
4.580000000000000 0.072171508460186
4.590000000000000 0.071295109733660
4.600000000000000 0.070420420468844
4.610000000000000 0.069633862733781
4.620000000000000 0.068848832389914
4.630000000000000 0.068065330077862
4.640000000000000 0.067283356375611
4.650000000000000 0.066502911799491
4.660000000000000 0.065723996805136
4.670000000000000 0.064946611788432
4.680000000000000 0.064170757086451
4.690000000000000 0.063396432978372
4.700000000000000 0.062623639686389
4.710000000000000 0.061928662133801
4.720000000000000 0.061235052518688
4.730000000000000 0.060542810991243
4.740000000000000 0.059851937652615
4.750000000000000 0.059162432555684
4.760000000000000 0.058474295705819
4.770000000000000 0.057787527061632
4.780000000000000 0.057102126535716
4.790000000000000 0.056418093995376
4.800000000000000 0.055735429263348
4.810000000000000 0.055121344169778
4.820000000000000 0.054508481738481
4.830000000000000 0.053896841773922
4.840000000000000 0.053286424042215
4.850000000000000 0.052677228271734
4.860000000000000 0.052069254153719
4.870000000000000 0.051462501342869
4.880000000000000 0.050856969457930
4.890000000000000 0.050252658082271
4.900000000000000 0.049649566764460
4.910000000000000 0.049106843796822
4.920000000000000 0.048565211920260
4.930000000000000 0.048024670702734
4.940000000000000 0.047485219682258
4.950000000000000 0.046946858367385
4.960000000000000 0.046409586237687
4.970000000000000 0.045873402744227
4.980000000000000 0.045338307310026
4.990000000000000 0.044804299330518
5.000000000000000 0.044271378174010
5.010000000000000 0.043791552930201
5.020000000000000 0.043312700187265
5.030000000000000 0.042834819358422
5.040000000000000 0.042357909833546
5.050000000000000 0.041881970979560
5.060000000000000 0.041407002140806
5.070000000000000 0.040933002639426
5.080000000000000 0.040459971775732
5.090000000000000 0.039987908828568
5.100000000000000 0.039516813055670
5.110000000000000 0.039092380183760
5.120000000000000 0.038668813359766
5.130000000000000 0.038246111902756
5.140000000000000 0.037824275113639
5.150000000000000 0.037403302275472
5.160000000000000 0.036983192653764
5.170000000000000 0.036563945496772
5.180000000000000 0.036145560035796
5.190000000000000 0.035728035485470
5.200000000000000 0.035311371044046
5.210000000000000 0.034935410530172
5.220000000000000 0.034560221442895
5.230000000000000 0.034185803050648
5.240000000000000 0.033812154607765
5.250000000000000 0.033439275354723
5.260000000000000 0.033067164518387
5.270000000000000 0.032695821312243
5.280000000000000 0.032325244936636
5.290000000000000 0.031955434578997
5.300000000000000 0.031586389414071
5.310000000000000 0.031253634708581
5.320000000000000 0.030921565786769
5.330000000000000 0.030590181900129
5.340000000000000 0.030259482289249
5.350000000000000 0.029929466184013
5.360000000000000 0.029600132803787
5.370000000000000 0.029271481357610
5.380000000000000 0.028943511044381
5.390000000000000 0.028616221053041
5.400000000000000 0.028289610562755
5.410000000000000 0.027994551833187
5.420000000000000 0.027700103330600
5.430000000000000 0.027406264311111
5.440000000000000 0.027113034022430
5.450000000000000 0.026820411704017
5.460000000000000 0.026528396587234
5.470000000000000 0.026236987895495
5.480000000000000 0.025946184844416
5.490000000000000 0.025655986641959
5.500000000000000 0.025366392488576
5.510000000000000 0.025104613521614
5.520000000000000 0.024843377377281
5.530000000000000 0.024582683332262
5.540000000000000 0.024322530656792
5.550000000000000 0.024062918614777
5.560000000000000 0.023803846463923
5.570000000000000 0.023545313455845
5.580000000000000 0.023287318836198
5.590000000000000 0.023029861844782
5.600000000000000 0.022772941715666
5.610000000000000 0.022540401276649
5.620000000000000 0.022308343936297
5.630000000000000 0.022076769001947
5.640000000000000 0.021845675776011
5.650000000000000 0.021615063556076
5.660000000000000 0.021384931635005
5.670000000000000 0.021155279301027
5.680000000000000 0.020926105837838
5.690000000000000 0.020697410524688
5.700000000000000 0.020469192636476
5.710000000000000 0.020262360410250
5.720000000000000 0.020055958391024
5.730000000000000 0.019849985923026
5.740000000000000 0.019644442346750
5.750000000000000 0.019439326999040
5.760000000000000 0.019234639213163
5.770000000000000 0.019030378318892
5.780000000000000 0.018826543642575
5.790000000000000 0.018623134507215
5.800000000000000 0.018420150232537
5.810000000000000 0.018236009185150
5.820000000000000 0.018052251369473
5.830000000000000 0.017868876170335
5.840000000000000 0.017685882969763
5.850000000000000 0.017503271147045
5.860000000000000 0.017321040078795
5.870000000000000 0.017139189139009
5.880000000000000 0.016957717699131
5.890000000000000 0.016776625128108
5.900000000000000 0.016595910792452
5.910000000000000 0.016431775996855
5.920000000000000 0.016267982805741
5.930000000000000 0.016104530646031
5.940000000000000 0.015941418942565
5.950000000000000 0.015778647118156
5.960000000000000 0.015616214593636
5.970000000000000 0.015454120787911
5.980000000000000 0.015292365118003
5.990000000000000 0.015130946999102
6.000000000000000 0.014969865844613
6.010000000000000 0.014823395370035
6.020000000000000 0.014677229592088
6.030000000000000 0.014531367979864
6.040000000000000 0.014385810000937
6.050000000000000 0.014240555121405
6.060000000000000 0.014095602805925
6.070000000000000 0.013950952517757
6.080000000000000 0.013806603718802
6.090000000000000 0.013662555869640
6.100000000000000 0.013518808429565
6.110000000000000 0.013387979193318
6.120000000000000 0.013257421861186
6.130000000000000 0.013127135943641
6.140000000000000 0.012997120950066
6.150000000000000 0.012867376388795
6.160000000000000 0.012737901767142
6.170000000000000 0.012608696591432
6.180000000000000 0.012479760367030
6.190000000000000 0.012351092598379
6.200000000000000 0.012222692789020
6.210000000000000 0.012105705537281
6.220000000000000 0.011988961093646
6.230000000000000 0.011872459008376
6.240000000000000 0.011756198830978
6.250000000000000 0.011640180110237
6.260000000000000 0.011524402394239
6.270000000000000 0.011408865230395
6.280000000000000 0.011293568165468
6.290000000000000 0.011178510745597
6.300000000000000 0.011063692516321
6.310000000000000 0.010958930244055
6.320000000000000 0.010854385035124
6.330000000000000 0.010750056477390
6.340000000000000 0.010645944158217
6.350000000000000 0.010542047664497
6.360000000000000 0.010438366582671
6.370000000000000 0.010334900498741
6.380000000000000 0.010231648998302
6.390000000000000 0.010128611666551
6.400000000000000 0.010025788088313
6.410000000000000 0.009931865032298
6.420000000000000 0.009838136182588
6.430000000000000 0.009744601162376
6.440000000000000 0.009651259594555
6.450000000000000 0.009558111101734
6.460000000000000 0.009465155306255
6.470000000000000 0.009372391830211
6.480000000000000 0.009279820295458
6.490000000000000 0.009187440323635
6.500000000000000 0.009095251536177
6.510000000000000 0.009010951293077
6.520000000000000 0.008926824948137
6.530000000000000 0.008842872157504
6.540000000000000 0.008759092577170
6.550000000000000 0.008675485862987
6.560000000000000 0.008592051670682
6.570000000000000 0.008508789655868
6.580000000000000 0.008425699474054
6.590000000000000 0.008342780780666
6.600000000000000 0.008260033231051
6.610000000000000 0.008184284037033
6.620000000000000 0.008108690689471
6.630000000000000 0.008033252875051
6.640000000000000 0.007957970280416
6.650000000000000 0.007882842592173
6.660000000000000 0.007807869496909
6.670000000000000 0.007733050681200
6.680000000000000 0.007658385831618
6.690000000000000 0.007583874634746
6.700000000000000 0.007509516777183
6.710000000000000 0.007441374237089
6.720000000000000 0.007373371487794
6.730000000000000 0.007305508244146
6.740000000000000 0.007237784221030
6.750000000000000 0.007170199133377
6.760000000000000 0.007102752696173
6.770000000000000 0.007035444624465
6.780000000000000 0.006968274633370
6.790000000000000 0.006901242438088
6.800000000000000 0.006834347753902
6.810000000000000 0.006772979357265
6.820000000000000 0.006711736460925
6.830000000000000 0.006650618805598
6.840000000000000 0.006589626132098
6.850000000000000 0.006528758181340
6.860000000000000 0.006468014694348
6.870000000000000 0.006407395412261
6.880000000000000 0.006346900076340
6.890000000000000 0.006286528427978
6.900000000000000 0.006226280208699
6.910000000000000 0.006170952373898
6.920000000000000 0.006115737308234
6.930000000000000 0.006060634776117
6.940000000000000 0.006005644542093
6.950000000000000 0.005950766370848
6.960000000000000 0.005896000027218
6.970000000000000 0.005841345276189
6.980000000000000 0.005786801882906
6.990000000000000 0.005732369612675
7.000000000000000 0.005678048230973
7.010000000000000 0.005628112703314
7.020000000000000 0.005578278594297
7.030000000000000 0.005528545689972
7.040000000000000 0.005478913776556
7.050000000000000 0.005429382640430
7.060000000000000 0.005379952068149
7.070000000000000 0.005330621846445
7.080000000000000 0.005281391762230
7.090000000000000 0.005232261602601
7.100000000000000 0.005183231154845
7.110000000000000 0.005138118906950
7.120000000000000 0.005093097941011
7.130000000000000 0.005048168062826
7.140000000000000 0.005003329078374
7.150000000000000 0.004958580793820
7.160000000000000 0.004913923015513
7.170000000000000 0.004869355549997
7.180000000000000 0.004824878204008
7.190000000000000 0.004780490784482
7.200000000000000 0.004736193098554
7.210000000000000 0.004695388702680
7.220000000000000 0.004654666552124
7.230000000000000 0.004614026470620
7.240000000000000 0.004573468282092
7.250000000000000 0.004532991810657
7.260000000000000 0.004492596880627
7.270000000000000 0.004452283316514
7.280000000000000 0.004412050943031
7.290000000000000 0.004371899585095
7.300000000000000 0.004331829067830
7.310000000000000 0.004294888805128
7.320000000000000 0.004258022699183
7.330000000000000 0.004221230590052
7.340000000000000 0.004184512317992
7.350000000000000 0.004147867723450
7.360000000000000 0.004111296647077
7.370000000000000 0.004074798929722
7.380000000000000 0.004038374412436
7.390000000000000 0.004002022936477
7.400000000000000 0.003965744343308
7.410000000000000 0.003932271499502
7.420000000000000 0.003898865571541
7.430000000000000 0.003865526414319
7.440000000000000 0.003832253882921
7.450000000000000 0.003799047832630
7.460000000000000 0.003765908118925
7.470000000000000 0.003732834597484
7.480000000000000 0.003699827124185
7.490000000000000 0.003666885555107
7.500000000000000 0.003634009746534
7.510000000000000 0.003603637256642
7.520000000000000 0.003573325224685
7.530000000000000 0.003543073518955
7.540000000000000 0.003512882007934
7.550000000000000 0.003482750560293
7.560000000000000 0.003452679044899
7.570000000000000 0.003422667330810
7.580000000000000 0.003392715287280
7.590000000000000 0.003362822783761
7.600000000000000 0.003332989689900
7.610000000000000 0.003305403598581
7.620000000000000 0.003277872177376
7.630000000000000 0.003250395306726
7.640000000000000 0.003222972867252
7.650000000000000 0.003195604739763
7.660000000000000 0.003168290805254
7.670000000000000 0.003141030944905
7.680000000000000 0.003113825040086
7.690000000000000 0.003086672972356
7.700000000000000 0.003059574623462
7.710000000000000 0.003034494479498
7.720000000000000 0.003009463815782
7.730000000000000 0.002984482523757
7.740000000000000 0.002959550495043
7.750000000000000 0.002934667621436
7.760000000000000 0.002909833794913
7.770000000000000 0.002885048907626
7.780000000000000 0.002860312851911
7.790000000000000 0.002835625520282
7.800000000000000 0.002810986805433
7.810000000000000 0.002788167443473
7.820000000000000 0.002765392894467
7.830000000000000 0.002742663059845
7.840000000000000 0.002719977841205
7.850000000000000 0.002697337140314
7.860000000000000 0.002674740859106
7.870000000000000 0.002652188899689
7.880000000000000 0.002629681164339
7.890000000000000 0.002607217555502
7.900000000000000 0.002584797975799
7.910000000000000 0.002564010466771
7.920000000000000 0.002543263589615
7.930000000000000 0.002522557254776
7.940000000000000 0.002501891372859
7.950000000000000 0.002481265854627
7.960000000000000 0.002460680611005
7.970000000000000 0.002440135553077
7.980000000000000 0.002419630592089
7.990000000000000 0.002399165639449
8.000000000000000 0.002378740606726
8.010000000000000 0.002359786179668
8.020000000000000 0.002340868625357
8.029999999999999 0.002321987862400
8.039999999999999 0.002303143809555
8.050000000000001 0.002284336385728
8.060000000000000 0.002265565509979
8.070000000000000 0.002246831101516
8.080000000000000 0.002228133079701
8.090000000000000 0.002209471364044
8.100000000000000 0.002190845874210
8.109999999999999 0.002173548156721
8.119999999999999 0.002156283926702
8.130000000000001 0.002139053110156
8.140000000000001 0.002121855633226
8.150000000000000 0.002104691422196
8.160000000000000 0.002087560403491
8.170000000000000 0.002070462503679
8.180000000000000 0.002053397649467
8.190000000000000 0.002036365767705
8.199999999999999 0.002019366785386
8.210000000000001 0.002003566452777
8.220000000000001 0.001987796559188
8.230000000000000 0.001972057037318
8.240000000000000 0.001956347819994
8.250000000000000 0.001940668840176
8.260000000000000 0.001925020030958
8.270000000000000 0.001909401325562
8.279999999999999 0.001893812657345
8.289999999999999 0.001878253959796
8.300000000000001 0.001862725166535
8.310000000000000 0.001848281359207
8.320000000000000 0.001833865239795
8.330000000000000 0.001819476747065
8.340000000000000 0.001805115819905
8.350000000000000 0.001790782397328
8.359999999999999 0.001776476418465
8.369999999999999 0.001762197822576
8.380000000000001 0.001747946549040
8.390000000000001 0.001733722537360
8.400000000000000 0.001719525727162
8.410000000000000 0.001706308118072
8.420000000000000 0.001693115719684
8.430000000000000 0.001679948476249
8.440000000000000 0.001666806332135
8.449999999999999 0.001653689231820
8.460000000000001 0.001640597119898
8.470000000000001 0.001627529941078
8.480000000000000 0.001614487640182
8.490000000000000 0.001601470162147
8.500000000000000 0.001588477452024
8.510000000000000 0.001576370447551
8.520000000000000 0.001564286418995
8.529999999999999 0.001552225315571
8.539999999999999 0.001540187086603
8.550000000000001 0.001528171681518
8.560000000000000 0.001516179049852
8.570000000000000 0.001504209141243
8.580000000000000 0.001492261905439
8.590000000000000 0.001480337292291
8.600000000000000 0.001468435251758
8.609999999999999 0.001457338764048
8.619999999999999 0.001446263227323
8.630000000000001 0.001435208595310
8.640000000000001 0.001424174821835
8.650000000000000 0.001413161860822
8.660000000000000 0.001402169666294
8.670000000000000 0.001391198192370
8.680000000000000 0.001380247393268
8.690000000000000 0.001369317223305
8.699999999999999 0.001358407636895
8.710000000000001 0.001348226350237
8.720000000000001 0.001338064188115
8.730000000000000 0.001327921108336
8.740000000000000 0.001317797068795
8.750000000000000 0.001307692027479
8.760000000000000 0.001297605942467
8.770000000000000 0.001287538771926
8.779999999999999 0.001277490474117
8.789999999999999 0.001267461007390
8.800000000000001 0.001257450330184
8.810000000000000 0.001248102111002
8.820000000000000 0.001238771360926
8.830000000000000 0.001229458041464
8.840000000000000 0.001220162114206
8.850000000000000 0.001210883540829
8.859999999999999 0.001201622283092
8.869999999999999 0.001192378302816
8.880000000000001 0.001183151561975
8.890000000000001 0.001173942022557
8.900000000000000 0.001164749646680
8.910000000000000 0.001156158624663
8.920000000000000 0.001147583573509
8.930000000000000 0.001139024458082
8.940000000000000 0.001130481243323
8.949999999999999 0.001121953894250
8.960000000000001 0.001113442375959
8.970000000000001 0.001104946653623
8.980000000000000 0.001096466692493
8.990000000000000 0.001088002457896
9.000000000000000 0.001079553915237
9.010000000000000 0.001071652625119
9.020000000000000 0.001063765947080
9.029999999999999 0.001055893849028
9.039999999999999 0.001048036298944
9.050000000000001 0.001040193264880
9.060000000000000 0.001032364714961
9.070000000000000 0.001024550617380
9.080000000000000 0.001016750940405
9.090000000000000 0.001008965652374
9.100000000000000 0.001001194721694
9.109999999999999 0.000993922162100
9.119999999999999 0.000986662981452
9.130000000000001 0.000979417150425
9.140000000000001 0.000972184639760
9.150000000000000 0.000964965420264
9.160000000000000 0.000957759462809
9.170000000000000 0.000950566738334
9.180000000000000 0.000943387217844
9.190000000000000 0.000936220872408
9.199999999999999 0.000929067673162
9.210000000000001 0.000922369736247
9.220000000000001 0.000915684056386
9.230000000000000 0.000909010606770
9.240000000000000 0.000902349360651
9.250000000000000 0.000895700291344
9.260000000000000 0.000889063372222
9.270000000000000 0.000882438576719
9.279999999999999 0.000875825878332
9.289999999999999 0.000869225250616
9.300000000000001 0.000862636667187
9.310000000000000 0.000856463199175
9.320000000000000 0.000850300968869
9.330000000000000 0.000844149951749
9.340000000000000 0.000838010123348
9.350000000000000 0.000831881459257
9.359999999999999 0.000825763935123
9.369999999999999 0.000819657526647
9.380000000000001 0.000813562209587
9.390000000000001 0.000807477959758
9.400000000000000 0.000801404753028
9.410000000000000 0.000795709586664
9.420000000000000 0.000790024732570
9.430000000000000 0.000784350168301
9.440000000000000 0.000778685871461
9.449999999999999 0.000773031819707
9.460000000000001 0.000767387990748
9.470000000000001 0.000761754362342
9.480000000000000 0.000756130912302
9.490000000000000 0.000750517618491
9.500000000000000 0.000744914458820
9.510000000000000 0.000739656713764
9.520000000000000 0.000734408438536
9.529999999999999 0.000729169612578
9.539999999999999 0.000723940215379
9.550000000000001 0.000718720226476
9.560000000000000 0.000713509625452
9.570000000000000 0.000708308391938
9.580000000000000 0.000703116505615
9.590000000000000 0.000697933946207
9.600000000000000 0.000692760693488
9.609999999999999 0.000687904341041
9.619999999999999 0.000683056689037
9.630000000000001 0.000678217718640
9.640000000000001 0.000673387411058
9.650000000000000 0.000668565747542
9.660000000000000 0.000663752709387
9.670000000000000 0.000658948277934
9.680000000000000 0.000654152434564
9.690000000000000 0.000649365160703
9.699999999999999 0.000644586437822
9.710000000000001 0.000640096192277
9.720000000000001 0.000635613948591
9.730000000000000 0.000631139689490
9.740000000000000 0.000626673397741
9.750000000000000 0.000622215056152
9.760000000000000 0.000617764647569
9.770000000000000 0.000613322154882
9.779999999999999 0.000608887561017
9.789999999999999 0.000604460848942
9.800000000000001 0.000600042001666
9.810000000000000 0.000595887589785
9.820000000000000 0.000591740541971
9.830000000000000 0.000587600842378
9.840000000000000 0.000583468475191
9.850000000000000 0.000579343424638
9.859999999999999 0.000575225674981
9.869999999999999 0.000571115210519
9.880000000000001 0.000567012015590
9.890000000000001 0.000562916074566
9.900000000000000 0.000558827371858
9.910000000000000 0.000554980330764
9.920000000000000 0.000551140072703
9.930000000000000 0.000547306583122
9.940000000000000 0.000543479847502
9.949999999999999 0.000539659851360
9.960000000000001 0.000535846580245
9.970000000000001 0.000532040019740
9.980000000000000 0.000528240155465
9.990000000000000 0.000524446973071
10.000000000000000 0.000520660458244
