0.000000000000000 0.000000000000000
0.010000000000000 0.000218101794213
0.020000000000000 0.000872081254862
0.030000000000000 0.001961180026962
0.040000000000000 0.003484288394479
0.050000000000000 0.005439955441114
0.060000000000000 0.007826399475166
0.070000000000000 0.010641518687787
0.080000000000000 0.013882902014208
0.090000000000000 0.017547840167900
0.100000000000000 0.021633336818131
0.110000000000000 0.026062284770024
0.120000000000000 0.030878484179778
0.130000000000000 0.036075297366438
0.140000000000000 0.041645971679303
0.150000000000000 0.047583649612851
0.160000000000000 0.053881378773673
0.170000000000000 0.060532121682825
0.180000000000000 0.067528765398200
0.190000000000000 0.074864130942648
0.200000000000000 0.082530982524751
0.210000000000000 0.090331583537011
0.220000000000000 0.098415902902789
0.230000000000000 0.106775078725345
0.240000000000000 0.115400314012878
0.250000000000000 0.124282882994220
0.260000000000000 0.133414137120096
0.270000000000000 0.142785510749937
0.280000000000000 0.152388526525171
0.290000000000000 0.162214800430706
0.300000000000000 0.172256046547128
0.310000000000000 0.182207520960677
0.320000000000000 0.192325128351396
0.330000000000000 0.202600190103033
0.340000000000000 0.213024198596418
0.350000000000000 0.223588818913187
0.360000000000000 0.234285890250420
0.370000000000000 0.245107427055996
0.380000000000000 0.256045619894664
0.390000000000000 0.267092836055044
0.400000000000000 0.278241619907908
0.410000000000000 0.289105788519375
0.420000000000000 0.300027929649794
0.430000000000000 0.311000853400596
0.440000000000000 0.322017581981356
0.450000000000000 0.333071347734773
0.460000000000000 0.344155590987194
0.470000000000000 0.355263957736557
0.480000000000000 0.366390297189353
0.490000000000000 0.377528659157946
0.500000000000000 0.388673291329306
0.510000000000000 0.399386771595480
0.520000000000000 0.410070865660080
0.530000000000000 0.420720373458944
0.540000000000000 0.431330302340022
0.550000000000000 0.441895862935631
0.560000000000000 0.452412464982978
0.570000000000000 0.462875713102237
0.580000000000000 0.473281402541020
0.590000000000000 0.483625514893644
0.600000000000000 0.493904213803199
0.610000000000000 0.503650129988135
0.620000000000000 0.513303070422631
0.630000000000000 0.522859814438429
0.640000000000000 0.532317318573809
0.650000000000000 0.541672711667487
0.660000000000000 0.550923289991336
0.670000000000000 0.560066512427189
0.680000000000000 0.569099995692557
0.690000000000000 0.578021509619792
0.700000000000000 0.586828972492759
0.710000000000000 0.595049156282623
0.720000000000000 0.603135231134877
0.730000000000000 0.611085677278982
0.740000000000000 0.618899111950138
0.750000000000000 0.626574284653748
0.760000000000000 0.634110072518465
0.770000000000000 0.641505475739551
0.780000000000000 0.648759613114035
0.790000000000000 0.655871717668913
0.800000000000000 0.662841132383349
0.810000000000000 0.669187815086091
0.820000000000000 0.675377540479952
0.830000000000000 0.681410115958203
0.840000000000000 0.687285445905480
0.850000000000000 0.693003527631819
0.860000000000000 0.698564447412308
0.870000000000000 0.703968376631771
0.880000000000000 0.709215568033785
0.890000000000000 0.714306352073178
0.900000000000000 0.719241133371046
0.910000000000000 0.723558090954700
0.920000000000000 0.727709730657534
0.930000000000000 0.731696809661269
0.940000000000000 0.735520147294469
0.950000000000000 0.739180621821376
0.960000000000000 0.742679167332333
0.970000000000000 0.746016770734026
0.980000000000000 0.749194468837741
0.990000000000000 0.752213345543766
1.000000000000000 0.755074529120073
1.010000000000000 0.757352043206269
1.020000000000000 0.759466469597627
1.030000000000000 0.761419183706582
1.040000000000000 0.763211595389063
1.050000000000000 0.764845146574280
1.060000000000000 0.766321308981417
1.070000000000000 0.767641581921077
1.080000000000000 0.768807490179358
1.090000000000000 0.769820581982423
1.100000000000000 0.770682427039449
1.110000000000000 0.770982964269581
1.120000000000000 0.771129318653610
1.130000000000000 0.771123226620715
1.140000000000000 0.770966438512495
1.150000000000000 0.770660716935029
1.160000000000000 0.770207835179947
1.170000000000000 0.769609575712469
1.180000000000000 0.768867728724386
1.190000000000000 0.767984090749967
1.200000000000000 0.766960463342849
1.210000000000000 0.765463618943154
1.220000000000000 0.763826299520207
1.230000000000000 0.762050396748889
1.240000000000000 0.760137801981588
1.250000000000000 0.758090405178669
1.260000000000000 0.755910093890556
1.270000000000000 0.753598752289639
1.280000000000000 0.751158260250346
1.290000000000000 0.748590492475645
1.300000000000000 0.745897317668396
1.310000000000000 0.742818271602336
1.320000000000000 0.739614895872031
1.330000000000000 0.736289093808881
1.340000000000000 0.732842759281588
1.350000000000000 0.729277776059865
1.360000000000000 0.725596017214874
1.370000000000000 0.721799344554994
1.380000000000000 0.717889608095598
1.390000000000000 0.713868645561504
1.400000000000000 0.709738281920859
1.410000000000000 0.705325833941180
1.420000000000000 0.700806152218306
1.430000000000000 0.696181054458349
1.440000000000000 0.691452343647139
1.450000000000000 0.686621807721629
1.460000000000000 0.681691219266244
1.470000000000000 0.676662335233145
1.480000000000000 0.671536896685415
1.490000000000000 0.666316628562184
1.500000000000000 0.661003239464782
1.510000000000000 0.655565617840862
1.520000000000000 0.650038020381054
1.530000000000000 0.644422111118272
1.540000000000000 0.638719537013234
1.550000000000000 0.632931927832841
1.560000000000000 0.627060896044637
1.570000000000000 0.621108036726610
1.580000000000000 0.615074927491643
1.590000000000000 0.608963128425922
1.600000000000000 0.602774182040634
1.610000000000000 0.596611522353032
1.620000000000000 0.590375310825473
1.630000000000000 0.584067022019377
1.640000000000000 0.577688113058655
1.650000000000000 0.571240023637764
1.660000000000000 0.564724176039509
1.670000000000000 0.558141975162113
1.680000000000000 0.551494808555053
1.690000000000000 0.544784046463216
1.700000000000000 0.538011041878924
1.710000000000000 0.531470574141004
1.720000000000000 0.524871831328303
1.730000000000000 0.518216077103593
1.740000000000000 0.511504558714933
1.750000000000000 0.504738507076482
1.760000000000000 0.497919136854754
1.770000000000000 0.491047646559956
1.780000000000000 0.484125218642142
1.790000000000000 0.477153019591833
1.800000000000000 0.470132200044856
1.810000000000000 0.463518618747661
1.820000000000000 0.456860299341345
1.830000000000000 0.450158294106267
1.840000000000000 0.443413640714987
1.850000000000000 0.436627362346371
1.860000000000000 0.429800467802331
1.870000000000000 0.422933951627000
1.880000000000000 0.416028794228141
1.890000000000000 0.409085962000614
1.900000000000000 0.402106407451714
1.910000000000000 0.395698681623203
1.920000000000000 0.389257810053822
1.930000000000000 0.382784644212847
1.940000000000000 0.376280023154066
1.950000000000000 0.369744773637298
1.960000000000000 0.363179710250849
1.970000000000000 0.356585635534805
1.980000000000000 0.349963340105018
1.990000000000000 0.343313602777714
2.000000000000000 0.336637190694584
2.010000000000000 0.330675019555310
2.020000000000000 0.324689276600164
2.030000000000000 0.318680630620683
2.040000000000000 0.312649740282523
2.050000000000000 0.306597254238747
2.060000000000000 0.300523811243133
2.070000000000000 0.294430040263422
2.080000000000000 0.288316560594453
2.090000000000000 0.282183981971124
2.100000000000000 0.276032904681108
2.110000000000000 0.270689762047343
2.120000000000000 0.265330618405710
2.130000000000000 0.259955983836966
2.140000000000000 0.254566360465126
2.150000000000000 0.249162242554583
2.160000000000000 0.243744116606798
2.170000000000000 0.238312461456533
2.180000000000000 0.232867748367581
2.190000000000000 0.227410441127979
2.200000000000000 0.221940996144669
2.210000000000000 0.217312134056339
2.220000000000000 0.212672979325449
2.230000000000000 0.208023910326067
2.240000000000000 0.203365299383550
2.250000000000000 0.198697512852917
2.260000000000000 0.194020911196650
2.270000000000000 0.189335849061907
2.280000000000000 0.184642675357128
2.290000000000000 0.179941733328027
2.300000000000000 0.175233360632955
2.310000000000000 0.171344522822540
2.320000000000000 0.167449491192423
2.330000000000000 0.163548539197555
2.340000000000000 0.159641935828965
2.350000000000000 0.155729945674103
2.360000000000000 0.151812828976622
2.370000000000000 0.147890841695591
2.380000000000000 0.143964235564137
2.390000000000000 0.140033258147509
2.400000000000000 0.136098152900558
2.410000000000000 0.132920680677493
2.420000000000000 0.129739809782143
2.430000000000000 0.126555733104132
2.440000000000000 0.123368640325196
2.450000000000000 0.120178717963900
2.460000000000000 0.116986149419872
2.470000000000000 0.113791115017555
2.480000000000000 0.110593792049482
2.490000000000000 0.107394354819065
2.500000000000000 0.104192974682911
2.510000000000000 0.101657480251728
2.520000000000000 0.099120387465116
2.530000000000000 0.096581829531646
2.540000000000000 0.094041937405893
2.550000000000000 0.091500839820563
2.560000000000000 0.088958663318247
2.570000000000000 0.086415532282799
2.580000000000000 0.083871568970344
2.590000000000000 0.081326893539899
2.600000000000000 0.078781624083638
2.610000000000000 0.076799907108551
2.620000000000000 0.074817678278623
2.630000000000000 0.072835027856742
2.640000000000000 0.070852044552644
2.650000000000000 0.068868815545421
2.660000000000000 0.066885426505750
2.670000000000000 0.064901961617846
2.680000000000000 0.062918503601130
2.690000000000000 0.060935133731629
2.700000000000000 0.058951931863097
2.710000000000000 0.057426564364175
2.720000000000000 0.055901289008811
2.730000000000000 0.054376166073327
2.740000000000000 0.052851254779059
2.750000000000000 0.051326613307832
2.760000000000000 0.049802298817241
2.770000000000000 0.048278367455728
2.780000000000000 0.046754874377459
2.790000000000000 0.045231873757010
2.800000000000000 0.043709418803848
2.810000000000000 0.042552750552507
2.820000000000000 0.041396468942626
2.830000000000000 0.040240613641759
2.840000000000000 0.039085223610701
2.850000000000000 0.037930337113959
2.860000000000000 0.036775991730074
2.870000000000000 0.035622224361805
2.880000000000000 0.034469071246176
2.890000000000000 0.033316567964386
2.900000000000000 0.032164749451585
2.910000000000000 0.031296962879990
2.920000000000000 0.030429672201419
2.930000000000000 0.029562903230261
2.940000000000000 0.028696681312029
2.950000000000000 0.027831031330358
2.960000000000000 0.026965977713895
2.970000000000000 0.026101544443098
2.980000000000000 0.025237755056940
2.990000000000000 0.024374632659523
3.000000000000000 0.023512199926592
3.010000000000000 0.022866757153728
3.020000000000000 0.022221816399665
3.030000000000000 0.021577394298520
3.040000000000000 0.020933507175780
3.050000000000000 0.020290171052928
3.060000000000000 0.019647401652005
3.070000000000000 0.019005214400102
3.080000000000000 0.018363624433794
3.090000000000000 0.017722646603515
3.100000000000000 0.017082295477857
3.110000000000000 0.016605935029261
3.120000000000000 0.016130030852251
3.130000000000000 0.015654593562909
3.140000000000000 0.015179633575575
3.150000000000000 0.014705161105886
3.160000000000000 0.014231186173762
3.170000000000000 0.013757718606359
3.180000000000000 0.013284768040977
3.190000000000000 0.012812343927923
3.200000000000000 0.012340455533338
3.210000000000000 0.011991123071152
3.220000000000000 0.011642180263581
3.230000000000000 0.011293633824870
3.240000000000000 0.010945490338138
3.250000000000000 0.010597756257364
3.260000000000000 0.010250437909332
3.270000000000000 0.009903541495558
3.280000000000000 0.009557073094180
3.290000000000000 0.009211038661831
3.300000000000000 0.008865444035474
3.310000000000000 0.008610647781185
3.320000000000000 0.008356170978190
3.330000000000000 0.008102017834924
3.340000000000000 0.007848192475010
3.350000000000000 0.007594698938541
3.360000000000000 0.007341541183348
3.370000000000000 0.007088723086242
3.380000000000000 0.006836248444247
3.390000000000000 0.006584120975810
3.400000000000000 0.006332344321988
3.410000000000000 0.006147381002255
3.420000000000000 0.005962672088289
3.430000000000000 0.005778220193092
3.440000000000000 0.005594027875042
3.450000000000000 0.005410097638724
3.460000000000000 0.005226431935744
3.470000000000000 0.005043033165536
3.480000000000000 0.004859903676152
3.490000000000000 0.004677045765045
3.500000000000000 0.004494461679841
3.510000000000000 0.004360960675724
3.520000000000000 0.004227657584077
3.530000000000000 0.004094554008558
3.540000000000000 0.003961651517830
3.550000000000000 0.003828951646096
3.560000000000000 0.003696455893624
3.570000000000000 0.003564165727259
3.580000000000000 0.003432082580938
3.590000000000000 0.003300207856186
3.600000000000000 0.003168542922614
3.610000000000000 0.003072636481708
3.620000000000000 0.002976881273572
3.630000000000000 0.002881278270298
3.640000000000000 0.002785828421662
3.650000000000000 0.002690532655459
3.660000000000000 0.002595391877845
3.670000000000000 0.002500406973662
3.680000000000000 0.002405578806766
3.690000000000000 0.002310908220349
3.700000000000000 0.002216396037250
3.710000000000000 0.002147883899670
3.720000000000000 0.002079485501060
3.730000000000000 0.002011201421635
3.740000000000000 0.001943032227457
3.750000000000000 0.001874978470645
3.760000000000000 0.001807040689596
3.770000000000000 0.001739219409187
3.780000000000000 0.001671515140991
3.790000000000000 0.001603928383473
3.800000000000000 0.001536459622194
3.810000000000000 0.001487807286891
3.820000000000000 0.001439239295735
3.830000000000000 0.001390755988580
3.840000000000000 0.001342357696352
3.850000000000000 0.001294044741190
3.860000000000000 0.001245817436582
3.870000000000000 0.001197676087493
3.880000000000000 0.001149620990501
3.890000000000000 0.001101652433921
3.900000000000000 0.001053770697939
3.910000000000000 0.001019452798761
3.920000000000000 0.000985196620191
3.930000000000000 0.000951002356579
3.940000000000000 0.000916870196685
3.950000000000000 0.000882800323769
3.960000000000000 0.000848792915673
3.970000000000000 0.000814848144905
3.980000000000000 0.000780966178721
3.990000000000000 0.000747147179210
4.000000000000000 0.000713391303368
4.010000000000000 0.000689360586350
4.020000000000000 0.000665374467057
4.030000000000000 0.000641433053213
4.040000000000000 0.000617536449067
4.050000000000000 0.000593684755453
4.060000000000000 0.000569878069837
4.070000000000000 0.000546116486374
4.080000000000000 0.000522400095957
4.090000000000000 0.000498728986268
4.100000000000000 0.000475103241829
4.110000000000000 0.000458425906873
4.120000000000000 0.000441780369097
4.130000000000000 0.000425166685656
4.140000000000000 0.000408584911567
4.150000000000000 0.000392035099745
4.160000000000000 0.000375517301034
4.170000000000000 0.000359031564242
4.180000000000000 0.000342577936167
4.190000000000000 0.000326156461637
4.200000000000000 0.000309767183534
4.210000000000000 0.000298305000582
4.220000000000000 0.000286865187810
4.230000000000000 0.000275447773649
4.240000000000000 0.000264052785229
4.250000000000000 0.000252680248403
4.260000000000000 0.000241330187761
4.270000000000000 0.000230002626655
4.280000000000000 0.000218697587216
4.290000000000000 0.000207415090373
4.300000000000000 0.000196155155874
4.310000000000000 0.000188367107765
4.320000000000000 0.000180594572064
4.330000000000000 0.000172837561457
4.340000000000000 0.000165096087849
4.350000000000000 0.000157370162376
4.360000000000000 0.000149659795418
4.370000000000000 0.000141964996610
4.380000000000000 0.000134285774854
4.390000000000000 0.000126622138330
4.400000000000000 0.000118974094509
4.410000000000000 0.000113751311658
4.420000000000000 0.000108539120693
4.430000000000000 0.000103337526101
4.440000000000000 0.000098146531907
4.450000000000000 0.000092966141678
4.460000000000000 0.000087796358539
4.470000000000000 0.000082637185169
4.480000000000000 0.000077488623818
4.490000000000000 0.000072350676306
4.500000000000000 0.000067223344036
4.510000000000000 0.000063773602603
4.520000000000000 0.000060330971893
4.530000000000000 0.000056895452449
4.540000000000000 0.000053467044545
4.550000000000000 0.000050045748190
4.560000000000000 0.000046631563134
4.570000000000000 0.000043224488870
4.580000000000000 0.000039824524642
4.590000000000000 0.000036431669445
4.600000000000000 0.000033045922029
4.610000000000000 0.000030805938290
4.620000000000000 0.000028570642292
4.630000000000000 0.000026340032936
4.640000000000000 0.000024114108966
4.650000000000000 0.000021892868980
4.660000000000000 0.000019676311425
4.670000000000000 0.000017464434606
4.680000000000000 0.000015257236684
4.690000000000000 0.000013054715678
4.700000000000000 0.000010856869470
4.710000000000000 0.000009760740679
4.720000000000000 0.000008666935719
4.730000000000000 0.000007575453420
4.740000000000000 0.000006486292544
4.750000000000000 0.000005399451790
4.760000000000000 0.000004314929797
4.770000000000000 0.000003232725137
4.780000000000000 0.000002152836325
4.790000000000000 0.000001075261814
4.800000000000000 0.000000000000000
4.810000000000000 0.000000000000000
4.820000000000000 0.000000000000000
4.830000000000000 0.000000000000000
4.840000000000000 0.000000000000000
4.850000000000000 0.000000000000000
4.860000000000000 0.000000000000000
4.870000000000000 0.000000000000000
4.880000000000000 0.000000000000000
4.890000000000000 0.000000000000000
4.900000000000000 -0.000000000000000
4.910000000000000 0.000000000000000
4.920000000000000 0.000000000000000
4.930000000000000 0.000000000000000
4.940000000000000 0.000000000000000
4.950000000000000 0.000000000000000
4.960000000000000 0.000000000000000
4.970000000000000 0.000000000000000
4.980000000000000 0.000000000000000
4.990000000000000 0.000000000000000
5.000000000000000 -0.000000000000000
5.010000000000000 0.000000000000000
5.020000000000000 0.000000000000000
5.030000000000000 0.000000000000000
5.040000000000000 0.000000000000000
5.050000000000000 0.000000000000000
5.060000000000000 0.000000000000000
5.070000000000000 0.000000000000000
5.080000000000000 0.000000000000000
5.090000000000000 0.000000000000000
5.100000000000000 -0.000000000000000
5.110000000000000 0.000000000000000
5.120000000000000 0.000000000000000
5.130000000000000 0.000000000000000
5.140000000000000 0.000000000000000
5.150000000000000 0.000000000000000
5.160000000000000 0.000000000000000
5.170000000000000 0.000000000000000
5.180000000000000 0.000000000000000
5.190000000000000 0.000000000000000
5.200000000000000 -0.000000000000000
5.210000000000000 0.000000000000000
5.220000000000000 0.000000000000000
5.230000000000000 0.000000000000000
5.240000000000000 0.000000000000000
5.250000000000000 0.000000000000000
5.260000000000000 0.000000000000000
5.270000000000000 0.000000000000000
5.280000000000000 0.000000000000000
5.290000000000000 0.000000000000000
5.300000000000000 0.000000000000000
5.310000000000000 0.000000000000000
5.320000000000000 0.000000000000000
5.330000000000000 0.000000000000000
5.340000000000000 0.000000000000000
5.350000000000000 0.000000000000000
5.360000000000000 0.000000000000000
5.370000000000000 0.000000000000000
5.380000000000000 0.000000000000000
5.390000000000000 0.000000000000000
5.400000000000000 -0.000000000000000
5.410000000000000 0.000000000000000
5.420000000000000 0.000000000000000
5.430000000000000 0.000000000000000
5.440000000000000 0.000000000000000
5.450000000000000 0.000000000000000
5.460000000000000 0.000000000000000
5.470000000000000 0.000000000000000
5.480000000000000 0.000000000000000
5.490000000000000 0.000000000000000
5.500000000000000 -0.000000000000000
5.510000000000000 0.000000000000000
5.520000000000000 0.000000000000000
5.530000000000000 0.000000000000000
5.540000000000000 0.000000000000000
5.550000000000000 0.000000000000000
5.560000000000000 0.000000000000000
5.570000000000000 0.000000000000000
5.580000000000000 0.000000000000000
5.590000000000000 0.000000000000000
5.600000000000000 -0.000000000000000
5.610000000000000 0.000000000000000
5.620000000000000 0.000000000000000
5.630000000000000 0.000000000000000
5.640000000000000 0.000000000000000
5.650000000000000 0.000000000000000
5.660000000000000 0.000000000000000
5.670000000000000 0.000000000000000
5.680000000000000 0.000000000000000
5.690000000000000 0.000000000000000
5.700000000000000 -0.000000000000000
5.710000000000000 0.000000000000000
5.720000000000000 0.000000000000000
5.730000000000000 0.000000000000000
5.740000000000000 0.000000000000000
5.750000000000000 0.000000000000000
5.760000000000000 0.000000000000000
5.770000000000000 0.000000000000000
5.780000000000000 0.000000000000000
5.790000000000000 0.000000000000000
5.800000000000000 0.000000000000000
5.810000000000000 0.000000000000000
5.820000000000000 0.000000000000000
5.830000000000000 0.000000000000000
5.840000000000000 0.000000000000000
5.850000000000000 0.000000000000000
5.860000000000000 0.000000000000000
5.870000000000000 0.000000000000000
5.880000000000000 0.000000000000000
5.890000000000000 0.000000000000000
5.900000000000000 -0.000000000000000
5.910000000000000 0.000000000000000
5.920000000000000 0.000000000000000
5.930000000000000 0.000000000000000
5.940000000000000 0.000000000000000
5.950000000000000 0.000000000000000
5.960000000000000 0.000000000000000
5.970000000000000 0.000000000000000
5.980000000000000 0.000000000000000
5.990000000000000 0.000000000000000
6.000000000000000 -0.000000000000000
6.010000000000000 0.000000000000000
6.020000000000000 0.000000000000000
6.030000000000000 0.000000000000000
6.040000000000000 0.000000000000000
6.050000000000000 0.000000000000000
6.060000000000000 0.000000000000000
6.070000000000000 0.000000000000000
6.080000000000000 0.000000000000000
6.090000000000000 0.000000000000000
6.100000000000000 -0.000000000000000
6.110000000000000 0.000000000000000
6.120000000000000 0.000000000000000
6.130000000000000 0.000000000000000
6.140000000000000 0.000000000000000
6.150000000000000 0.000000000000000
6.160000000000000 0.000000000000000
6.170000000000000 0.000000000000000
6.180000000000000 0.000000000000000
6.190000000000000 0.000000000000000
6.200000000000000 -0.000000000000000
6.210000000000000 0.000000000000000
6.220000000000000 0.000000000000000
6.230000000000000 0.000000000000000
6.240000000000000 0.000000000000000
6.250000000000000 0.000000000000000
6.260000000000000 0.000000000000000
6.270000000000000 0.000000000000000
6.280000000000000 0.000000000000000
6.290000000000000 0.000000000000000
6.300000000000000 0.000000000000000
6.310000000000000 0.000000000000000
6.320000000000000 0.000000000000000
6.330000000000000 0.000000000000000
6.340000000000000 0.000000000000000
6.350000000000000 0.000000000000000
6.360000000000000 0.000000000000000
6.370000000000000 0.000000000000000
6.380000000000000 0.000000000000000
6.390000000000000 0.000000000000000
6.400000000000000 -0.000000000000000
6.410000000000000 0.000000000000000
6.420000000000000 0.000000000000000
6.430000000000000 0.000000000000000
6.440000000000000 0.000000000000000
6.450000000000000 0.000000000000000
6.460000000000000 0.000000000000000
6.470000000000000 0.000000000000000
6.480000000000000 0.000000000000000
6.490000000000000 0.000000000000000
6.500000000000000 -0.000000000000000
6.510000000000000 0.000000000000000
6.520000000000000 0.000000000000000
6.530000000000000 0.000000000000000
6.540000000000000 0.000000000000000
6.550000000000000 0.000000000000000
6.560000000000000 0.000000000000000
6.570000000000000 0.000000000000000
6.580000000000000 0.000000000000000
6.590000000000000 0.000000000000000
6.600000000000000 -0.000000000000000
6.610000000000000 0.000000000000000
6.620000000000000 0.000000000000000
6.630000000000000 0.000000000000000
6.640000000000000 0.000000000000000
6.650000000000000 0.000000000000000
6.660000000000000 0.000000000000000
6.670000000000000 0.000000000000000
6.680000000000000 0.000000000000000
6.690000000000000 0.000000000000000
6.700000000000000 -0.000000000000000
6.710000000000000 0.000000000000000
6.720000000000000 0.000000000000000
6.730000000000000 0.000000000000000
6.740000000000000 0.000000000000000
6.750000000000000 0.000000000000000
6.760000000000000 0.000000000000000
6.770000000000000 0.000000000000000
6.780000000000000 0.000000000000000
6.790000000000000 0.000000000000000
6.800000000000000 0.000000000000000
6.810000000000000 0.000000000000000
6.820000000000000 0.000000000000000
6.830000000000000 0.000000000000000
6.840000000000000 0.000000000000000
6.850000000000000 0.000000000000000
6.860000000000000 0.000000000000000
6.870000000000000 0.000000000000000
6.880000000000000 0.000000000000000
6.890000000000000 0.000000000000000
6.900000000000000 -0.000000000000000
6.910000000000000 0.000000000000000
6.920000000000000 0.000000000000000
6.930000000000000 0.000000000000000
6.940000000000000 0.000000000000000
6.950000000000000 0.000000000000000
6.960000000000000 0.000000000000000
6.970000000000000 0.000000000000000
6.980000000000000 0.000000000000000
6.990000000000000 0.000000000000000
7.000000000000000 -0.000000000000000
7.010000000000000 0.000000000000000
7.020000000000000 0.000000000000000
7.030000000000000 0.000000000000000
7.040000000000000 0.000000000000000
7.050000000000000 0.000000000000000
7.060000000000000 0.000000000000000
7.070000000000000 0.000000000000000
7.080000000000000 0.000000000000000
7.090000000000000 0.000000000000000
7.100000000000000 -0.000000000000000
7.110000000000000 0.000000000000000
7.120000000000000 0.000000000000000
7.130000000000000 0.000000000000000
7.140000000000000 0.000000000000000
7.150000000000000 0.000000000000000
7.160000000000000 0.000000000000000
7.170000000000000 0.000000000000000
7.180000000000000 0.000000000000000
7.190000000000000 0.000000000000000
7.200000000000000 -0.000000000000000
7.210000000000000 0.000000000000000
7.220000000000000 0.000000000000000
7.230000000000000 0.000000000000000
7.240000000000000 0.000000000000000
7.250000000000000 0.000000000000000
7.260000000000000 0.000000000000000
7.270000000000000 0.000000000000000
7.280000000000000 0.000000000000000
7.290000000000000 0.000000000000000
7.300000000000000 0.000000000000000
7.310000000000000 0.000000000000000
7.320000000000000 0.000000000000000
7.330000000000000 0.000000000000000
7.340000000000000 0.000000000000000
7.350000000000000 0.000000000000000
7.360000000000000 0.000000000000000
7.370000000000000 0.000000000000000
7.380000000000000 0.000000000000000
7.390000000000000 0.000000000000000
7.400000000000000 -0.000000000000000
7.410000000000000 0.000000000000000
7.420000000000000 0.000000000000000
7.430000000000000 0.000000000000000
7.440000000000000 0.000000000000000
7.450000000000000 0.000000000000000
7.460000000000000 0.000000000000000
7.470000000000000 0.000000000000000
7.480000000000000 0.000000000000000
7.490000000000000 0.000000000000000
7.500000000000000 -0.000000000000000
7.510000000000000 0.000000000000000
7.520000000000000 0.000000000000000
7.530000000000000 0.000000000000000
7.540000000000000 0.000000000000000
7.550000000000000 0.000000000000000
7.560000000000000 0.000000000000000
7.570000000000000 0.000000000000000
7.580000000000000 0.000000000000000
7.590000000000000 0.000000000000000
7.600000000000000 -0.000000000000000
7.610000000000000 0.000000000000000
7.620000000000000 0.000000000000000
7.630000000000000 0.000000000000000
7.640000000000000 0.000000000000000
7.650000000000000 0.000000000000000
7.660000000000000 0.000000000000000
7.670000000000000 0.000000000000000
7.680000000000000 0.000000000000000
7.690000000000000 0.000000000000000
7.700000000000000 -0.000000000000000
7.710000000000000 0.000000000000000
7.720000000000000 0.000000000000000
7.730000000000000 0.000000000000000
7.740000000000000 0.000000000000000
7.750000000000000 0.000000000000000
7.760000000000000 0.000000000000000
7.770000000000000 0.000000000000000
7.780000000000000 0.000000000000000
7.790000000000000 0.000000000000000
7.800000000000000 0.000000000000000
7.810000000000000 0.000000000000000
7.820000000000000 0.000000000000000
7.830000000000000 0.000000000000000
7.840000000000000 0.000000000000000
7.850000000000000 0.000000000000000
7.860000000000000 0.000000000000000
7.870000000000000 0.000000000000000
7.880000000000000 0.000000000000000
7.890000000000000 0.000000000000000
7.900000000000000 -0.000000000000000
7.910000000000000 0.000000000000000
7.920000000000000 0.000000000000000
7.930000000000000 0.000000000000000
7.940000000000000 0.000000000000000
7.950000000000000 0.000000000000000
7.960000000000000 0.000000000000000
7.970000000000000 0.000000000000000
7.980000000000000 0.000000000000000
7.990000000000000 0.000000000000000
8.000000000000000 -0.000000000000000
8.010000000000000 0.000000000000000
8.020000000000000 0.000000000000000
8.029999999999999 0.000000000000000
8.039999999999999 0.000000000000000
8.050000000000001 0.000000000000000
8.060000000000000 0.000000000000000
8.070000000000000 0.000000000000000
8.080000000000000 0.000000000000000
8.090000000000000 0.000000000000000
8.100000000000000 -0.000000000000000
8.109999999999999 0.000000000000000
8.119999999999999 0.000000000000000
8.130000000000001 0.000000000000000
8.140000000000001 0.000000000000000
8.150000000000000 0.000000000000000
8.160000000000000 0.000000000000000
8.170000000000000 0.000000000000000
8.180000000000000 0.000000000000000
8.190000000000000 0.000000000000000
8.199999999999999 0.000000000000000
8.210000000000001 0.000000000000000
8.220000000000001 0.000000000000000
8.230000000000000 0.000000000000000
8.240000000000000 0.000000000000000
8.250000000000000 0.000000000000000
8.260000000000000 0.000000000000000
8.270000000000000 0.000000000000000
8.279999999999999 0.000000000000000
8.289999999999999 0.000000000000000
8.300000000000001 -0.000000000000000
8.310000000000000 0.000000000000000
8.320000000000000 0.000000000000000
8.330000000000000 0.000000000000000
8.340000000000000 0.000000000000000
8.350000000000000 0.000000000000000
8.359999999999999 0.000000000000000
8.369999999999999 0.000000000000000
8.380000000000001 0.000000000000000
8.390000000000001 0.000000000000000
8.400000000000000 -0.000000000000000
8.410000000000000 0.000000000000000
8.420000000000000 0.000000000000000
8.430000000000000 0.000000000000000
8.440000000000000 0.000000000000000
8.449999999999999 0.000000000000000
8.460000000000001 0.000000000000000
8.470000000000001 0.000000000000000
8.480000000000000 0.000000000000000
8.490000000000000 0.000000000000000
8.500000000000000 -0.000000000000000
8.510000000000000 0.000000000000000
8.520000000000000 0.000000000000000
8.529999999999999 0.000000000000000
8.539999999999999 0.000000000000000
8.550000000000001 0.000000000000000
8.560000000000000 0.000000000000000
8.570000000000000 0.000000000000000
8.580000000000000 0.000000000000000
8.590000000000000 0.000000000000000
8.600000000000000 -0.000000000000000
8.609999999999999 0.000000000000000
8.619999999999999 0.000000000000000
8.630000000000001 0.000000000000000
8.640000000000001 0.000000000000000
8.650000000000000 0.000000000000000
8.660000000000000 0.000000000000000
8.670000000000000 0.000000000000000
8.680000000000000 0.000000000000000
8.690000000000000 0.000000000000000
8.699999999999999 -0.000000000000000
8.710000000000001 0.000000000000000
8.720000000000001 0.000000000000000
8.730000000000000 0.000000000000000
8.740000000000000 0.000000000000000
8.750000000000000 0.000000000000000
8.760000000000000 0.000000000000000
8.770000000000000 0.000000000000000
8.779999999999999 0.000000000000000
8.789999999999999 0.000000000000000
8.800000000000001 -0.000000000000000
8.810000000000000 0.000000000000000
8.820000000000000 0.000000000000000
8.830000000000000 0.000000000000000
8.840000000000000 0.000000000000000
8.850000000000000 0.000000000000000
8.859999999999999 0.000000000000000
8.869999999999999 0.000000000000000
8.880000000000001 0.000000000000000
8.890000000000001 0.000000000000000
8.900000000000000 -0.000000000000000
8.910000000000000 0.000000000000000
8.920000000000000 0.000000000000000
8.930000000000000 0.000000000000000
8.940000000000000 0.000000000000000
8.949999999999999 0.000000000000000
8.960000000000001 0.000000000000000
8.970000000000001 0.000000000000000
8.980000000000000 0.000000000000000
8.990000000000000 0.000000000000000
9.000000000000000 -0.000000000000000
9.010000000000000 0.000000000000000
9.020000000000000 0.000000000000000
9.029999999999999 0.000000000000000
9.039999999999999 0.000000000000000
9.050000000000001 0.000000000000000
9.060000000000000 0.000000000000000
9.070000000000000 0.000000000000000
9.080000000000000 0.000000000000000
9.090000000000000 0.000000000000000
9.100000000000000 -0.000000000000000
9.109999999999999 0.000000000000000
9.119999999999999 0.000000000000000
9.130000000000001 0.000000000000000
9.140000000000001 0.000000000000000
9.150000000000000 0.000000000000000
9.160000000000000 0.000000000000000
9.170000000000000 0.000000000000000
9.180000000000000 0.000000000000000
9.190000000000000 0.000000000000000
9.199999999999999 -0.000000000000000
9.210000000000001 0.000000000000000
9.220000000000001 0.000000000000000
9.230000000000000 0.000000000000000
9.240000000000000 0.000000000000000
9.250000000000000 0.000000000000000
9.260000000000000 0.000000000000000
9.270000000000000 0.000000000000000
9.279999999999999 0.000000000000000
9.289999999999999 0.000000000000000
9.300000000000001 -0.000000000000000
9.310000000000000 0.000000000000000
9.320000000000000 0.000000000000000
9.330000000000000 0.000000000000000
9.340000000000000 0.000000000000000
9.350000000000000 0.000000000000000
9.359999999999999 0.000000000000000
9.369999999999999 0.000000000000000
9.380000000000001 0.000000000000000
9.390000000000001 0.000000000000000
9.400000000000000 -0.000000000000000
9.410000000000000 0.000000000000000
9.420000000000000 0.000000000000000
9.430000000000000 0.000000000000000
9.440000000000000 0.000000000000000
9.449999999999999 0.000000000000000
9.460000000000001 0.000000000000000
9.470000000000001 0.000000000000000
9.480000000000000 0.000000000000000
9.490000000000000 0.000000000000000
9.500000000000000 -0.000000000000000
9.510000000000000 0.000000000000000
9.520000000000000 0.000000000000000
9.529999999999999 0.000000000000000
9.539999999999999 0.000000000000000
9.550000000000001 0.000000000000000
9.560000000000000 0.000000000000000
9.570000000000000 0.000000000000000
9.580000000000000 0.000000000000000
9.590000000000000 0.000000000000000
9.600000000000000 0.000000000000000
9.609999999999999 0.000000000000000
9.619999999999999 0.000000000000000
9.630000000000001 0.000000000000000
9.640000000000001 0.000000000000000
9.650000000000000 0.000000000000000
9.660000000000000 0.000000000000000
9.670000000000000 0.000000000000000
9.680000000000000 0.000000000000000
9.690000000000000 0.000000000000000
9.699999999999999 -0.000000000000000
9.710000000000001 0.000000000000000
9.720000000000001 0.000000000000000
9.730000000000000 0.000000000000000
9.740000000000000 0.000000000000000
9.750000000000000 0.000000000000000
9.760000000000000 0.000000000000000
9.770000000000000 0.000000000000000
9.779999999999999 0.000000000000000
9.789999999999999 0.000000000000000
9.800000000000001 -0.000000000000000
9.810000000000000 0.000000000000000
9.820000000000000 0.000000000000000
9.830000000000000 0.000000000000000
9.840000000000000 0.000000000000000
9.850000000000000 0.000000000000000
9.859999999999999 0.000000000000000
9.869999999999999 0.000000000000000
9.880000000000001 0.000000000000000
9.890000000000001 0.000000000000000
9.900000000000000 -0.000000000000000
9.910000000000000 0.000000000000000
9.920000000000000 0.000000000000000
9.930000000000000 0.000000000000000
9.940000000000000 0.000000000000000
9.949999999999999 0.000000000000000
9.960000000000001 0.000000000000000
9.970000000000001 0.000000000000000
9.980000000000000 0.000000000000000
9.990000000000000 0.000000000000000
10.000000000000000 -0.000000000000000
