0.000000000000000 0.000000000000000
0.010000000000000 0.000825393656968
0.020000000000000 0.003272910194970
0.030000000000000 0.007299559707942
0.040000000000000 0.012862392655795
0.050000000000000 0.019918538380867
0.060000000000000 0.028425242721510
0.070000000000000 0.038339904657120
0.080000000000000 0.049620111924244
0.090000000000000 0.062223675548747
0.100000000000000 0.076108663244360
0.110000000000000 0.091004713630044
0.120000000000000 0.107017137211132
0.130000000000000 0.124096137089018
0.140000000000000 0.142192686357274
0.150000000000000 0.161258551059253
0.160000000000000 0.181246311423141
0.170000000000000 0.202109381382806
0.180000000000000 0.223802026397666
0.190000000000000 0.246279379589372
0.200000000000000 0.269497456217429
0.210000000000000 0.292822845630094
0.220000000000000 0.316700899247707
0.230000000000000 0.341085672962432
0.240000000000000 0.365932416741327
0.250000000000000 0.391197575952342
0.260000000000000 0.416838791073928
0.270000000000000 0.442814895849044
0.280000000000000 0.469085913946005
0.290000000000000 0.495613054189925
0.300000000000000 0.522358704429574
0.310000000000000 0.548372525722961
0.320000000000000 0.574432740950290
0.330000000000000 0.600503030022852
0.340000000000000 0.626548390392441
0.350000000000000 0.652535120265401
0.360000000000000 0.678430800821305
0.370000000000000 0.704204277510947
0.380000000000000 0.729825640506949
0.390000000000000 0.755266204378866
0.400000000000000 0.780498487063001
0.410000000000000 0.804333836511746
0.420000000000000 0.827819840436437
0.430000000000000 0.850931680695190
0.440000000000000 0.873645762717399
0.450000000000000 0.895939688108590
0.460000000000000 0.917792226965238
0.470000000000000 0.939183289960089
0.480000000000000 0.960093900255868
0.490000000000000 0.980506165302572
0.500000000000000 1.000403248570841
0.510000000000000 1.018499785801657
0.520000000000000 1.035977812785718
0.530000000000000 1.052823421403753
0.540000000000000 1.069023710123596
0.550000000000000 1.084566753437749
0.560000000000000 1.099441571547243
0.570000000000000 1.113638100327718
0.580000000000000 1.127147161610998
0.590000000000000 1.139960433812893
0.600000000000000 1.152070422935490
0.610000000000000 1.162235021221812
0.620000000000000 1.171629318468920
0.630000000000000 1.180248387709749
0.640000000000000 1.188088050773203
0.650000000000000 1.195144849829780
0.660000000000000 1.201416019478140
0.670000000000000 1.206899459385983
0.680000000000000 1.211593707496726
0.690000000000000 1.215497913811702
0.700000000000000 1.218611814755835
0.710000000000000 1.219920254520507
0.720000000000000 1.220404354819923
0.730000000000000 1.220065773605358
0.740000000000000 1.218906672793781
0.750000000000000 1.216929694735268
0.760000000000000 1.214137939309934
0.770000000000000 1.210534941652557
0.780000000000000 1.206124650502075
0.790000000000000 1.200911407172126
0.800000000000000 1.194899925137912
0.810000000000000 1.187691558312747
0.820000000000000 1.179684247634814
0.830000000000000 1.170883840763175
0.840000000000000 1.161296484600057
0.850000000000000 1.150928607638416
0.860000000000000 1.139786902890868
0.870000000000000 1.127878311390621
0.880000000000000 1.115210006254645
0.890000000000000 1.101789377298934
0.900000000000000 1.087624016195433
0.910000000000000 1.073314792096064
0.920000000000000 1.058289824725703
0.930000000000000 1.042557034666785
0.940000000000000 1.026124488697975
0.950000000000000 1.009000387700539
0.960000000000000 0.991193055030476
0.970000000000000 0.972710925345093
0.980000000000000 0.953562533872689
0.990000000000000 0.933756506113976
1.000000000000000 0.913301547963951
1.010000000000000 0.894469481974014
1.020000000000000 0.875047287007997
1.030000000000000 0.855043169046177
1.040000000000000 0.834465378626313
1.050000000000000 0.813322203381437
1.060000000000000 0.791621960907946
1.070000000000000 0.769372991954050
1.080000000000000 0.746583653918803
1.090000000000000 0.723262314652041
1.100000000000000 0.699417346545757
1.110000000000000 0.679545127008213
1.120000000000000 0.659232874408474
1.130000000000000 0.638487707264749
1.140000000000000 0.617316733014285
1.150000000000000 0.595727043988552
1.160000000000000 0.573725713594431
1.170000000000000 0.551319792694281
1.180000000000000 0.528516306177938
1.190000000000000 0.505322249719838
1.200000000000000 0.481744586714623
1.210000000000000 0.464290364109658
1.220000000000000 0.446545875272343
1.230000000000000 0.428516370981203
1.240000000000000 0.410207071188927
1.250000000000000 0.391623163206751
1.260000000000000 0.372769799999930
1.270000000000000 0.353652098590036
1.280000000000000 0.334275138559928
1.290000000000000 0.314643960657368
1.300000000000000 0.294763565493369
1.310000000000000 0.281939296731424
1.320000000000000 0.268949126853548
1.330000000000000 0.255796337964141
1.340000000000000 0.242484183423611
1.350000000000000 0.229015887209411
1.360000000000000 0.215394643327866
1.370000000000000 0.201623615274669
1.380000000000000 0.187705935541955
1.390000000000000 0.173644705169971
1.400000000000000 0.159442993341379
1.410000000000000 0.151488871187902
1.420000000000000 0.143453095417862
1.430000000000000 0.135337411473670
1.440000000000000 0.127143545954399
1.450000000000000 0.118873206466058
1.460000000000000 0.110528081491415
1.470000000000000 0.102109840278442
1.480000000000000 0.093620132746542
1.490000000000000 0.085060589409691
1.500000000000000 0.076432821315705
1.510000000000000 0.072186804184400
1.520000000000000 0.067905870504519
1.530000000000000 0.063590822628755
1.540000000000000 0.059242453047440
1.550000000000000 0.054861544384696
1.560000000000000 0.050448869400918
1.570000000000000 0.046005191001284
1.580000000000000 0.041531262249952
1.590000000000000 0.037027826389671
1.600000000000000 0.032495616866492
1.610000000000000 0.030512564455645
1.620000000000000 0.028516421772312
1.630000000000000 0.026507512245121
1.640000000000000 0.024486154961043
1.650000000000000 0.022452664683734
1.660000000000000 0.020407351873614
1.670000000000000 0.018350522709564
1.680000000000000 0.016282479112150
1.690000000000000 0.014203518768284
1.700000000000000 0.012113935157231
1.710000000000000 0.011302101968307
1.720000000000000 0.010485983196319
1.730000000000000 0.009665693254550
1.740000000000000 0.008841344919854
1.750000000000000 0.008013049344574
1.760000000000000 0.007180916068853
1.770000000000000 0.006345053033287
1.780000000000000 0.005505566591912
1.790000000000000 0.004662561525491
1.800000000000000 0.003816141055076
1.810000000000000 0.003531875762062
1.820000000000000 0.003246421672437
1.830000000000000 0.002959813421271
1.840000000000000 0.002672085124022
1.850000000000000 0.002383270381424
1.860000000000000 0.002093402284452
1.870000000000000 0.001802513419325
1.880000000000000 0.001510635872567
1.890000000000000 0.001217801236107
1.900000000000000 0.000924040612420
1.910000000000000 0.000844478797458
1.920000000000000 0.000764658053424
1.930000000000000 0.000684586754775
1.940000000000000 0.000604273145498
1.950000000000000 0.000523725340548
1.960000000000000 0.000442951327280
1.970000000000000 0.000361958966885
1.980000000000000 0.000280755995835
1.990000000000000 0.000199350027316
2.000000000000000 0.000117748552676
2.010000000000000 0.000106091693591
2.020000000000000 0.000094405858007
2.030000000000000 0.000082692108516
2.040000000000000 0.000070951490652
2.050000000000000 0.000059185033094
2.060000000000000 0.000047393747878
2.070000000000000 0.000035578630599
2.080000000000000 0.000023740660614
2.090000000000000 0.000011880801249
2.100000000000000 -0.000000000000000
2.110000000000000 0.000000000000000
2.120000000000000 0.000000000000000
2.130000000000000 0.000000000000000
2.140000000000000 0.000000000000000
2.150000000000000 0.000000000000000
2.160000000000000 0.000000000000000
2.170000000000000 0.000000000000000
2.180000000000000 0.000000000000000
2.190000000000000 0.000000000000000
2.200000000000000 -0.000000000000000
2.210000000000000 0.000000000000000
2.220000000000000 0.000000000000000
2.230000000000000 0.000000000000000
2.240000000000000 0.000000000000000
2.250000000000000 0.000000000000000
2.260000000000000 0.000000000000000
2.270000000000000 0.000000000000000
2.280000000000000 0.000000000000000
2.290000000000000 0.000000000000000
2.300000000000000 -0.000000000000000
2.310000000000000 0.000000000000000
2.320000000000000 0.000000000000000
2.330000000000000 0.000000000000000
2.340000000000000 0.000000000000000
2.350000000000000 0.000000000000000
2.360000000000000 0.000000000000000
2.370000000000000 0.000000000000000
2.380000000000000 0.000000000000000
2.390000000000000 0.000000000000000
2.400000000000000 0.000000000000000
2.410000000000000 0.000000000000000
2.420000000000000 0.000000000000000
2.430000000000000 0.000000000000000
2.440000000000000 0.000000000000000
2.450000000000000 0.000000000000000
2.460000000000000 0.000000000000000
2.470000000000000 0.000000000000000
2.480000000000000 0.000000000000000
2.490000000000000 0.000000000000000
2.500000000000000 -0.000000000000000
2.510000000000000 0.000000000000000
2.520000000000000 0.000000000000000
2.530000000000000 0.000000000000000
2.540000000000000 0.000000000000000
2.550000000000000 0.000000000000000
2.560000000000000 0.000000000000000
2.570000000000000 0.000000000000000
2.580000000000000 0.000000000000000
2.590000000000000 0.000000000000000
2.600000000000000 -0.000000000000000
2.610000000000000 0.000000000000000
2.620000000000000 0.000000000000000
2.630000000000000 0.000000000000000
2.640000000000000 0.000000000000000
2.650000000000000 0.000000000000000
2.660000000000000 0.000000000000000
2.670000000000000 0.000000000000000
2.680000000000000 0.000000000000000
2.690000000000000 0.000000000000000
2.700000000000000 -0.000000000000000
2.710000000000000 0.000000000000000
2.720000000000000 0.000000000000000
2.730000000000000 0.000000000000000
2.740000000000000 0.000000000000000
2.750000000000000 0.000000000000000
2.760000000000000 0.000000000000000
2.770000000000000 0.000000000000000
2.780000000000000 0.000000000000000
2.790000000000000 0.000000000000000
2.800000000000000 -0.000000000000000
2.810000000000000 0.000000000000000
2.820000000000000 0.000000000000000
2.830000000000000 0.000000000000000
2.840000000000000 0.000000000000000
2.850000000000000 0.000000000000000
2.860000000000000 0.000000000000000
2.870000000000000 0.000000000000000
2.880000000000000 0.000000000000000
2.890000000000000 0.000000000000000
2.900000000000000 0.000000000000000
2.910000000000000 0.000000000000000
2.920000000000000 0.000000000000000
2.930000000000000 0.000000000000000
2.940000000000000 0.000000000000000
2.950000000000000 0.000000000000000
2.960000000000000 0.000000000000000
2.970000000000000 0.000000000000000
2.980000000000000 0.000000000000000
2.990000000000000 0.000000000000000
3.000000000000000 -0.000000000000000
3.010000000000000 0.000000000000000
3.020000000000000 0.000000000000000
3.030000000000000 0.000000000000000
3.040000000000000 0.000000000000000
3.050000000000000 0.000000000000000
3.060000000000000 0.000000000000000
3.070000000000000 0.000000000000000
3.080000000000000 0.000000000000000
3.090000000000000 0.000000000000000
3.100000000000000 -0.000000000000000
3.110000000000000 0.000000000000000
3.120000000000000 0.000000000000000
3.130000000000000 0.000000000000000
3.140000000000000 0.000000000000000
3.150000000000000 0.000000000000000
3.160000000000000 0.000000000000000
3.170000000000000 0.000000000000000
3.180000000000000 0.000000000000000
3.190000000000000 0.000000000000000
3.200000000000000 -0.000000000000000
3.210000000000000 0.000000000000000
3.220000000000000 0.000000000000000
3.230000000000000 0.000000000000000
3.240000000000000 0.000000000000000
3.250000000000000 0.000000000000000
3.260000000000000 0.000000000000000
3.270000000000000 0.000000000000000
3.280000000000000 0.000000000000000
3.290000000000000 0.000000000000000
3.300000000000000 -0.000000000000000
3.310000000000000 0.000000000000000
3.320000000000000 0.000000000000000
3.330000000000000 0.000000000000000
3.340000000000000 0.000000000000000
3.350000000000000 0.000000000000000
3.360000000000000 0.000000000000000
3.370000000000000 0.000000000000000
3.380000000000000 0.000000000000000
3.390000000000000 0.000000000000000
3.400000000000000 0.000000000000000
3.410000000000000 0.000000000000000
3.420000000000000 0.000000000000000
3.430000000000000 0.000000000000000
3.440000000000000 0.000000000000000
3.450000000000000 0.000000000000000
3.460000000000000 0.000000000000000
3.470000000000000 0.000000000000000
3.480000000000000 0.000000000000000
3.490000000000000 0.000000000000000
3.500000000000000 -0.000000000000000
3.510000000000000 0.000000000000000
3.520000000000000 0.000000000000000
3.530000000000000 0.000000000000000
3.540000000000000 0.000000000000000
3.550000000000000 0.000000000000000
3.560000000000000 0.000000000000000
3.570000000000000 0.000000000000000
3.580000000000000 0.000000000000000
3.590000000000000 0.000000000000000
3.600000000000000 -0.000000000000000
3.610000000000000 0.000000000000000
3.620000000000000 0.000000000000000
3.630000000000000 0.000000000000000
3.640000000000000 0.000000000000000
3.650000000000000 0.000000000000000
3.660000000000000 0.000000000000000
3.670000000000000 0.000000000000000
3.680000000000000 0.000000000000000
3.690000000000000 0.000000000000000
3.700000000000000 -0.000000000000000
3.710000000000000 0.000000000000000
3.720000000000000 0.000000000000000
3.730000000000000 0.000000000000000
3.740000000000000 0.000000000000000
3.750000000000000 0.000000000000000
3.760000000000000 0.000000000000000
3.770000000000000 0.000000000000000
3.780000000000000 0.000000000000000
3.790000000000000 0.000000000000000
3.800000000000000 -0.000000000000000
3.810000000000000 0.000000000000000
3.820000000000000 0.000000000000000
3.830000000000000 0.000000000000000
3.840000000000000 0.000000000000000
3.850000000000000 0.000000000000000
3.860000000000000 0.000000000000000
3.870000000000000 0.000000000000000
3.880000000000000 0.000000000000000
3.890000000000000 0.000000000000000
3.900000000000000 0.000000000000000
3.910000000000000 0.000000000000000
3.920000000000000 0.000000000000000
3.930000000000000 0.000000000000000
3.940000000000000 0.000000000000000
3.950000000000000 0.000000000000000
3.960000000000000 0.000000000000000
3.970000000000000 0.000000000000000
3.980000000000000 0.000000000000000
3.990000000000000 0.000000000000000
4.000000000000000 -0.000000000000000
4.010000000000000 0.000000000000000
4.020000000000000 0.000000000000000
4.030000000000000 0.000000000000000
4.040000000000000 0.000000000000000
4.050000000000000 0.000000000000000
4.060000000000000 0.000000000000000
4.070000000000000 0.000000000000000
4.080000000000000 0.000000000000000
4.090000000000000 0.000000000000000
4.100000000000000 0.000000000000000
4.110000000000000 0.000000000000000
4.120000000000000 0.000000000000000
4.130000000000000 0.000000000000000
4.140000000000000 0.000000000000000
4.150000000000000 0.000000000000000
4.160000000000000 0.000000000000000
4.170000000000000 0.000000000000000
4.180000000000000 0.000000000000000
4.190000000000000 0.000000000000000
4.200000000000000 -0.000000000000000
4.210000000000000 0.000000000000000
4.220000000000000 0.000000000000000
4.230000000000000 0.000000000000000
4.240000000000000 0.000000000000000
4.250000000000000 0.000000000000000
4.260000000000000 0.000000000000000
4.270000000000000 0.000000000000000
4.280000000000000 0.000000000000000
4.290000000000000 0.000000000000000
4.300000000000000 -0.000000000000000
4.310000000000000 0.000000000000000
4.320000000000000 0.000000000000000
4.330000000000000 0.000000000000000
4.340000000000000 0.000000000000000
4.350000000000000 0.000000000000000
4.360000000000000 0.000000000000000
4.370000000000000 0.000000000000000
4.380000000000000 0.000000000000000
4.390000000000000 0.000000000000000
4.400000000000000 -0.000000000000000
4.410000000000000 0.000000000000000
4.420000000000000 0.000000000000000
4.430000000000000 0.000000000000000
4.440000000000000 0.000000000000000
4.450000000000000 0.000000000000000
4.460000000000000 0.000000000000000
4.470000000000000 0.000000000000000
4.480000000000000 0.000000000000000
4.490000000000000 0.000000000000000
4.500000000000000 -0.000000000000000
4.510000000000000 0.000000000000000
4.520000000000000 0.000000000000000
4.530000000000000 0.000000000000000
4.540000000000000 0.000000000000000
4.550000000000000 0.000000000000000
4.560000000000000 0.000000000000000
4.570000000000000 0.000000000000000
4.580000000000000 0.000000000000000
4.590000000000000 0.000000000000000
4.600000000000000 -0.000000000000000
4.610000000000000 0.000000000000000
4.620000000000000 0.000000000000000
4.630000000000000 0.000000000000000
4.640000000000000 0.000000000000000
4.650000000000000 0.000000000000000
4.660000000000000 0.000000000000000
4.670000000000000 0.000000000000000
4.680000000000000 0.000000000000000
4.690000000000000 0.000000000000000
4.700000000000000 -0.000000000000000
4.710000000000000 0.000000000000000
4.720000000000000 0.000000000000000
4.730000000000000 0.000000000000000
4.740000000000000 0.000000000000000
4.750000000000000 0.000000000000000
4.760000000000000 0.000000000000000
4.770000000000000 0.000000000000000
4.780000000000000 0.000000000000000
4.790000000000000 0.000000000000000
4.800000000000000 0.000000000000000
4.810000000000000 0.000000000000000
4.820000000000000 0.000000000000000
4.830000000000000 0.000000000000000
4.840000000000000 0.000000000000000
4.850000000000000 0.000000000000000
4.860000000000000 0.000000000000000
4.870000000000000 0.000000000000000
4.880000000000000 0.000000000000000
4.890000000000000 0.000000000000000
4.900000000000000 -0.000000000000000
4.910000000000000 0.000000000000000
4.920000000000000 0.000000000000000
4.930000000000000 0.000000000000000
4.940000000000000 0.000000000000000
4.950000000000000 0.000000000000000
4.960000000000000 0.000000000000000
4.970000000000000 0.000000000000000
4.980000000000000 0.000000000000000
4.990000000000000 0.000000000000000
5.000000000000000 -0.000000000000000
5.010000000000000 0.000000000000000
5.020000000000000 0.000000000000000
5.030000000000000 0.000000000000000
5.040000000000000 0.000000000000000
5.050000000000000 0.000000000000000
5.060000000000000 0.000000000000000
5.070000000000000 0.000000000000000
5.080000000000000 0.000000000000000
5.090000000000000 0.000000000000000
5.100000000000000 -0.000000000000000
5.110000000000000 0.000000000000000
5.120000000000000 0.000000000000000
5.130000000000000 0.000000000000000
5.140000000000000 0.000000000000000
5.150000000000000 0.000000000000000
5.160000000000000 0.000000000000000
5.170000000000000 0.000000000000000
5.180000000000000 0.000000000000000
5.190000000000000 0.000000000000000
5.200000000000000 -0.000000000000000
5.210000000000000 0.000000000000000
5.220000000000000 0.000000000000000
5.230000000000000 0.000000000000000
5.240000000000000 0.000000000000000
5.250000000000000 0.000000000000000
5.260000000000000 0.000000000000000
5.270000000000000 0.000000000000000
5.280000000000000 0.000000000000000
5.290000000000000 0.000000000000000
5.300000000000000 0.000000000000000
5.310000000000000 0.000000000000000
5.320000000000000 0.000000000000000
5.330000000000000 0.000000000000000
5.340000000000000 0.000000000000000
5.350000000000000 0.000000000000000
5.360000000000000 0.000000000000000
5.370000000000000 0.000000000000000
5.380000000000000 0.000000000000000
5.390000000000000 0.000000000000000
5.400000000000000 -0.000000000000000
5.410000000000000 0.000000000000000
5.420000000000000 0.000000000000000
5.430000000000000 0.000000000000000
5.440000000000000 0.000000000000000
5.450000000000000 0.000000000000000
5.460000000000000 0.000000000000000
5.470000000000000 0.000000000000000
5.480000000000000 0.000000000000000
5.490000000000000 0.000000000000000
5.500000000000000 -0.000000000000000
5.510000000000000 0.000000000000000
5.520000000000000 0.000000000000000
5.530000000000000 0.000000000000000
5.540000000000000 0.000000000000000
5.550000000000000 0.000000000000000
5.560000000000000 0.000000000000000
5.570000000000000 0.000000000000000
5.580000000000000 0.000000000000000
5.590000000000000 0.000000000000000
5.600000000000000 -0.000000000000000
5.610000000000000 0.000000000000000
5.620000000000000 0.000000000000000
5.630000000000000 0.000000000000000
5.640000000000000 0.000000000000000
5.650000000000000 0.000000000000000
5.660000000000000 0.000000000000000
5.670000000000000 0.000000000000000
5.680000000000000 0.000000000000000
5.690000000000000 0.000000000000000
5.700000000000000 -0.000000000000000
5.710000000000000 0.000000000000000
5.720000000000000 0.000000000000000
5.730000000000000 0.000000000000000
5.740000000000000 0.000000000000000
5.750000000000000 0.000000000000000
5.760000000000000 0.000000000000000
5.770000000000000 0.000000000000000
5.780000000000000 0.000000000000000
5.790000000000000 0.000000000000000
5.800000000000000 0.000000000000000
5.810000000000000 0.000000000000000
5.820000000000000 0.000000000000000
5.830000000000000 0.000000000000000
5.840000000000000 0.000000000000000
5.850000000000000 0.000000000000000
5.860000000000000 0.000000000000000
5.870000000000000 0.000000000000000
5.880000000000000 0.000000000000000
5.890000000000000 0.000000000000000
5.900000000000000 -0.000000000000000
5.910000000000000 0.000000000000000
5.920000000000000 0.000000000000000
5.930000000000000 0.000000000000000
5.940000000000000 0.000000000000000
5.950000000000000 0.000000000000000
5.960000000000000 0.000000000000000
5.970000000000000 0.000000000000000
5.980000000000000 0.000000000000000
5.990000000000000 0.000000000000000
6.000000000000000 -0.000000000000000
6.010000000000000 0.000000000000000
6.020000000000000 0.000000000000000
6.030000000000000 0.000000000000000
6.040000000000000 0.000000000000000
6.050000000000000 0.000000000000000
6.060000000000000 0.000000000000000
6.070000000000000 0.000000000000000
6.080000000000000 0.000000000000000
6.090000000000000 0.000000000000000
6.100000000000000 -0.000000000000000
6.110000000000000 0.000000000000000
6.120000000000000 0.000000000000000
6.130000000000000 0.000000000000000
6.140000000000000 0.000000000000000
6.150000000000000 0.000000000000000
6.160000000000000 0.000000000000000
6.170000000000000 0.000000000000000
6.180000000000000 0.000000000000000
6.190000000000000 0.000000000000000
6.200000000000000 -0.000000000000000
6.210000000000000 0.000000000000000
6.220000000000000 0.000000000000000
6.230000000000000 0.000000000000000
6.240000000000000 0.000000000000000
6.250000000000000 0.000000000000000
6.260000000000000 0.000000000000000
6.270000000000000 0.000000000000000
6.280000000000000 0.000000000000000
6.290000000000000 0.000000000000000
6.300000000000000 0.000000000000000
6.310000000000000 0.000000000000000
6.320000000000000 0.000000000000000
6.330000000000000 0.000000000000000
6.340000000000000 0.000000000000000
6.350000000000000 0.000000000000000
6.360000000000000 0.000000000000000
6.370000000000000 0.000000000000000
6.380000000000000 0.000000000000000
6.390000000000000 0.000000000000000
6.400000000000000 -0.000000000000000
6.410000000000000 0.000000000000000
6.420000000000000 0.000000000000000
6.430000000000000 0.000000000000000
6.440000000000000 0.000000000000000
6.450000000000000 0.000000000000000
6.460000000000000 0.000000000000000
6.470000000000000 0.000000000000000
6.480000000000000 0.000000000000000
6.490000000000000 0.000000000000000
6.500000000000000 -0.000000000000000
6.510000000000000 0.000000000000000
6.520000000000000 0.000000000000000
6.530000000000000 0.000000000000000
6.540000000000000 0.000000000000000
6.550000000000000 0.000000000000000
6.560000000000000 0.000000000000000
6.570000000000000 0.000000000000000
6.580000000000000 0.000000000000000
6.590000000000000 0.000000000000000
6.600000000000000 -0.000000000000000
6.610000000000000 0.000000000000000
6.620000000000000 0.000000000000000
6.630000000000000 0.000000000000000
6.640000000000000 0.000000000000000
6.650000000000000 0.000000000000000
6.660000000000000 0.000000000000000
6.670000000000000 0.000000000000000
6.680000000000000 0.000000000000000
6.690000000000000 0.000000000000000
6.700000000000000 -0.000000000000000
6.710000000000000 0.000000000000000
6.720000000000000 0.000000000000000
6.730000000000000 0.000000000000000
6.740000000000000 0.000000000000000
6.750000000000000 0.000000000000000
6.760000000000000 0.000000000000000
6.770000000000000 0.000000000000000
6.780000000000000 0.000000000000000
6.790000000000000 0.000000000000000
6.800000000000000 0.000000000000000
6.810000000000000 0.000000000000000
6.820000000000000 0.000000000000000
6.830000000000000 0.000000000000000
6.840000000000000 0.000000000000000
6.850000000000000 0.000000000000000
6.860000000000000 0.000000000000000
6.870000000000000 0.000000000000000
6.880000000000000 0.000000000000000
6.890000000000000 0.000000000000000
6.900000000000000 -0.000000000000000
6.910000000000000 0.000000000000000
6.920000000000000 0.000000000000000
6.930000000000000 0.000000000000000
6.940000000000000 0.000000000000000
6.950000000000000 0.000000000000000
6.960000000000000 0.000000000000000
6.970000000000000 0.000000000000000
6.980000000000000 0.000000000000000
6.990000000000000 0.000000000000000
7.000000000000000 -0.000000000000000
7.010000000000000 0.000000000000000
7.020000000000000 0.000000000000000
7.030000000000000 0.000000000000000
7.040000000000000 0.000000000000000
7.050000000000000 0.000000000000000
7.060000000000000 0.000000000000000
7.070000000000000 0.000000000000000
7.080000000000000 0.000000000000000
7.090000000000000 0.000000000000000
7.100000000000000 -0.000000000000000
7.110000000000000 0.000000000000000
7.120000000000000 0.000000000000000
7.130000000000000 0.000000000000000
7.140000000000000 0.000000000000000
7.150000000000000 0.000000000000000
7.160000000000000 0.000000000000000
7.170000000000000 0.000000000000000
7.180000000000000 0.000000000000000
7.190000000000000 0.000000000000000
7.200000000000000 -0.000000000000000
7.210000000000000 0.000000000000000
7.220000000000000 0.000000000000000
7.230000000000000 0.000000000000000
7.240000000000000 0.000000000000000
7.250000000000000 0.000000000000000
7.260000000000000 0.000000000000000
7.270000000000000 0.000000000000000
7.280000000000000 0.000000000000000
7.290000000000000 0.000000000000000
7.300000000000000 0.000000000000000
7.310000000000000 0.000000000000000
7.320000000000000 0.000000000000000
7.330000000000000 0.000000000000000
7.340000000000000 0.000000000000000
7.350000000000000 0.000000000000000
7.360000000000000 0.000000000000000
7.370000000000000 0.000000000000000
7.380000000000000 0.000000000000000
7.390000000000000 0.000000000000000
7.400000000000000 -0.000000000000000
7.410000000000000 0.000000000000000
7.420000000000000 0.000000000000000
7.430000000000000 0.000000000000000
7.440000000000000 0.000000000000000
7.450000000000000 0.000000000000000
7.460000000000000 0.000000000000000
7.470000000000000 0.000000000000000
7.480000000000000 0.000000000000000
7.490000000000000 0.000000000000000
7.500000000000000 -0.000000000000000
7.510000000000000 0.000000000000000
7.520000000000000 0.000000000000000
7.530000000000000 0.000000000000000
7.540000000000000 0.000000000000000
7.550000000000000 0.000000000000000
7.560000000000000 0.000000000000000
7.570000000000000 0.000000000000000
7.580000000000000 0.000000000000000
7.590000000000000 0.000000000000000
7.600000000000000 -0.000000000000000
7.610000000000000 0.000000000000000
7.620000000000000 0.000000000000000
7.630000000000000 0.000000000000000
7.640000000000000 0.000000000000000
7.650000000000000 0.000000000000000
7.660000000000000 0.000000000000000
7.670000000000000 0.000000000000000
7.680000000000000 0.000000000000000
7.690000000000000 0.000000000000000
7.700000000000000 -0.000000000000000
7.710000000000000 0.000000000000000
7.720000000000000 0.000000000000000
7.730000000000000 0.000000000000000
7.740000000000000 0.000000000000000
7.750000000000000 0.000000000000000
7.760000000000000 0.000000000000000
7.770000000000000 0.000000000000000
7.780000000000000 0.000000000000000
7.790000000000000 0.000000000000000
7.800000000000000 0.000000000000000
7.810000000000000 0.000000000000000
7.820000000000000 0.000000000000000
7.830000000000000 0.000000000000000
7.840000000000000 0.000000000000000
7.850000000000000 0.000000000000000
7.860000000000000 0.000000000000000
7.870000000000000 0.000000000000000
7.880000000000000 0.000000000000000
7.890000000000000 0.000000000000000
7.900000000000000 -0.000000000000000
7.910000000000000 0.000000000000000
7.920000000000000 0.000000000000000
7.930000000000000 0.000000000000000
7.940000000000000 0.000000000000000
7.950000000000000 0.000000000000000
7.960000000000000 0.000000000000000
7.970000000000000 0.000000000000000
7.980000000000000 0.000000000000000
7.990000000000000 0.000000000000000
8.000000000000000 -0.000000000000000
8.010000000000000 0.000000000000000
8.020000000000000 0.000000000000000
8.029999999999999 0.000000000000000
8.039999999999999 0.000000000000000
8.050000000000001 0.000000000000000
8.060000000000000 0.000000000000000
8.070000000000000 0.000000000000000
8.080000000000000 0.000000000000000
8.090000000000000 0.000000000000000
8.100000000000000 -0.000000000000000
8.109999999999999 0.000000000000000
8.119999999999999 0.000000000000000
8.130000000000001 0.000000000000000
8.140000000000001 0.000000000000000
8.150000000000000 0.000000000000000
8.160000000000000 0.000000000000000
8.170000000000000 0.000000000000000
8.180000000000000 0.000000000000000
8.190000000000000 0.000000000000000
8.199999999999999 0.000000000000000
8.210000000000001 0.000000000000000
8.220000000000001 0.000000000000000
8.230000000000000 0.000000000000000
8.240000000000000 0.000000000000000
8.250000000000000 0.000000000000000
8.260000000000000 0.000000000000000
8.270000000000000 0.000000000000000
8.279999999999999 0.000000000000000
8.289999999999999 0.000000000000000
8.300000000000001 -0.000000000000000
8.310000000000000 0.000000000000000
8.320000000000000 0.000000000000000
8.330000000000000 0.000000000000000
8.340000000000000 0.000000000000000
8.350000000000000 0.000000000000000
8.359999999999999 0.000000000000000
8.369999999999999 0.000000000000000
8.380000000000001 0.000000000000000
8.390000000000001 0.000000000000000
8.400000000000000 -0.000000000000000
8.410000000000000 0.000000000000000
8.420000000000000 0.000000000000000
8.430000000000000 0.000000000000000
8.440000000000000 0.000000000000000
8.449999999999999 0.000000000000000
8.460000000000001 0.000000000000000
8.470000000000001 0.000000000000000
8.480000000000000 0.000000000000000
8.490000000000000 0.000000000000000
8.500000000000000 -0.000000000000000
8.510000000000000 0.000000000000000
8.520000000000000 0.000000000000000
8.529999999999999 0.000000000000000
8.539999999999999 0.000000000000000
8.550000000000001 0.000000000000000
8.560000000000000 0.000000000000000
8.570000000000000 0.000000000000000
8.580000000000000 0.000000000000000
8.590000000000000 0.000000000000000
8.600000000000000 -0.000000000000000
8.609999999999999 0.000000000000000
8.619999999999999 0.000000000000000
8.630000000000001 0.000000000000000
8.640000000000001 0.000000000000000
8.650000000000000 0.000000000000000
8.660000000000000 0.000000000000000
8.670000000000000 0.000000000000000
8.680000000000000 0.000000000000000
8.690000000000000 0.000000000000000
8.699999999999999 -0.000000000000000
8.710000000000001 0.000000000000000
8.720000000000001 0.000000000000000
8.730000000000000 0.000000000000000
8.740000000000000 0.000000000000000
8.750000000000000 0.000000000000000
8.760000000000000 0.000000000000000
8.770000000000000 0.000000000000000
8.779999999999999 0.000000000000000
8.789999999999999 0.000000000000000
8.800000000000001 -0.000000000000000
8.810000000000000 0.000000000000000
8.820000000000000 0.000000000000000
8.830000000000000 0.000000000000000
8.840000000000000 0.000000000000000
8.850000000000000 0.000000000000000
8.859999999999999 0.000000000000000
8.869999999999999 0.000000000000000
8.880000000000001 0.000000000000000
8.890000000000001 0.000000000000000
8.900000000000000 -0.000000000000000
8.910000000000000 0.000000000000000
8.920000000000000 0.000000000000000
8.930000000000000 0.000000000000000
8.940000000000000 0.000000000000000
8.949999999999999 0.000000000000000
8.960000000000001 0.000000000000000
8.970000000000001 0.000000000000000
8.980000000000000 0.000000000000000
8.990000000000000 0.000000000000000
9.000000000000000 -0.000000000000000
9.010000000000000 0.000000000000000
9.020000000000000 0.000000000000000
9.029999999999999 0.000000000000000
9.039999999999999 0.000000000000000
9.050000000000001 0.000000000000000
9.060000000000000 0.000000000000000
9.070000000000000 0.000000000000000
9.080000000000000 0.000000000000000
9.090000000000000 0.000000000000000
9.100000000000000 -0.000000000000000
9.109999999999999 0.000000000000000
9.119999999999999 0.000000000000000
9.130000000000001 0.000000000000000
9.140000000000001 0.000000000000000
9.150000000000000 0.000000000000000
9.160000000000000 0.000000000000000
9.170000000000000 0.000000000000000
9.180000000000000 0.000000000000000
9.190000000000000 0.000000000000000
9.199999999999999 -0.000000000000000
9.210000000000001 0.000000000000000
9.220000000000001 0.000000000000000
9.230000000000000 0.000000000000000
9.240000000000000 0.000000000000000
9.250000000000000 0.000000000000000
9.260000000000000 0.000000000000000
9.270000000000000 0.000000000000000
9.279999999999999 0.000000000000000
9.289999999999999 0.000000000000000
9.300000000000001 -0.000000000000000
9.310000000000000 0.000000000000000
9.320000000000000 0.000000000000000
9.330000000000000 0.000000000000000
9.340000000000000 0.000000000000000
9.350000000000000 0.000000000000000
9.359999999999999 0.000000000000000
9.369999999999999 0.000000000000000
9.380000000000001 0.000000000000000
9.390000000000001 0.000000000000000
9.400000000000000 -0.000000000000000
9.410000000000000 0.000000000000000
9.420000000000000 0.000000000000000
9.430000000000000 0.000000000000000
9.440000000000000 0.000000000000000
9.449999999999999 0.000000000000000
9.460000000000001 0.000000000000000
9.470000000000001 0.000000000000000
9.480000000000000 0.000000000000000
9.490000000000000 0.000000000000000
9.500000000000000 -0.000000000000000
9.510000000000000 0.000000000000000
9.520000000000000 0.000000000000000
9.529999999999999 0.000000000000000
9.539999999999999 0.000000000000000
9.550000000000001 0.000000000000000
9.560000000000000 0.000000000000000
9.570000000000000 0.000000000000000
9.580000000000000 0.000000000000000
9.590000000000000 0.000000000000000
9.600000000000000 0.000000000000000
9.609999999999999 0.000000000000000
9.619999999999999 0.000000000000000
9.630000000000001 0.000000000000000
9.640000000000001 0.000000000000000
9.650000000000000 0.000000000000000
9.660000000000000 0.000000000000000
9.670000000000000 0.000000000000000
9.680000000000000 0.000000000000000
9.690000000000000 0.000000000000000
9.699999999999999 -0.000000000000000
9.710000000000001 0.000000000000000
9.720000000000001 0.000000000000000
9.730000000000000 0.000000000000000
9.740000000000000 0.000000000000000
9.750000000000000 0.000000000000000
9.760000000000000 0.000000000000000
9.770000000000000 0.000000000000000
9.779999999999999 0.000000000000000
9.789999999999999 0.000000000000000
9.800000000000001 -0.000000000000000
9.810000000000000 0.000000000000000
9.820000000000000 0.000000000000000
9.830000000000000 0.000000000000000
9.840000000000000 0.000000000000000
9.850000000000000 0.000000000000000
9.859999999999999 0.000000000000000
9.869999999999999 0.000000000000000
9.880000000000001 0.000000000000000
9.890000000000001 0.000000000000000
9.900000000000000 -0.000000000000000
9.910000000000000 0.000000000000000
9.920000000000000 0.000000000000000
9.930000000000000 0.000000000000000
9.940000000000000 0.000000000000000
9.949999999999999 0.000000000000000
9.960000000000001 0.000000000000000
9.970000000000001 0.000000000000000
9.980000000000000 0.000000000000000
9.990000000000000 0.000000000000000
10.000000000000000 -0.000000000000000
