0.000000000000000 0.000000000000000
0.010000000000000 0.000087547046754
0.020000000000000 0.000350876003334
0.030000000000000 0.000790879791042
0.040000000000000 0.001408269405240
0.050000000000000 0.002203577992042
0.060000000000000 0.003177165087774
0.070000000000000 0.004329221007382
0.080000000000000 0.005659771367952
0.090000000000000 0.007168681733517
0.100000000000000 0.008855662367459
0.110000000000000 0.010734199658024
0.120000000000000 0.012794779383206
0.130000000000000 0.015037212528429
0.140000000000000 0.017461150735793
0.150000000000000 0.020066091651887
0.160000000000000 0.022851384329913
0.170000000000000 0.025816234672978
0.180000000000000 0.028959710905774
0.190000000000000 0.032280749062333
0.200000000000000 0.035778158477967
0.210000000000000 0.039488575343438
0.220000000000000 0.043379231432757
0.230000000000000 0.047448889429781
0.240000000000000 0.051696189747827
0.250000000000000 0.056119656222867
0.260000000000000 0.060717701760706
0.270000000000000 0.065488633928833
0.280000000000000 0.070430660484228
0.290000000000000 0.075541894828989
0.300000000000000 0.080820361386177
0.310000000000000 0.086311976708284
0.320000000000000 0.091971897680567
0.330000000000000 0.097798028401829
0.340000000000000 0.103788195359216
0.350000000000000 0.109940152564249
0.360000000000000 0.116251586576687
0.370000000000000 0.122720121411916
0.380000000000000 0.129343323328087
0.390000000000000 0.136118705489694
0.400000000000000 0.143043732504794
0.410000000000000 0.150131572423240
0.420000000000000 0.157365072462455
0.430000000000000 0.164741588515640
0.440000000000000 0.172258443273303
0.450000000000000 0.179912930153634
0.460000000000000 0.187702317098093
0.470000000000000 0.195623850232146
0.480000000000000 0.203674757391367
0.490000000000000 0.211852251513458
0.500000000000000 0.220153533897007
0.510000000000000 0.228489541727925
0.520000000000000 0.236938777817595
0.530000000000000 0.245498422019103
0.540000000000000 0.254165658575726
0.550000000000000 0.262937678552714
0.560000000000000 0.271811682149018
0.570000000000000 0.280784880891309
0.580000000000000 0.289854499712788
0.590000000000000 0.299017778919383
0.600000000000000 0.308271976046016
0.610000000000000 0.317338937178389
0.620000000000000 0.326479261890072
0.630000000000000 0.335690326142487
0.640000000000000 0.344969536859171
0.650000000000000 0.354314332902251
0.660000000000000 0.363722185966213
0.670000000000000 0.373190601391991
0.680000000000000 0.382717118904359
0.690000000000000 0.392299313275621
0.700000000000000 0.401934794918525
0.710000000000000 0.411099402815133
0.720000000000000 0.420294556811225
0.730000000000000 0.429518136504473
0.740000000000000 0.438768066120002
0.750000000000000 0.448042314338705
0.760000000000000 0.457338894086315
0.770000000000000 0.466655862285627
0.780000000000000 0.475991319574230
0.790000000000000 0.485343409990021
0.800000000000000 0.494710320626680
0.810000000000000 0.503312699811010
0.820000000000000 0.511904886782945
0.830000000000000 0.520485453759234
0.840000000000000 0.529053019561692
0.850000000000000 0.537606248722212
0.860000000000000 0.546143850585557
0.870000000000000 0.554664578411222
0.880000000000000 0.563167228475627
0.890000000000000 0.571650639175758
0.900000000000000 0.580113690135371
0.910000000000000 0.587581628152932
0.920000000000000 0.595005322345033
0.930000000000000 0.602384087299376
0.940000000000000 0.609717277739898
0.950000000000000 0.617004287321304
0.960000000000000 0.624244547445822
0.970000000000000 0.631437526102414
0.980000000000000 0.638582726728630
0.990000000000000 0.645679687095230
1.000000000000000 0.652727978213694
1.010000000000000 0.658687403597427
1.020000000000000 0.664578473563408
1.030000000000000 0.670401167652876
1.040000000000000 0.676155494646502
1.050000000000000 0.681841491364949
1.060000000000000 0.687459221502936
1.070000000000000 0.693008774496293
1.080000000000000 0.698490264421506
1.090000000000000 0.703903828927217
1.100000000000000 0.709249628197129
1.110000000000000 0.713543438086343
1.120000000000000 0.717755201634625
1.130000000000000 0.721885411561932
1.140000000000000 0.725934578119193
1.150000000000000 0.729903228076093
1.160000000000000 0.733791903743796
1.170000000000000 0.737601162031751
1.180000000000000 0.741331573537731
1.190000000000000 0.744983721670275
1.200000000000000 0.748558201802676
1.210000000000000 0.751239639049747
1.220000000000000 0.753834649075644
1.230000000000000 0.756344059112822
1.240000000000000 0.758768703760502
1.250000000000000 0.761109424227723
1.260000000000000 0.763367067607018
1.270000000000000 0.765542486177802
1.280000000000000 0.767636536738572
1.290000000000000 0.769650079967019
1.300000000000000 0.771583979807201
1.310000000000000 0.772843885229048
1.320000000000000 0.774019894884089
1.330000000000000 0.775113008828919
1.340000000000000 0.776124226906820
1.350000000000000 0.777054548237965
1.360000000000000 0.777904970733698
1.370000000000000 0.778676490634098
1.380000000000000 0.779370102068007
1.390000000000000 0.779986796634744
1.400000000000000 0.780527563006757
1.410000000000000 0.780621002857727
1.420000000000000 0.780637403011965
1.430000000000000 0.780577812685171
1.440000000000000 0.780443275940673
1.450000000000000 0.780234831381967
1.460000000000000 0.779953511862808
1.470000000000000 0.779600344214162
1.480000000000000 0.779176348987413
1.490000000000000 0.778682540213175
1.500000000000000 0.778119925175128
1.510000000000000 0.777306436618509
1.520000000000000 0.776424894725767
1.530000000000000 0.775476316192981
1.540000000000000 0.774461709804191
1.550000000000000 0.773382076272455
1.560000000000000 0.772238408092907
1.570000000000000 0.771031689407340
1.580000000000000 0.769762895879836
1.590000000000000 0.768432994582964
1.600000000000000 0.767042943894132
1.610000000000000 0.765562139283139
1.620000000000000 0.764022901164529
1.630000000000000 0.762426165965923
1.640000000000000 0.760772861033142
1.650000000000000 0.759063904571417
1.660000000000000 0.757300205594397
1.670000000000000 0.755482663880597
1.680000000000000 0.753612169936956
1.690000000000000 0.751689604969169
1.700000000000000 0.749715840858492
1.710000000000000 0.747764761101404
1.720000000000000 0.745764524643890
1.730000000000000 0.743715965869778
1.740000000000000 0.741619909943649
1.750000000000000 0.739477172814544
1.760000000000000 0.737288561224452
1.770000000000000 0.735054872721345
1.780000000000000 0.732776895676529
1.790000000000000 0.730455409306082
1.800000000000000 0.728091183696175
1.810000000000000 0.725829470358757
1.820000000000000 0.723527048064873
1.830000000000000 0.721184643347567
1.840000000000000 0.718802973997384
1.850000000000000 0.716382749101690
1.860000000000000 0.713924669086729
1.870000000000000 0.711429425762258
1.880000000000000 0.708897702368613
1.890000000000000 0.706330173626066
1.900000000000000 0.703727505786314
1.910000000000000 0.701273272960604
1.920000000000000 0.698785723950053
1.930000000000000 0.696265481823378
1.940000000000000 0.693713161693115
1.950000000000000 0.691129370772673
1.960000000000000 0.688514708434803
1.970000000000000 0.685869766271377
1.980000000000000 0.683195128154372
1.990000000000000 0.680491370297980
2.000000000000000 0.677759061321738
2.010000000000000 0.675199648084033
2.020000000000000 0.672613233554934
2.030000000000000 0.670000346565824
2.040000000000000 0.667361508898278
2.050000000000000 0.664697235347632
2.060000000000000 0.662008033787123
2.070000000000000 0.659294405232552
2.080000000000000 0.656556843907399
2.090000000000000 0.653795837308335
2.100000000000000 0.651011866271075
2.110000000000000 0.648411214122956
2.120000000000000 0.645788869688676
2.130000000000000 0.643145278633567
2.140000000000000 0.640480880487734
2.150000000000000 0.637796108709465
2.160000000000000 0.635091390748715
2.170000000000000 0.632367148110649
2.180000000000000 0.629623796419171
2.190000000000000 0.626861745480444
2.200000000000000 0.624081399346336
2.210000000000000 0.621484808315133
2.220000000000000 0.618870938917141
2.230000000000000 0.616240164964250
2.240000000000000 0.613592854993745
2.250000000000000 0.610929372327905
2.260000000000000 0.608250075133407
2.270000000000000 0.605555316480500
2.280000000000000 0.602845444401948
2.290000000000000 0.600120801951702
2.300000000000000 0.597381727263306
2.310000000000000 0.594822374463794
2.320000000000000 0.592249386686275
2.330000000000000 0.589663076422317
2.340000000000000 0.587063751667800
2.350000000000000 0.584451715976924
2.360000000000000 0.581827268515881
2.370000000000000 0.579190704116170
2.380000000000000 0.576542313327551
2.390000000000000 0.573882382470625
2.400000000000000 0.571211193689027
2.410000000000000 0.568711003449728
2.420000000000000 0.566200168030792
2.430000000000000 0.563678948136482
2.440000000000000 0.561147600661009
2.450000000000000 0.558606378736334
2.460000000000000 0.556055531779592
2.470000000000000 0.553495305540087
2.480000000000000 0.550925942145896
2.490000000000000 0.548347680150053
2.500000000000000 0.545760754576306
2.510000000000000 0.543334586449437
2.520000000000000 0.540900217048740
2.530000000000000 0.538457863590622
2.540000000000000 0.536007740074907
2.550000000000000 0.533550057326500
2.560000000000000 0.531085023036626
2.570000000000000 0.528612841803676
2.580000000000000 0.526133715173624
2.590000000000000 0.523647841680048
2.600000000000000 0.521155416883726
2.610000000000000 0.518812389321893
2.620000000000000 0.516463151965668
2.630000000000000 0.514107885669049
2.640000000000000 0.511746768576953
2.650000000000000 0.509379976161115
2.660000000000000 0.507007681255600
2.670000000000000 0.504630054091923
2.680000000000000 0.502247262333782
2.690000000000000 0.499859471111403
2.700000000000000 0.497466843055499
2.710000000000000 0.495212812178444
2.720000000000000 0.492954189917643
2.730000000000000 0.490691126772493
2.740000000000000 0.488423770964264
2.750000000000000 0.486152268466808
2.760000000000000 0.483876763036902
2.770000000000000 0.481597396244235
2.780000000000000 0.479314307501049
2.790000000000000 0.477027634091416
2.800000000000000 0.474737511200177
2.810000000000000 0.472575436611293
2.820000000000000 0.470410082262750
2.830000000000000 0.468241573351495
2.840000000000000 0.466070033160311
2.850000000000000 0.463895583083926
2.860000000000000 0.461718342654816
2.870000000000000 0.459538429568682
2.880000000000000 0.457355959709617
2.890000000000000 0.455171047174958
2.900000000000000 0.452983804299828
2.910000000000000 0.450914392310405
2.920000000000000 0.448842760624954
2.930000000000000 0.446769013368339
2.940000000000000 0.444693253057420
2.950000000000000 0.442615580623182
2.960000000000000 0.440536095432599
2.970000000000000 0.438454895310203
2.980000000000000 0.436372076559386
2.990000000000000 0.434287733983433
3.000000000000000 0.432201960906276
3.010000000000000 0.430224732203229
3.020000000000000 0.428246137552973
3.030000000000000 0.426266263527231
3.040000000000000 0.424285195346801
3.050000000000000 0.422303016900271
3.060000000000000 0.420319810762487
3.070000000000000 0.418335658212785
3.080000000000000 0.416350639252979
3.090000000000000 0.414364832625122
3.100000000000000 0.412378315829021
3.110000000000000 0.410491649861657
3.120000000000000 0.408604302811764
3.130000000000000 0.406716346628468
3.140000000000000 0.404827852125511
3.150000000000000 0.402938888997039
3.160000000000000 0.401049525833195
3.170000000000000 0.399159830135497
3.180000000000000 0.397269868332014
3.190000000000000 0.395379705792341
3.200000000000000 0.393489406842370
3.210000000000000 0.391690936432188
3.220000000000000 0.389892331620622
3.230000000000000 0.388093652170692
3.240000000000000 0.386294956890608
3.250000000000000 0.384496303647093
3.260000000000000 0.382697749378527
3.270000000000000 0.380899350107914
3.280000000000000 0.379101160955676
3.290000000000000 0.377303236152268
3.300000000000000 0.375505629050634
3.310000000000000 0.373792682674641
3.320000000000000 0.372080035280864
3.330000000000000 0.370367736468333
3.340000000000000 0.368655835032599
3.350000000000000 0.366944378976963
3.360000000000000 0.365233415523558
3.370000000000000 0.363522991124274
3.380000000000000 0.361813151471541
3.390000000000000 0.360103941508963
3.400000000000000 0.358395405441808
3.410000000000000 0.356764765716831
3.420000000000000 0.355134765971599
3.430000000000000 0.353505447325495
3.440000000000000 0.351876850221205
3.450000000000000 0.350249014434189
3.460000000000000 0.348621979082018
3.470000000000000 0.346995782633591
3.480000000000000 0.345370462918217
3.490000000000000 0.343746057134580
3.500000000000000 0.342122601859583
3.510000000000000 0.340570952370326
3.520000000000000 0.339020208251986
3.530000000000000 0.337470403543917
3.540000000000000 0.335921571715076
3.550000000000000 0.334373745672010
3.560000000000000 0.332826957766730
3.570000000000000 0.331281239804485
3.580000000000000 0.329736623051417
3.590000000000000 0.328193138242127
3.600000000000000 0.326650815587122
3.610000000000000 0.325174757163898
3.620000000000000 0.323699807734345
3.630000000000000 0.322225995422685
3.640000000000000 0.320753347871938
3.650000000000000 0.319281892250656
3.660000000000000 0.317811655259574
3.670000000000000 0.316342663138164
3.680000000000000 0.314874941671100
3.690000000000000 0.313408516194634
3.700000000000000 0.311943411602889
3.710000000000000 0.310539513224782
3.720000000000000 0.309136877078315
3.730000000000000 0.307735526343181
3.740000000000000 0.306335483792775
3.750000000000000 0.304936771799881
3.760000000000000 0.303539412342289
3.770000000000000 0.302143427008325
3.780000000000000 0.300748837002315
3.790000000000000 0.299355663149971
3.800000000000000 0.297963925903698
3.810000000000000 0.296628590902201
3.820000000000000 0.295294630680688
3.830000000000000 0.293962064284904
3.840000000000000 0.292630910417232
3.850000000000000 0.291301187441500
3.860000000000000 0.289972913387722
3.870000000000000 0.288646105956783
3.880000000000000 0.287320782525049
3.890000000000000 0.285996960148921
3.900000000000000 0.284674655569328
3.910000000000000 0.283404713049157
3.920000000000000 0.282136224190138
3.930000000000000 0.280869204578583
3.940000000000000 0.279603669510425
3.950000000000000 0.278339633995292
3.960000000000000 0.277077112760519
3.970000000000000 0.275816120255106
3.980000000000000 0.274556670653625
3.990000000000000 0.273298777860067
4.000000000000000 0.272042455511649
4.010000000000000 0.270834701770579
4.020000000000000 0.269628453419641
4.030000000000000 0.268423723150351
4.040000000000000 0.267220523408496
4.050000000000000 0.266018866397582
4.060000000000000 0.264818764082234
4.070000000000000 0.263620228191546
4.080000000000000 0.262423270222389
4.090000000000000 0.261227901442676
4.100000000000000 0.260034132894574
4.110000000000000 0.258885393472954
4.120000000000000 0.257738189357781
4.130000000000000 0.256592530818530
4.140000000000000 0.255448427916599
4.150000000000000 0.254305890508235
4.160000000000000 0.253164928247413
4.170000000000000 0.252025550588680
4.180000000000000 0.250887766789958
4.190000000000000 0.249751585915309
4.200000000000000 0.248617016837665
4.210000000000000 0.247524116367670
4.220000000000000 0.246432763827752
4.230000000000000 0.245342967461446
4.240000000000000 0.244254735335991
4.250000000000000 0.243168075344808
4.260000000000000 0.242082995209943
4.270000000000000 0.240999502484487
4.280000000000000 0.239917604554950
4.290000000000000 0.238837308643609
4.300000000000000 0.237758621810829
4.310000000000000 0.236718645645417
4.320000000000000 0.235680215998494
4.330000000000000 0.234643339419280
4.340000000000000 0.233608022307555
4.350000000000000 0.232574270915772
4.360000000000000 0.231542091351133
4.370000000000000 0.230511489577637
4.380000000000000 0.229482471418106
4.390000000000000 0.228455042556179
4.400000000000000 0.227429208538280
4.410000000000000 0.226439460241003
4.420000000000000 0.225451245724329
4.430000000000000 0.224464570121383
4.440000000000000 0.223479438438590
4.450000000000000 0.222495855557471
4.460000000000000 0.221513826236407
4.470000000000000 0.220533355112384
4.480000000000000 0.219554446702715
4.490000000000000 0.218577105406735
4.500000000000000 0.217601335507480
4.510000000000000 0.216659102962970
4.520000000000000 0.215718382814776
4.530000000000000 0.214779179013717
4.540000000000000 0.213841495403171
4.550000000000000 0.212905335720597
4.560000000000000 0.211970703599047
4.570000000000000 0.211037602568645
4.580000000000000 0.210106036058058
4.590000000000000 0.209176007395938
4.600000000000000 0.208247519812349
4.610000000000000 0.207350281512779
4.620000000000000 0.206454527411930
4.630000000000000 0.205560260474735
4.640000000000000 0.204667483575009
4.650000000000000 0.203776199496760
4.660000000000000 0.202886410935463
4.670000000000000 0.201998120499335
4.680000000000000 0.201111330710578
4.690000000000000 0.200226044006617
4.700000000000000 0.199342262741310
4.710000000000000 0.198487636984847
4.720000000000000 0.197634461996543
4.730000000000000 0.196782739920637
4.740000000000000 0.195932472824115
4.750000000000000 0.195083662697824
4.760000000000000 0.194236311457564
4.770000000000000 0.193390420945167
4.780000000000000 0.192545992929570
4.790000000000000 0.191703029107860
4.800000000000000 0.190861531106316
4.810000000000000 0.190047226962245
4.820000000000000 0.189234336311398
4.830000000000000 0.188422860616289
4.840000000000000 0.187612801273955
4.850000000000000 0.186804159616902
4.860000000000000 0.185996936914047
4.870000000000000 0.185191134371633
4.880000000000000 0.184386753134148
4.890000000000000 0.183583794285217
4.900000000000000 0.182782258848494
4.910000000000000 0.182006132194624
4.920000000000000 0.181231378936272
4.930000000000000 0.180457999971223
4.940000000000000 0.179685996141797
4.950000000000000 0.178915368235661
4.960000000000000 0.178146116986626
4.970000000000000 0.177378243075441
4.980000000000000 0.176611747130566
4.990000000000000 0.175846629728947
5.000000000000000 0.175082891396771
5.010000000000000 0.174342890150772
5.020000000000000 0.173604220310725
5.030000000000000 0.172866882308149
5.040000000000000 0.172130876527611
5.050000000000000 0.171396203307443
5.060000000000000 0.170662862940392
5.070000000000000 0.169930855674319
5.080000000000000 0.169200181712860
5.090000000000000 0.168470841216085
5.100000000000000 0.167742834301145
5.110000000000000 0.167037032140626
5.120000000000000 0.166332518188607
5.130000000000000 0.165629292493267
5.140000000000000 0.164927355063092
5.150000000000000 0.164226705867471
5.160000000000000 0.163527344837280
5.170000000000000 0.162829271865465
5.180000000000000 0.162132486807609
5.190000000000000 0.161436989482499
5.200000000000000 0.160742779672678
5.210000000000000 0.160069346425261
5.220000000000000 0.159397157582115
5.230000000000000 0.158726212877873
5.240000000000000 0.158056512013655
5.250000000000000 0.157388054657579
5.260000000000000 0.156720840445262
5.270000000000000 0.156054868980318
5.280000000000000 0.155390139834849
5.290000000000000 0.154726652549925
5.300000000000000 0.154064406636063
5.310000000000000 0.153421649440541
5.320000000000000 0.152780092626006
5.330000000000000 0.152139735672397
5.340000000000000 0.151500578031410
5.350000000000000 0.150862619126933
5.360000000000000 0.150225858355481
5.370000000000000 0.149590295086622
5.380000000000000 0.148955928663393
5.390000000000000 0.148322758402719
5.400000000000000 0.147690783595819
5.410000000000000 0.147077052280705
5.420000000000000 0.146464477594065
5.430000000000000 0.145853058810512
5.440000000000000 0.145242795180910
5.450000000000000 0.144633685932746
5.460000000000000 0.144025730270506
5.470000000000000 0.143418927376035
5.480000000000000 0.142813276408900
5.490000000000000 0.142208776506748
5.500000000000000 0.141605426785653
5.510000000000000 0.141019237418616
5.520000000000000 0.140434161330585
5.530000000000000 0.139850197632596
5.540000000000000 0.139267345415767
5.550000000000000 0.138685603751623
5.560000000000000 0.138104971692416
5.570000000000000 0.137525448271433
5.580000000000000 0.136947032503311
5.590000000000000 0.136369723384343
5.600000000000000 0.135793519892775
5.610000000000000 0.135233372619122
5.620000000000000 0.134674296133896
5.630000000000000 0.134116289419292
5.640000000000000 0.133559351440861
5.650000000000000 0.133003481147784
5.660000000000000 0.132448677473148
5.670000000000000 0.131894939334214
5.680000000000000 0.131342265632685
5.690000000000000 0.130790655254968
5.700000000000000 0.130240107072432
5.710000000000000 0.129704661613312
5.720000000000000 0.129170245320666
5.730000000000000 0.128636857077237
5.740000000000000 0.128104495751915
5.750000000000000 0.127573160199974
5.760000000000000 0.127042849263306
5.770000000000000 0.126513561770654
5.780000000000000 0.125985296537842
5.790000000000000 0.125458052367997
5.800000000000000 0.124931828051779
5.810000000000000 0.124419785210689
5.820000000000000 0.123908730997708
5.830000000000000 0.123398664220627
5.840000000000000 0.122889583675760
5.850000000000000 0.122381488148155
5.860000000000000 0.121874376411794
5.870000000000000 0.121368247229790
5.880000000000000 0.120863099354591
5.890000000000000 0.120358931528165
5.900000000000000 0.119855742482201
5.910000000000000 0.119365912808636
5.920000000000000 0.118877032328364
5.930000000000000 0.118389099794836
5.940000000000000 0.117902113952062
5.950000000000000 0.117416073534784
5.960000000000000 0.116930977268656
5.970000000000000 0.116446823870411
5.980000000000000 0.115963612048033
5.990000000000000 0.115481340500923
6.000000000000000 0.115000007920063
6.010000000000000 0.114531255257239
6.020000000000000 0.114063413561183
6.030000000000000 0.113596481548158
6.040000000000000 0.113130457926721
6.050000000000000 0.112665341397870
6.060000000000000 0.112201130655196
6.070000000000000 0.111737824385031
6.080000000000000 0.111275421266594
6.090000000000000 0.110813919972131
6.100000000000000 0.110353319167064
6.110000000000000 0.109904530559050
6.120000000000000 0.109456616037106
6.130000000000000 0.109009574294398
6.140000000000000 0.108563404017862
6.150000000000000 0.108118103888331
6.160000000000000 0.107673672580665
6.170000000000000 0.107230108763878
6.180000000000000 0.106787411101266
6.190000000000000 0.106345578250525
6.200000000000000 0.105904608863878
6.210000000000000 0.105474777484009
6.220000000000000 0.105045784584921
6.230000000000000 0.104617628848521
6.240000000000000 0.104190308951740
6.250000000000000 0.103763823566644
6.260000000000000 0.103338171360551
6.270000000000000 0.102913350996134
6.280000000000000 0.102489361131533
6.290000000000000 0.102066200420459
6.300000000000000 0.101643867512301
6.310000000000000 0.101232019651474
6.320000000000000 0.100820976005961
6.330000000000000 0.100410735256067
6.340000000000000 0.100001296078193
6.350000000000000 0.099592657144929
6.360000000000000 0.099184817125156
6.370000000000000 0.098777774684134
6.380000000000000 0.098371528483594
6.390000000000000 0.097966077181836
6.400000000000000 0.097561419433815
6.410000000000000 0.097166677353155
6.420000000000000 0.096772706470726
6.430000000000000 0.096379505473334
6.440000000000000 0.095987073044788
6.450000000000000 0.095595407865986
6.460000000000000 0.095204508614992
6.470000000000000 0.094814373967122
6.480000000000000 0.094425002595021
6.490000000000000 0.094036393168742
6.500000000000000 0.093648544355823
6.510000000000000 0.093270027249986
6.520000000000000 0.092892249678699
6.530000000000000 0.092515210341646
6.540000000000000 0.092138907936287
6.550000000000000 0.091763341157930
6.560000000000000 0.091388508699796
6.570000000000000 0.091014409253097
6.580000000000000 0.090641041507096
6.590000000000000 0.090268404149180
6.600000000000000 0.089896495864925
6.610000000000000 0.089533401483363
6.620000000000000 0.089171016240808
6.630000000000000 0.088809338855090
6.640000000000000 0.088448368042468
6.650000000000000 0.088088102517691
6.660000000000000 0.087728540994054
6.670000000000000 0.087369682183467
6.680000000000000 0.087011524796502
6.690000000000000 0.086654067542461
6.700000000000000 0.086297309129429
6.710000000000000 0.085948857627912
6.720000000000000 0.085601086160749
6.730000000000000 0.085253993468021
6.740000000000000 0.084907578288791
6.750000000000000 0.084561839361155
6.760000000000000 0.084216775422290
6.770000000000000 0.083872385208510
6.780000000000000 0.083528667455313
6.790000000000000 0.083185620897434
6.800000000000000 0.082843244268891
6.810000000000000 0.082508733573893
6.820000000000000 0.082174874993594
6.830000000000000 0.081841667293710
6.840000000000000 0.081509109239399
6.850000000000000 0.081177199595309
6.860000000000000 0.080845937125622
6.870000000000000 0.080515320594097
6.880000000000000 0.080185348764112
6.890000000000000 0.079856020398709
6.900000000000000 0.079527334260637
6.910000000000000 0.079206073070472
6.920000000000000 0.078885437288129
6.930000000000000 0.078565425707450
6.940000000000000 0.078246037122113
6.950000000000000 0.077927270325666
6.960000000000000 0.077609124111571
6.970000000000000 0.077291597273234
6.980000000000000 0.076974688604049
6.990000000000000 0.076658396897429
7.000000000000000 0.076342720946846
7.010000000000000 0.076034051712086
7.020000000000000 0.075725982362020
7.030000000000000 0.075418511720468
7.040000000000000 0.075111638611408
7.050000000000000 0.074805361859013
7.060000000000000 0.074499680287680
7.070000000000000 0.074194592722064
7.080000000000000 0.073890097987108
7.090000000000000 0.073586194908076
7.100000000000000 0.073282882310581
7.110000000000000 0.072986196932696
7.120000000000000 0.072690087031584
7.130000000000000 0.072394551462426
7.140000000000000 0.072099589080835
7.150000000000000 0.071805198742881
7.160000000000000 0.071511379305122
7.170000000000000 0.071218129624632
7.180000000000000 0.070925448559024
7.190000000000000 0.070633334966480
7.200000000000000 0.070341787705773
7.210000000000000 0.070056515772569
7.220000000000000 0.069771795974347
7.230000000000000 0.069487627198616
7.240000000000000 0.069204008333538
7.250000000000000 0.068920938267956
7.260000000000000 0.068638415891417
7.270000000000000 0.068356440094192
7.280000000000000 0.068075009767302
7.290000000000000 0.067794123802538
7.300000000000000 0.067513781092485
7.310000000000000 0.067239368062859
7.320000000000000 0.066965484884272
7.330000000000000 0.066692130477086
7.340000000000000 0.066419303762501
7.350000000000000 0.066147003662579
7.360000000000000 0.065875229100260
7.370000000000000 0.065603978999382
7.380000000000000 0.065333252284704
7.390000000000000 0.065063047881922
7.400000000000000 0.064793364717688
7.410000000000000 0.064529282598690
7.420000000000000 0.064265709069820
7.430000000000000 0.064002643084501
7.440000000000000 0.063740083597142
7.450000000000000 0.063478029563161
7.460000000000000 0.063216479938998
7.470000000000000 0.062955433682133
7.480000000000000 0.062694889751102
7.490000000000000 0.062434847105513
7.500000000000000 0.062175304706062
7.510000000000000 0.061921065707901
7.520000000000000 0.061667314995608
7.530000000000000 0.061414051555680
7.540000000000000 0.061161274375721
7.550000000000000 0.060908982444460
7.560000000000000 0.060657174751763
7.570000000000000 0.060405850288650
7.580000000000000 0.060155008047306
7.590000000000000 0.059904647021094
7.600000000000000 0.059654766204570
7.610000000000000 0.059409915596836
7.620000000000000 0.059165533873195
7.630000000000000 0.058921620053057
7.640000000000000 0.058678173157033
7.650000000000000 0.058435192206955
7.660000000000000 0.058192676225882
7.670000000000000 0.057950624238112
7.680000000000000 0.057709035269196
7.690000000000000 0.057467908345948
7.700000000000000 0.057227242496454
7.710000000000000 0.056991322975762
7.720000000000000 0.056755853856161
7.730000000000000 0.056520834189518
7.740000000000000 0.056286263028979
7.750000000000000 0.056052139428980
7.760000000000000 0.055818462445253
7.770000000000000 0.055585231134840
7.780000000000000 0.055352444556098
7.790000000000000 0.055120101768714
7.800000000000000 0.054888201833708
7.810000000000000 0.054660794547565
7.820000000000000 0.054433820028442
7.830000000000000 0.054207277360143
7.840000000000000 0.053981165627810
7.850000000000000 0.053755483917927
7.860000000000000 0.053530231318328
7.870000000000000 0.053305406918206
7.880000000000000 0.053081009808120
7.890000000000000 0.052857039080003
7.900000000000000 0.052633493827169
7.910000000000000 0.052414200499720
7.920000000000000 0.052195323119204
7.930000000000000 0.051976860800733
7.940000000000000 0.051758812660795
7.950000000000000 0.051541177817259
7.960000000000000 0.051323955389383
7.970000000000000 0.051107144497817
7.980000000000000 0.050890744264613
7.990000000000000 0.050674753813230
8.000000000000000 0.050459172268539
8.010000000000000 0.050247618854934
8.020000000000000 0.050036465338435
8.029999999999999 0.049825710864760
8.039999999999999 0.049615354581029
8.050000000000001 0.049405395635770
8.060000000000000 0.049195833178924
8.070000000000000 0.048986666361847
8.080000000000000 0.048777894337321
8.090000000000000 0.048569516259552
8.100000000000000 0.048361531284182
8.109999999999999 0.048157352984525
8.119999999999999 0.047953559287555
8.130000000000001 0.047750149368783
8.140000000000001 0.047547122405140
8.150000000000000 0.047344477574979
8.160000000000000 0.047142214058079
8.170000000000000 0.046940331035649
8.180000000000000 0.046738827690333
8.190000000000000 0.046537703206214
8.199999999999999 0.046336956768814
8.210000000000001 0.046139811574249
8.220000000000001 0.045943036400272
8.230000000000000 0.045746630451349
8.240000000000000 0.045550592933370
8.250000000000000 0.045354923053656
8.260000000000000 0.045159620020958
8.270000000000000 0.044964683045460
8.279999999999999 0.044770111338787
8.289999999999999 0.044575904114002
8.300000000000001 0.044382060585611
8.310000000000000 0.044191619989148
8.320000000000000 0.044001535518123
8.330000000000000 0.043811806405063
8.340000000000000 0.043622431883925
8.350000000000000 0.043433411190087
8.359999999999999 0.043244743560361
8.369999999999999 0.043056428232986
8.380000000000001 0.042868464447638
8.390000000000001 0.042680851445426
8.400000000000000 0.042493588468898
8.410000000000000 0.042309544945835
8.420000000000000 0.042125844299154
8.430000000000000 0.041942485788554
8.440000000000000 0.041759468675157
8.449999999999999 0.041576792221497
8.460000000000001 0.041394455691534
8.470000000000001 0.041212458350646
8.480000000000000 0.041030799465636
8.490000000000000 0.040849478304733
8.500000000000000 0.040668494137589
8.510000000000000 0.040490554403737
8.520000000000000 0.040312944915284
8.529999999999999 0.040135664958193
8.539999999999999 0.039958713819832
8.550000000000001 0.039782090788975
8.560000000000000 0.039605795155801
8.570000000000000 0.039429826211899
8.580000000000000 0.039254183250264
8.590000000000000 0.039078865565302
8.600000000000000 0.038903872452829
8.609999999999999 0.038731750765694
8.619999999999999 0.038559947295591
8.630000000000001 0.038388461353803
8.640000000000001 0.038217292252996
8.650000000000000 0.038046439307227
8.660000000000000 0.037875901831941
8.670000000000000 0.037705679143971
8.680000000000000 0.037535770561543
8.690000000000000 0.037366175404268
8.699999999999999 0.037196892993152
8.710000000000001 0.037030322861423
8.720000000000001 0.036864059482303
8.730000000000000 0.036698102191471
8.740000000000000 0.036532450325975
8.750000000000000 0.036367103224227
8.760000000000000 0.036202060226009
8.770000000000000 0.036037320672471
8.779999999999999 0.035872883906128
8.789999999999999 0.035708749270864
8.800000000000001 0.035544916111929
8.810000000000000 0.035383643333320
8.820000000000000 0.035222666381515
8.830000000000000 0.035061984615677
8.840000000000000 0.034901597396318
8.850000000000000 0.034741504085289
8.859999999999999 0.034581704045786
8.869999999999999 0.034422196641643
8.880000000000001 0.034262981240161
8.890000000000001 0.034104057207851
8.900000000000000 0.033945423913966
8.910000000000000 0.033789198698474
8.920000000000000 0.033633258912134
8.930000000000000 0.033477603936664
8.940000000000000 0.033322233155098
8.949999999999999 0.033167145951788
8.960000000000001 0.033012341712405
8.970000000000001 0.032857819823936
8.980000000000000 0.032703579674683
8.990000000000000 0.032549620654264
9.000000000000000 0.032395942153613
9.010000000000000 0.032244531477769
9.020000000000000 0.032093396327210
9.029999999999999 0.031942536105305
9.039999999999999 0.031791950216717
9.050000000000001 0.031641638067401
9.060000000000000 0.031491599064597
9.070000000000000 0.031341832616840
9.080000000000000 0.031192338133947
9.090000000000000 0.031043115027027
9.100000000000000 0.030894162708471
9.109999999999999 0.030747347966320
9.119999999999999 0.030600799309554
9.130000000000001 0.030454516162338
9.140000000000001 0.030308497950098
9.150000000000000 0.030162744099522
9.160000000000000 0.030017254038562
9.170000000000000 0.029872027196426
9.180000000000000 0.029727063003583
9.190000000000000 0.029582360891760
9.199999999999999 0.029437920293938
9.210000000000001 0.029295483217558
9.220000000000001 0.029153303247405
9.230000000000000 0.029011379827552
9.240000000000000 0.028869712403305
9.250000000000000 0.028728300421205
9.260000000000000 0.028587143329021
9.270000000000000 0.028446240575756
9.279999999999999 0.028305591611638
9.289999999999999 0.028165195888126
9.300000000000001 0.028025052857903
9.310000000000000 0.027886787362583
9.320000000000000 0.027748770429304
9.330000000000000 0.027611001521196
9.340000000000000 0.027473480102597
9.350000000000000 0.027336205639045
9.359999999999999 0.027199177597280
9.369999999999999 0.027062395445244
9.380000000000001 0.026925858652075
9.390000000000001 0.026789566688108
9.400000000000000 0.026653519024877
9.410000000000000 0.026519232610216
9.420000000000000 0.026385186620122
9.430000000000000 0.026251380535976
9.440000000000000 0.026117813840338
9.449999999999999 0.025984486016936
9.460000000000001 0.025851396550673
9.470000000000001 0.025718544927619
9.480000000000000 0.025585930635015
9.490000000000000 0.025453553161265
9.500000000000000 0.025321411995941
9.510000000000000 0.025190910622749
9.520000000000000 0.025060641943290
9.529999999999999 0.024930605456373
9.539999999999999 0.024800800661952
9.550000000000001 0.024671227061124
9.560000000000000 0.024541884156127
9.570000000000000 0.024412771450338
9.580000000000000 0.024283888448272
9.590000000000000 0.024155234655581
9.600000000000000 0.024026809579050
9.609999999999999 0.023899915362095
9.619999999999999 0.023773246481737
9.630000000000001 0.023646802453445
9.640000000000001 0.023520582793805
9.650000000000000 0.023394587020514
9.660000000000000 0.023268814652379
9.670000000000000 0.023143265209319
9.680000000000000 0.023017938212360
9.690000000000000 0.022892833183632
9.699999999999999 0.022767949646370
9.710000000000001 0.022644485143408
9.720000000000001 0.022521238989783
9.730000000000000 0.022398210716854
9.740000000000000 0.022275399857067
9.750000000000000 0.022152805943950
9.760000000000000 0.022030428512113
9.770000000000000 0.021908267097246
9.779999999999999 0.021786321236116
9.789999999999999 0.021664590466567
9.800000000000001 0.021543074327516
9.810000000000000 0.021422872908098
9.820000000000000 0.021302883197758
9.830000000000000 0.021183104743017
9.840000000000000 0.021063537091452
9.850000000000000 0.020944179791695
9.859999999999999 0.020825032393427
9.869999999999999 0.020706094447383
9.880000000000001 0.020587365505344
9.890000000000001 0.020468845120141
9.900000000000000 0.020350532845647
9.910000000000000 0.020233431882270
9.920000000000000 0.020116536324394
9.930000000000000 0.019999845732984
9.940000000000000 0.019883359670032
9.949999999999999 0.019767077698558
9.960000000000001 0.019650999382606
9.970000000000001 0.019535124287239
9.980000000000000 0.019419451978543
9.990000000000000 0.019303982023620
10.000000000000000 0.019188713990589
