0.000000000000000 0.000000000000000
0.010000000000000 0.000174141898221
0.020000000000000 0.000696545127222
0.030000000000000 0.001566951932610
0.040000000000000 0.002784812142730
0.050000000000000 0.004349291280928
0.060000000000000 0.006259278905149
0.070000000000000 0.008513397149933
0.080000000000000 0.011110009446057
0.090000000000000 0.014047229393316
0.100000000000000 0.017322929762329
0.110000000000000 0.020935159535117
0.120000000000000 0.024881075696312
0.130000000000000 0.029157899214525
0.140000000000000 0.033762646362245
0.150000000000000 0.038692138026424
0.160000000000000 0.043943009015819
0.170000000000000 0.049511717345414
0.180000000000000 0.055394553479128
0.190000000000000 0.061587649512850
0.200000000000000 0.068086988280793
0.210000000000000 0.074854860707813
0.220000000000000 0.081914687726288
0.230000000000000 0.089261792229480
0.240000000000000 0.096891398549645
0.250000000000000 0.104798640657053
0.260000000000000 0.112978570190905
0.270000000000000 0.121426164312761
0.280000000000000 0.130136333373987
0.290000000000000 0.139103928389665
0.300000000000000 0.148323748312270
0.310000000000000 0.157634164060874
0.320000000000000 0.167169094767044
0.330000000000000 0.176922849058158
0.340000000000000 0.186889740497388
0.350000000000000 0.197064092960492
0.360000000000000 0.207440245784840
0.370000000000000 0.218012558691101
0.380000000000000 0.228775416478539
0.390000000000000 0.239723233495427
0.400000000000000 0.250850457886587
0.410000000000000 0.261738023362119
0.420000000000000 0.272762122855051
0.430000000000000 0.283917039597400
0.440000000000000 0.295197144584673
0.450000000000000 0.306596898392560
0.460000000000000 0.318110852803553
0.470000000000000 0.329733652249690
0.480000000000000 0.341460035077713
0.490000000000000 0.353284834643026
0.500000000000000 0.365202980238876
0.510000000000000 0.376502852225663
0.520000000000000 0.387845748342349
0.530000000000000 0.399226850677153
0.540000000000000 0.410641474696455
0.550000000000000 0.422085067960539
0.560000000000000 0.433553208741365
0.570000000000000 0.445041604549516
0.580000000000000 0.456546090577263
0.590000000000000 0.468062628064465
0.600000000000000 0.479587302593813
0.610000000000000 0.490050211948838
0.620000000000000 0.500466851515587
0.630000000000000 0.510833888374842
0.640000000000000 0.521148135001006
0.650000000000000 0.531406545850968
0.660000000000000 0.541606213954839
0.670000000000000 0.551744367513590
0.680000000000000 0.561818366508269
0.690000000000000 0.571825699325258
0.700000000000000 0.581763979401637
0.710000000000000 0.590424324820211
0.720000000000000 0.598969419329147
0.730000000000000 0.607397600171828
0.740000000000000 0.615707333298339
0.750000000000000 0.623897209115038
0.760000000000000 0.631965938307467
0.770000000000000 0.639912347738543
0.780000000000000 0.647735376423663
0.790000000000000 0.655434071584177
0.800000000000000 0.663007584780396
0.810000000000000 0.669232899358953
0.820000000000000 0.675297815080190
0.830000000000000 0.681202180133711
0.840000000000000 0.686945940545027
0.850000000000000 0.692529136040518
0.860000000000000 0.697951896020601
0.870000000000000 0.703214435640487
0.880000000000000 0.708317051997763
0.890000000000000 0.713260120425893
0.900000000000000 0.718044090892613
0.910000000000000 0.721744292965125
0.920000000000000 0.725265827226332
0.930000000000000 0.728609647810011
0.940000000000000 0.731776772420950
0.950000000000000 0.734768278917403
0.960000000000000 0.737585302004081
0.970000000000000 0.740229030033685
0.980000000000000 0.742700701914908
0.990000000000000 0.745001604124810
1.000000000000000 0.747133067823432
1.010000000000000 0.748543365792045
1.020000000000000 0.749776944519459
1.030000000000000 0.750835420520825
1.040000000000000 0.751720444505671
1.050000000000000 0.752433698853107
1.060000000000000 0.752976895181815
1.070000000000000 0.753351772012424
1.080000000000000 0.753560092519852
1.090000000000000 0.753603642373270
1.100000000000000 0.753484227661282
1.110000000000000 0.753043594537040
1.120000000000000 0.752441277645164
1.130000000000000 0.751679176744744
1.140000000000000 0.750759204332506
1.150000000000000 0.749683283939420
1.160000000000000 0.748453348500024
1.170000000000000 0.747071338792257
1.180000000000000 0.745539201945617
1.190000000000000 0.743858890015528
1.200000000000000 0.742032358621806
1.210000000000000 0.740233449443721
1.220000000000000 0.738294340405210
1.230000000000000 0.736216947975864
1.240000000000000 0.734003187662909
1.250000000000000 0.731654972952136
1.260000000000000 0.729174214300451
1.270000000000000 0.726562818178232
1.280000000000000 0.723822686159816
1.290000000000000 0.720955714060395
1.300000000000000 0.717963791117707
1.310000000000000 0.715224342680625
1.320000000000000 0.712367476960334
1.330000000000000 0.709394977123784
1.340000000000000 0.706308617712753
1.350000000000000 0.703110164038880
1.360000000000000 0.699801371613338
1.370000000000000 0.696383985609852
1.380000000000000 0.692859740359804
1.390000000000000 0.689230358878189
1.400000000000000 0.685497552419225
1.410000000000000 0.682164113843275
1.420000000000000 0.678734778531426
1.430000000000000 0.675211123842649
1.440000000000000 0.671594714989747
1.450000000000000 0.667887104732099
1.460000000000000 0.664089833090651
1.470000000000000 0.660204427084217
1.480000000000000 0.656232400486255
1.490000000000000 0.652175253601221
1.500000000000000 0.648034473059721
1.510000000000000 0.644359735724985
1.520000000000000 0.640608011173205
1.530000000000000 0.636780651522709
1.540000000000000 0.632878995766310
1.550000000000000 0.628904369647402
1.560000000000000 0.624858085549757
1.570000000000000 0.620741442400432
1.580000000000000 0.616555725585199
1.590000000000000 0.612302206875919
1.600000000000000 0.607982144369323
1.610000000000000 0.604146605307334
1.620000000000000 0.600250036625078
1.630000000000000 0.596293573887891
1.640000000000000 0.592278339977806
1.650000000000000 0.588205445075841
1.660000000000000 0.584075986652396
1.670000000000000 0.579891049465372
1.680000000000000 0.575651705565615
1.690000000000000 0.571359014309327
1.700000000000000 0.567014022377084
1.710000000000000 0.563145803038643
1.720000000000000 0.559229701056159
1.730000000000000 0.555266656957664
1.740000000000000 0.551257599737701
1.750000000000000 0.547203446896504
1.760000000000000 0.543105104483728
1.770000000000000 0.538963467146473
1.780000000000000 0.534779418181359
1.790000000000000 0.530553829590422
1.800000000000000 0.526287562140599
1.810000000000000 0.522471889288200
1.820000000000000 0.518618981733334
1.830000000000000 0.514729611429056
1.840000000000000 0.510804540216029
1.850000000000000 0.506844519888485
1.860000000000000 0.502850292262541
1.870000000000000 0.498822589246697
1.880000000000000 0.494762132914379
1.890000000000000 0.490669635578378
1.900000000000000 0.486545799867041
1.910000000000000 0.482839880323146
1.920000000000000 0.479105263311513
1.930000000000000 0.475342578479755
1.940000000000000 0.471552446816046
1.950000000000000 0.467735480724252
1.960000000000000 0.463892284100103
1.970000000000000 0.460023452408293
1.980000000000000 0.456129572760435
1.990000000000000 0.452211223993763
2.000000000000000 0.448268976750517
2.010000000000000 0.444710571136779
2.020000000000000 0.441130266008135
2.030000000000000 0.437528572651612
2.040000000000000 0.433905995056978
2.050000000000000 0.430263029991283
2.060000000000000 0.426600167073674
2.070000000000000 0.422917888850435
2.080000000000000 0.419216670870175
2.090000000000000 0.415496981759151
2.100000000000000 0.411759283296639
2.110000000000000 0.408371266159286
2.120000000000000 0.404966732179970
2.130000000000000 0.401546095239665
2.140000000000000 0.398109763137430
2.150000000000000 0.394658137659387
2.160000000000000 0.391191614647553
2.170000000000000 0.387710584068514
2.180000000000000 0.384215430081889
2.190000000000000 0.380706531108568
2.200000000000000 0.377184259898701
2.210000000000000 0.373979508160770
2.220000000000000 0.370762482942644
2.230000000000000 0.367533518494393
2.240000000000000 0.364292944036463
2.250000000000000 0.361041083820943
2.260000000000000 0.357778257192470
2.270000000000000 0.354504778648794
2.280000000000000 0.351220957900954
2.290000000000000 0.347927099933071
2.300000000000000 0.344623505061742
2.310000000000000 0.341607762771544
2.320000000000000 0.338583078315874
2.330000000000000 0.335549721138595
2.340000000000000 0.332507956547296
2.350000000000000 0.329458045766281
2.360000000000000 0.326400245989132
2.370000000000000 0.323334810430838
2.380000000000000 0.320261988379492
2.390000000000000 0.317182025247535
2.400000000000000 0.314095162622556
2.410000000000000 0.311268987422180
2.420000000000000 0.308436473926433
2.430000000000000 0.305597839006602
2.440000000000000 0.302753296145884
2.450000000000000 0.299903055484413
2.460000000000000 0.297047323863842
2.470000000000000 0.294186304871493
2.480000000000000 0.291320198884067
2.490000000000000 0.288449203110907
2.500000000000000 0.285573511636821
2.510000000000000 0.282934094610114
2.520000000000000 0.280290364638020
2.530000000000000 0.277642496025144
2.540000000000000 0.274990660308922
2.550000000000000 0.272335026297401
2.560000000000000 0.269675760106605
2.570000000000000 0.267013025197498
2.580000000000000 0.264346982412524
2.590000000000000 0.261677790011746
2.600000000000000 0.259005603708569
2.610000000000000 0.256547504626343
2.620000000000000 0.254086658674293
2.630000000000000 0.251623205749241
2.640000000000000 0.249157283492616
2.650000000000000 0.246689027321880
2.660000000000000 0.244218570461571
2.670000000000000 0.241746043973992
2.680000000000000 0.239271576789521
2.690000000000000 0.236795295736560
2.700000000000000 0.234317325571124
2.710000000000000 0.232033794867725
2.720000000000000 0.229748719352075
2.730000000000000 0.227462211125578
2.740000000000000 0.225174380454295
2.750000000000000 0.222885335794903
2.760000000000000 0.220595183820336
2.770000000000000 0.218304029445097
2.780000000000000 0.216011975850258
2.790000000000000 0.213719124508136
2.800000000000000 0.211425575206664
2.810000000000000 0.209308473753137
2.820000000000000 0.207190741644288
2.830000000000000 0.205072468555192
2.840000000000000 0.202953742669003
2.850000000000000 0.200834650698300
2.860000000000000 0.198715277906163
2.870000000000000 0.196595708126959
2.880000000000000 0.194476023786877
2.890000000000000 0.192356305924175
2.900000000000000 0.190236634209169
2.910000000000000 0.188277371289421
2.920000000000000 0.186318164521832
2.930000000000000 0.184359085494212
2.940000000000000 0.182400204582643
2.950000000000000 0.180441590968967
2.960000000000000 0.178483312658040
2.970000000000000 0.176525436494765
2.980000000000000 0.174568028180885
2.990000000000000 0.172611152291555
3.000000000000000 0.170654872291692
3.010000000000000 0.168844591427982
3.020000000000000 0.167034874387208
3.030000000000000 0.165225778177323
3.040000000000000 0.163417358822784
3.050000000000000 0.161609671378847
3.060000000000000 0.159802769945663
3.070000000000000 0.157996707682181
3.080000000000000 0.156191536819869
3.090000000000000 0.154387308676237
3.100000000000000 0.152584073668177
3.110000000000000 0.150913838961495
3.120000000000000 0.149244535026695
3.130000000000000 0.147576207126745
3.140000000000000 0.145908899726813
3.150000000000000 0.144242656505929
3.160000000000000 0.142577520368476
3.170000000000000 0.140913533455524
3.180000000000000 0.139250737156016
3.190000000000000 0.137589172117783
3.200000000000000 0.135928878258415
3.210000000000000 0.134389865623576
3.220000000000000 0.132852040543395
3.230000000000000 0.131315438826220
3.240000000000000 0.129780095633579
3.250000000000000 0.128246045489674
3.260000000000000 0.126713322290736
3.270000000000000 0.125181959314257
3.280000000000000 0.123651989228089
3.290000000000000 0.122123444099411
3.300000000000000 0.120596355403576
3.310000000000000 0.119180009006069
3.320000000000000 0.117765021027286
3.330000000000000 0.116351419670781
3.340000000000000 0.114939232615992
3.350000000000000 0.113528487025961
3.360000000000000 0.112119209554948
3.370000000000000 0.110711426355934
3.380000000000000 0.109305163088018
3.390000000000000 0.107900444923711
3.400000000000000 0.106497296556128
3.410000000000000 0.105195385893436
3.420000000000000 0.103894937878162
3.430000000000000 0.102595974603563
3.440000000000000 0.101298517738480
3.450000000000000 0.100002588533614
3.460000000000000 0.098708207827712
3.470000000000000 0.097415396053660
3.480000000000000 0.096124173244498
3.490000000000000 0.094834559039340
3.500000000000000 0.093546572689219
3.510000000000000 0.092351197626025
3.520000000000000 0.091157338189245
3.530000000000000 0.089965011569884
3.540000000000000 0.088774234615524
3.550000000000000 0.087585023835413
3.560000000000000 0.086397395405495
3.570000000000000 0.085211365173353
3.580000000000000 0.084026948663090
3.590000000000000 0.082844161080142
3.600000000000000 0.081663017316017
3.610000000000000 0.080566746349463
3.620000000000000 0.079472004786836
3.630000000000000 0.078378805892421
3.640000000000000 0.077287162652878
3.650000000000000 0.076197087781375
3.660000000000000 0.075108593721660
3.670000000000000 0.074021692652080
3.680000000000000 0.072936396489539
3.690000000000000 0.071852716893400
3.700000000000000 0.070770665269332
3.710000000000000 0.069766448726895
3.720000000000000 0.068763745845525
3.730000000000000 0.067762566751476
3.740000000000000 0.066762921346824
3.750000000000000 0.065764819312814
3.760000000000000 0.064768270113170
3.770000000000000 0.063773282997344
3.780000000000000 0.062779867003732
3.790000000000000 0.061788030962835
3.800000000000000 0.060797783500379
3.810000000000000 0.059879016255354
3.820000000000000 0.058961724976343
3.830000000000000 0.058045917288707
3.840000000000000 0.057131600637041
3.850000000000000 0.056218782287888
3.860000000000000 0.055307469332416
3.870000000000000 0.054397668689054
3.880000000000000 0.053489387106099
3.890000000000000 0.052582631164272
3.900000000000000 0.051677407279253
3.910000000000000 0.050837907269021
3.920000000000000 0.049999829563218
3.930000000000000 0.049163179801039
3.940000000000000 0.048327963476169
3.950000000000000 0.047494185938982
3.960000000000000 0.046661852398706
3.970000000000000 0.045830967925561
3.980000000000000 0.045001537452863
3.990000000000000 0.044173565779103
4.000000000000000 0.043347057569988
4.010000000000000 0.042581069897697
4.020000000000000 0.041816439574615
4.030000000000000 0.041053170669397
4.040000000000000 0.040291267133817
4.050000000000000 0.039530732804545
4.060000000000000 0.038771571404899
4.070000000000000 0.038013786546578
4.080000000000000 0.037257381731357
4.090000000000000 0.036502360352775
4.100000000000000 0.035748725697782
4.110000000000000 0.035050873661318
4.120000000000000 0.034354306439057
4.130000000000000 0.033659026864652
4.140000000000000 0.032965037678110
4.150000000000000 0.032272341527230
4.160000000000000 0.031580940969018
4.170000000000000 0.030890838471081
4.180000000000000 0.030202036413007
4.190000000000000 0.029514537087717
4.200000000000000 0.028828342702805
4.210000000000000 0.028193652357837
4.220000000000000 0.027560169528148
4.230000000000000 0.026927896082931
4.240000000000000 0.026296833816582
4.250000000000000 0.025666984449858
4.260000000000000 0.025038349631024
4.270000000000000 0.024410930936978
4.280000000000000 0.023784729874358
4.290000000000000 0.023159747880636
4.300000000000000 0.022535986325204
4.310000000000000 0.021959845870973
4.320000000000000 0.021384833074905
4.330000000000000 0.020810949059689
4.340000000000000 0.020238194888498
4.350000000000000 0.019666571565927
4.360000000000000 0.019096080038905
4.370000000000000 0.018526721197609
4.380000000000000 0.017958495876354
4.390000000000000 0.017391404854477
4.400000000000000 0.016825448857203
4.410000000000000 0.016303596977624
4.420000000000000 0.015782792011696
4.430000000000000 0.015263034510954
4.440000000000000 0.014744324979786
4.450000000000000 0.014226663876197
4.460000000000000 0.013710051612537
4.470000000000000 0.013194488556236
4.480000000000000 0.012679975030520
4.490000000000000 0.012166511315120
4.500000000000000 0.011654097646970
4.510000000000000 0.011182603223293
4.520000000000000 0.010712075339950
4.530000000000000 0.010242514118135
4.540000000000000 0.009773919641912
4.550000000000000 0.009306291958815
4.560000000000000 0.008839631080442
4.570000000000000 0.008373936983038
4.580000000000000 0.007909209608068
4.590000000000000 0.007445448862791
4.600000000000000 0.006982654620814
4.610000000000000 0.006557904651395
4.620000000000000 0.006134042134870
4.630000000000000 0.005711066874958
4.640000000000000 0.005288978646326
4.650000000000000 0.004867777195077
4.660000000000000 0.004447462239216
4.670000000000000 0.004028033469124
4.680000000000000 0.003609490548011
4.690000000000000 0.003191833112375
4.700000000000000 0.002775060772444
4.710000000000000 0.002494885716616
4.720000000000000 0.002215304641716
4.730000000000000 0.001936317248347
4.740000000000000 0.001657923220452
4.750000000000000 0.001380122225597
4.760000000000000 0.001102913915250
4.770000000000000 0.000826297925050
4.780000000000000 0.000550273875083
4.790000000000000 0.000274841370144
4.800000000000000 0.000000000000000
4.810000000000000 0.000000000000000
4.820000000000000 0.000000000000000
4.830000000000000 0.000000000000000
4.840000000000000 0.000000000000000
4.850000000000000 0.000000000000000
4.860000000000000 0.000000000000000
4.870000000000000 0.000000000000000
4.880000000000000 0.000000000000000
4.890000000000000 0.000000000000000
4.900000000000000 -0.000000000000000
4.910000000000000 0.000000000000000
4.920000000000000 0.000000000000000
4.930000000000000 0.000000000000000
4.940000000000000 0.000000000000000
4.950000000000000 0.000000000000000
4.960000000000000 0.000000000000000
4.970000000000000 0.000000000000000
4.980000000000000 0.000000000000000
4.990000000000000 0.000000000000000
5.000000000000000 -0.000000000000000
5.010000000000000 0.000000000000000
5.020000000000000 0.000000000000000
5.030000000000000 0.000000000000000
5.040000000000000 0.000000000000000
5.050000000000000 0.000000000000000
5.060000000000000 0.000000000000000
5.070000000000000 0.000000000000000
5.080000000000000 0.000000000000000
5.090000000000000 0.000000000000000
5.100000000000000 -0.000000000000000
5.110000000000000 0.000000000000000
5.120000000000000 0.000000000000000
5.130000000000000 0.000000000000000
5.140000000000000 0.000000000000000
5.150000000000000 0.000000000000000
5.160000000000000 0.000000000000000
5.170000000000000 0.000000000000000
5.180000000000000 0.000000000000000
5.190000000000000 0.000000000000000
5.200000000000000 -0.000000000000000
5.210000000000000 0.000000000000000
5.220000000000000 0.000000000000000
5.230000000000000 0.000000000000000
5.240000000000000 0.000000000000000
5.250000000000000 0.000000000000000
5.260000000000000 0.000000000000000
5.270000000000000 0.000000000000000
5.280000000000000 0.000000000000000
5.290000000000000 0.000000000000000
5.300000000000000 0.000000000000000
5.310000000000000 0.000000000000000
5.320000000000000 0.000000000000000
5.330000000000000 0.000000000000000
5.340000000000000 0.000000000000000
5.350000000000000 0.000000000000000
5.360000000000000 0.000000000000000
5.370000000000000 0.000000000000000
5.380000000000000 0.000000000000000
5.390000000000000 0.000000000000000
5.400000000000000 -0.000000000000000
5.410000000000000 0.000000000000000
5.420000000000000 0.000000000000000
5.430000000000000 0.000000000000000
5.440000000000000 0.000000000000000
5.450000000000000 0.000000000000000
5.460000000000000 0.000000000000000
5.470000000000000 0.000000000000000
5.480000000000000 0.000000000000000
5.490000000000000 0.000000000000000
5.500000000000000 -0.000000000000000
5.510000000000000 0.000000000000000
5.520000000000000 0.000000000000000
5.530000000000000 0.000000000000000
5.540000000000000 0.000000000000000
5.550000000000000 0.000000000000000
5.560000000000000 0.000000000000000
5.570000000000000 0.000000000000000
5.580000000000000 0.000000000000000
5.590000000000000 0.000000000000000
5.600000000000000 -0.000000000000000
5.610000000000000 0.000000000000000
5.620000000000000 0.000000000000000
5.630000000000000 0.000000000000000
5.640000000000000 0.000000000000000
5.650000000000000 0.000000000000000
5.660000000000000 0.000000000000000
5.670000000000000 0.000000000000000
5.680000000000000 0.000000000000000
5.690000000000000 0.000000000000000
5.700000000000000 -0.000000000000000
5.710000000000000 0.000000000000000
5.720000000000000 0.000000000000000
5.730000000000000 0.000000000000000
5.740000000000000 0.000000000000000
5.750000000000000 0.000000000000000
5.760000000000000 0.000000000000000
5.770000000000000 0.000000000000000
5.780000000000000 0.000000000000000
5.790000000000000 0.000000000000000
5.800000000000000 0.000000000000000
5.810000000000000 0.000000000000000
5.820000000000000 0.000000000000000
5.830000000000000 0.000000000000000
5.840000000000000 0.000000000000000
5.850000000000000 0.000000000000000
5.860000000000000 0.000000000000000
5.870000000000000 0.000000000000000
5.880000000000000 0.000000000000000
5.890000000000000 0.000000000000000
5.900000000000000 -0.000000000000000
5.910000000000000 0.000000000000000
5.920000000000000 0.000000000000000
5.930000000000000 0.000000000000000
5.940000000000000 0.000000000000000
5.950000000000000 0.000000000000000
5.960000000000000 0.000000000000000
5.970000000000000 0.000000000000000
5.980000000000000 0.000000000000000
5.990000000000000 0.000000000000000
6.000000000000000 -0.000000000000000
6.010000000000000 0.000000000000000
6.020000000000000 0.000000000000000
6.030000000000000 0.000000000000000
6.040000000000000 0.000000000000000
6.050000000000000 0.000000000000000
6.060000000000000 0.000000000000000
6.070000000000000 0.000000000000000
6.080000000000000 0.000000000000000
6.090000000000000 0.000000000000000
6.100000000000000 -0.000000000000000
6.110000000000000 0.000000000000000
6.120000000000000 0.000000000000000
6.130000000000000 0.000000000000000
6.140000000000000 0.000000000000000
6.150000000000000 0.000000000000000
6.160000000000000 0.000000000000000
6.170000000000000 0.000000000000000
6.180000000000000 0.000000000000000
6.190000000000000 0.000000000000000
6.200000000000000 -0.000000000000000
6.210000000000000 0.000000000000000
6.220000000000000 0.000000000000000
6.230000000000000 0.000000000000000
6.240000000000000 0.000000000000000
6.250000000000000 0.000000000000000
6.260000000000000 0.000000000000000
6.270000000000000 0.000000000000000
6.280000000000000 0.000000000000000
6.290000000000000 0.000000000000000
6.300000000000000 0.000000000000000
6.310000000000000 0.000000000000000
6.320000000000000 0.000000000000000
6.330000000000000 0.000000000000000
6.340000000000000 0.000000000000000
6.350000000000000 0.000000000000000
6.360000000000000 0.000000000000000
6.370000000000000 0.000000000000000
6.380000000000000 0.000000000000000
6.390000000000000 0.000000000000000
6.400000000000000 -0.000000000000000
6.410000000000000 0.000000000000000
6.420000000000000 0.000000000000000
6.430000000000000 0.000000000000000
6.440000000000000 0.000000000000000
6.450000000000000 0.000000000000000
6.460000000000000 0.000000000000000
6.470000000000000 0.000000000000000
6.480000000000000 0.000000000000000
6.490000000000000 0.000000000000000
6.500000000000000 -0.000000000000000
6.510000000000000 0.000000000000000
6.520000000000000 0.000000000000000
6.530000000000000 0.000000000000000
6.540000000000000 0.000000000000000
6.550000000000000 0.000000000000000
6.560000000000000 0.000000000000000
6.570000000000000 0.000000000000000
6.580000000000000 0.000000000000000
6.590000000000000 0.000000000000000
6.600000000000000 -0.000000000000000
6.610000000000000 0.000000000000000
6.620000000000000 0.000000000000000
6.630000000000000 0.000000000000000
6.640000000000000 0.000000000000000
6.650000000000000 0.000000000000000
6.660000000000000 0.000000000000000
6.670000000000000 0.000000000000000
6.680000000000000 0.000000000000000
6.690000000000000 0.000000000000000
6.700000000000000 -0.000000000000000
6.710000000000000 0.000000000000000
6.720000000000000 0.000000000000000
6.730000000000000 0.000000000000000
6.740000000000000 0.000000000000000
6.750000000000000 0.000000000000000
6.760000000000000 0.000000000000000
6.770000000000000 0.000000000000000
6.780000000000000 0.000000000000000
6.790000000000000 0.000000000000000
6.800000000000000 0.000000000000000
6.810000000000000 0.000000000000000
6.820000000000000 0.000000000000000
6.830000000000000 0.000000000000000
6.840000000000000 0.000000000000000
6.850000000000000 0.000000000000000
6.860000000000000 0.000000000000000
6.870000000000000 0.000000000000000
6.880000000000000 0.000000000000000
6.890000000000000 0.000000000000000
6.900000000000000 -0.000000000000000
6.910000000000000 0.000000000000000
6.920000000000000 0.000000000000000
6.930000000000000 0.000000000000000
6.940000000000000 0.000000000000000
6.950000000000000 0.000000000000000
6.960000000000000 0.000000000000000
6.970000000000000 0.000000000000000
6.980000000000000 0.000000000000000
6.990000000000000 0.000000000000000
7.000000000000000 -0.000000000000000
7.010000000000000 0.000000000000000
7.020000000000000 0.000000000000000
7.030000000000000 0.000000000000000
7.040000000000000 0.000000000000000
7.050000000000000 0.000000000000000
7.060000000000000 0.000000000000000
7.070000000000000 0.000000000000000
7.080000000000000 0.000000000000000
7.090000000000000 0.000000000000000
7.100000000000000 -0.000000000000000
7.110000000000000 0.000000000000000
7.120000000000000 0.000000000000000
7.130000000000000 0.000000000000000
7.140000000000000 0.000000000000000
7.150000000000000 0.000000000000000
7.160000000000000 0.000000000000000
7.170000000000000 0.000000000000000
7.180000000000000 0.000000000000000
7.190000000000000 0.000000000000000
7.200000000000000 -0.000000000000000
7.210000000000000 0.000000000000000
7.220000000000000 0.000000000000000
7.230000000000000 0.000000000000000
7.240000000000000 0.000000000000000
7.250000000000000 0.000000000000000
7.260000000000000 0.000000000000000
7.270000000000000 0.000000000000000
7.280000000000000 0.000000000000000
7.290000000000000 0.000000000000000
7.300000000000000 0.000000000000000
7.310000000000000 0.000000000000000
7.320000000000000 0.000000000000000
7.330000000000000 0.000000000000000
7.340000000000000 0.000000000000000
7.350000000000000 0.000000000000000
7.360000000000000 0.000000000000000
7.370000000000000 0.000000000000000
7.380000000000000 0.000000000000000
7.390000000000000 0.000000000000000
7.400000000000000 -0.000000000000000
7.410000000000000 0.000000000000000
7.420000000000000 0.000000000000000
7.430000000000000 0.000000000000000
7.440000000000000 0.000000000000000
7.450000000000000 0.000000000000000
7.460000000000000 0.000000000000000
7.470000000000000 0.000000000000000
7.480000000000000 0.000000000000000
7.490000000000000 0.000000000000000
7.500000000000000 -0.000000000000000
7.510000000000000 0.000000000000000
7.520000000000000 0.000000000000000
7.530000000000000 0.000000000000000
7.540000000000000 0.000000000000000
7.550000000000000 0.000000000000000
7.560000000000000 0.000000000000000
7.570000000000000 0.000000000000000
7.580000000000000 0.000000000000000
7.590000000000000 0.000000000000000
7.600000000000000 -0.000000000000000
7.610000000000000 0.000000000000000
7.620000000000000 0.000000000000000
7.630000000000000 0.000000000000000
7.640000000000000 0.000000000000000
7.650000000000000 0.000000000000000
7.660000000000000 0.000000000000000
7.670000000000000 0.000000000000000
7.680000000000000 0.000000000000000
7.690000000000000 0.000000000000000
7.700000000000000 -0.000000000000000
7.710000000000000 0.000000000000000
7.720000000000000 0.000000000000000
7.730000000000000 0.000000000000000
7.740000000000000 0.000000000000000
7.750000000000000 0.000000000000000
7.760000000000000 0.000000000000000
7.770000000000000 0.000000000000000
7.780000000000000 0.000000000000000
7.790000000000000 0.000000000000000
7.800000000000000 0.000000000000000
7.810000000000000 0.000000000000000
7.820000000000000 0.000000000000000
7.830000000000000 0.000000000000000
7.840000000000000 0.000000000000000
7.850000000000000 0.000000000000000
7.860000000000000 0.000000000000000
7.870000000000000 0.000000000000000
7.880000000000000 0.000000000000000
7.890000000000000 0.000000000000000
7.900000000000000 -0.000000000000000
7.910000000000000 0.000000000000000
7.920000000000000 0.000000000000000
7.930000000000000 0.000000000000000
7.940000000000000 0.000000000000000
7.950000000000000 0.000000000000000
7.960000000000000 0.000000000000000
7.970000000000000 0.000000000000000
7.980000000000000 0.000000000000000
7.990000000000000 0.000000000000000
8.000000000000000 -0.000000000000000
8.010000000000000 0.000000000000000
8.020000000000000 0.000000000000000
8.029999999999999 0.000000000000000
8.039999999999999 0.000000000000000
8.050000000000001 0.000000000000000
8.060000000000000 0.000000000000000
8.070000000000000 0.000000000000000
8.080000000000000 0.000000000000000
8.090000000000000 0.000000000000000
8.100000000000000 -0.000000000000000
8.109999999999999 0.000000000000000
8.119999999999999 0.000000000000000
8.130000000000001 0.000000000000000
8.140000000000001 0.000000000000000
8.150000000000000 0.000000000000000
8.160000000000000 0.000000000000000
8.170000000000000 0.000000000000000
8.180000000000000 0.000000000000000
8.190000000000000 0.000000000000000
8.199999999999999 0.000000000000000
8.210000000000001 0.000000000000000
8.220000000000001 0.000000000000000
8.230000000000000 0.000000000000000
8.240000000000000 0.000000000000000
8.250000000000000 0.000000000000000
8.260000000000000 0.000000000000000
8.270000000000000 0.000000000000000
8.279999999999999 0.000000000000000
8.289999999999999 0.000000000000000
8.300000000000001 -0.000000000000000
8.310000000000000 0.000000000000000
8.320000000000000 0.000000000000000
8.330000000000000 0.000000000000000
8.340000000000000 0.000000000000000
8.350000000000000 0.000000000000000
8.359999999999999 0.000000000000000
8.369999999999999 0.000000000000000
8.380000000000001 0.000000000000000
8.390000000000001 0.000000000000000
8.400000000000000 -0.000000000000000
8.410000000000000 0.000000000000000
8.420000000000000 0.000000000000000
8.430000000000000 0.000000000000000
8.440000000000000 0.000000000000000
8.449999999999999 0.000000000000000
8.460000000000001 0.000000000000000
8.470000000000001 0.000000000000000
8.480000000000000 0.000000000000000
8.490000000000000 0.000000000000000
8.500000000000000 -0.000000000000000
8.510000000000000 0.000000000000000
8.520000000000000 0.000000000000000
8.529999999999999 0.000000000000000
8.539999999999999 0.000000000000000
8.550000000000001 0.000000000000000
8.560000000000000 0.000000000000000
8.570000000000000 0.000000000000000
8.580000000000000 0.000000000000000
8.590000000000000 0.000000000000000
8.600000000000000 -0.000000000000000
8.609999999999999 0.000000000000000
8.619999999999999 0.000000000000000
8.630000000000001 0.000000000000000
8.640000000000001 0.000000000000000
8.650000000000000 0.000000000000000
8.660000000000000 0.000000000000000
8.670000000000000 0.000000000000000
8.680000000000000 0.000000000000000
8.690000000000000 0.000000000000000
8.699999999999999 -0.000000000000000
8.710000000000001 0.000000000000000
8.720000000000001 0.000000000000000
8.730000000000000 0.000000000000000
8.740000000000000 0.000000000000000
8.750000000000000 0.000000000000000
8.760000000000000 0.000000000000000
8.770000000000000 0.000000000000000
8.779999999999999 0.000000000000000
8.789999999999999 0.000000000000000
8.800000000000001 -0.000000000000000
8.810000000000000 0.000000000000000
8.820000000000000 0.000000000000000
8.830000000000000 0.000000000000000
8.840000000000000 0.000000000000000
8.850000000000000 0.000000000000000
8.859999999999999 0.000000000000000
8.869999999999999 0.000000000000000
8.880000000000001 0.000000000000000
8.890000000000001 0.000000000000000
8.900000000000000 -0.000000000000000
8.910000000000000 0.000000000000000
8.920000000000000 0.000000000000000
8.930000000000000 0.000000000000000
8.940000000000000 0.000000000000000
8.949999999999999 0.000000000000000
8.960000000000001 0.000000000000000
8.970000000000001 0.000000000000000
8.980000000000000 0.000000000000000
8.990000000000000 0.000000000000000
9.000000000000000 -0.000000000000000
9.010000000000000 0.000000000000000
9.020000000000000 0.000000000000000
9.029999999999999 0.000000000000000
9.039999999999999 0.000000000000000
9.050000000000001 0.000000000000000
9.060000000000000 0.000000000000000
9.070000000000000 0.000000000000000
9.080000000000000 0.000000000000000
9.090000000000000 0.000000000000000
9.100000000000000 -0.000000000000000
9.109999999999999 0.000000000000000
9.119999999999999 0.000000000000000
9.130000000000001 0.000000000000000
9.140000000000001 0.000000000000000
9.150000000000000 0.000000000000000
9.160000000000000 0.000000000000000
9.170000000000000 0.000000000000000
9.180000000000000 0.000000000000000
9.190000000000000 0.000000000000000
9.199999999999999 -0.000000000000000
9.210000000000001 0.000000000000000
9.220000000000001 0.000000000000000
9.230000000000000 0.000000000000000
9.240000000000000 0.000000000000000
9.250000000000000 0.000000000000000
9.260000000000000 0.000000000000000
9.270000000000000 0.000000000000000
9.279999999999999 0.000000000000000
9.289999999999999 0.000000000000000
9.300000000000001 -0.000000000000000
9.310000000000000 0.000000000000000
9.320000000000000 0.000000000000000
9.330000000000000 0.000000000000000
9.340000000000000 0.000000000000000
9.350000000000000 0.000000000000000
9.359999999999999 0.000000000000000
9.369999999999999 0.000000000000000
9.380000000000001 0.000000000000000
9.390000000000001 0.000000000000000
9.400000000000000 -0.000000000000000
9.410000000000000 0.000000000000000
9.420000000000000 0.000000000000000
9.430000000000000 0.000000000000000
9.440000000000000 0.000000000000000
9.449999999999999 0.000000000000000
9.460000000000001 0.000000000000000
9.470000000000001 0.000000000000000
9.480000000000000 0.000000000000000
9.490000000000000 0.000000000000000
9.500000000000000 -0.000000000000000
9.510000000000000 0.000000000000000
9.520000000000000 0.000000000000000
9.529999999999999 0.000000000000000
9.539999999999999 0.000000000000000
9.550000000000001 0.000000000000000
9.560000000000000 0.000000000000000
9.570000000000000 0.000000000000000
9.580000000000000 0.000000000000000
9.590000000000000 0.000000000000000
9.600000000000000 0.000000000000000
9.609999999999999 0.000000000000000
9.619999999999999 0.000000000000000
9.630000000000001 0.000000000000000
9.640000000000001 0.000000000000000
9.650000000000000 0.000000000000000
9.660000000000000 0.000000000000000
9.670000000000000 0.000000000000000
9.680000000000000 0.000000000000000
9.690000000000000 0.000000000000000
9.699999999999999 -0.000000000000000
9.710000000000001 0.000000000000000
9.720000000000001 0.000000000000000
9.730000000000000 0.000000000000000
9.740000000000000 0.000000000000000
9.750000000000000 0.000000000000000
9.760000000000000 0.000000000000000
9.770000000000000 0.000000000000000
9.779999999999999 0.000000000000000
9.789999999999999 0.000000000000000
9.800000000000001 -0.000000000000000
9.810000000000000 0.000000000000000
9.820000000000000 0.000000000000000
9.830000000000000 0.000000000000000
9.840000000000000 0.000000000000000
9.850000000000000 0.000000000000000
9.859999999999999 0.000000000000000
9.869999999999999 0.000000000000000
9.880000000000001 0.000000000000000
9.890000000000001 0.000000000000000
9.900000000000000 -0.000000000000000
9.910000000000000 0.000000000000000
9.920000000000000 0.000000000000000
9.930000000000000 0.000000000000000
9.940000000000000 0.000000000000000
9.949999999999999 0.000000000000000
9.960000000000001 0.000000000000000
9.970000000000001 0.000000000000000
9.980000000000000 0.000000000000000
9.990000000000000 0.000000000000000
10.000000000000000 -0.000000000000000
