0.000000000000000 0.000000000000000
0.010000000000000 0.000072456870741
0.020000000000000 0.000290558327667
0.030000000000000 0.000655279712711
0.040000000000000 0.001167437729270
0.050000000000000 0.001827693815827
0.060000000000000 0.002636557665512
0.070000000000000 0.003594390879828
0.080000000000000 0.004701410744793
0.090000000000000 0.005957694117708
0.100000000000000 0.007363181412839
0.110000000000000 0.008933095550286
0.120000000000000 0.010657233683398
0.130000000000000 0.012535746276379
0.140000000000000 0.014568637642663
0.150000000000000 0.016755770538323
0.160000000000000 0.019096870814640
0.170000000000000 0.021591532118090
0.180000000000000 0.024239220626372
0.190000000000000 0.027039279809416
0.200000000000000 0.029990935204721
0.210000000000000 0.033140242267788
0.220000000000000 0.036447435600273
0.230000000000000 0.039911787462323
0.240000000000000 0.043532449750925
0.250000000000000 0.047308459123334
0.260000000000000 0.051238742092647
0.270000000000000 0.055322120086630
0.280000000000000 0.059557314461401
0.290000000000000 0.063942951462080
0.300000000000000 0.068477567123030
0.310000000000000 0.073237376247597
0.320000000000000 0.078151527640291
0.330000000000000 0.083218502221046
0.340000000000000 0.088436694642871
0.350000000000000 0.093804418206974
0.360000000000000 0.099319909685884
0.370000000000000 0.104981334049793
0.380000000000000 0.110786789091784
0.390000000000000 0.116734309948135
0.400000000000000 0.122821873510275
0.410000000000000 0.129126171817671
0.420000000000000 0.135572382455297
0.430000000000000 0.142158388086672
0.440000000000000 0.148882022185639
0.450000000000000 0.155741073130143
0.460000000000000 0.162733288173736
0.470000000000000 0.169856377293824
0.480000000000000 0.177108016916031
0.490000000000000 0.184485853514386
0.500000000000000 0.191987507087311
0.510000000000000 0.199632347628746
0.520000000000000 0.207397425996704
0.530000000000000 0.215280303585646
0.540000000000000 0.223278526900168
0.550000000000000 0.231389630465141
0.560000000000000 0.239611139616118
0.570000000000000 0.247940573171614
0.580000000000000 0.256375445988981
0.590000000000000 0.264913271405812
0.600000000000000 0.273551563568884
0.610000000000000 0.282167045213351
0.620000000000000 0.290872714167087
0.630000000000000 0.299666124735561
0.640000000000000 0.308544843493431
0.650000000000000 0.317506450922129
0.660000000000000 0.326548542953621
0.670000000000000 0.335668732423004
0.680000000000000 0.344864650432570
0.690000000000000 0.354133947630025
0.700000000000000 0.363474295403541
0.710000000000000 0.372538128052032
0.720000000000000 0.381656463836628
0.730000000000000 0.390827148194820
0.740000000000000 0.400048056114110
0.750000000000000 0.409317092651339
0.760000000000000 0.418632193394587
0.770000000000000 0.427991324870071
0.780000000000000 0.437392484896479
0.790000000000000 0.446833702889088
0.800000000000000 0.456313040115987
0.810000000000000 0.465210403396644
0.820000000000000 0.474125000702458
0.830000000000000 0.483055195297100
0.840000000000000 0.491999387010785
0.850000000000000 0.500956011947598
0.860000000000000 0.509923542170585
0.870000000000000 0.518900485366243
0.880000000000000 0.527885384489992
0.890000000000000 0.536876817394123
0.900000000000000 0.545873396439678
0.910000000000000 0.554006628840131
0.920000000000000 0.562122951785977
0.930000000000000 0.570221360660441
0.940000000000000 0.578300885842140
0.950000000000000 0.586360591954955
0.960000000000000 0.594399577122253
0.970000000000000 0.602416972226124
0.980000000000000 0.610411940172272
0.990000000000000 0.618383675161134
1.000000000000000 0.626331401965778
1.010000000000000 0.633223711908374
1.020000000000000 0.640071794695428
1.030000000000000 0.646875274924503
1.040000000000000 0.653633805092638
1.050000000000000 0.660347064695312
1.060000000000000 0.667014759345297
1.070000000000000 0.673636619911334
1.080000000000000 0.680212401676530
1.090000000000000 0.686741883516337
1.100000000000000 0.693224867095991
1.110000000000000 0.698601688231623
1.120000000000000 0.703915896083632
1.130000000000000 0.709167647568985
1.140000000000000 0.714357118128202
1.150000000000000 0.719484500884160
1.160000000000000 0.724550005826658
1.170000000000000 0.729553859022195
1.180000000000000 0.734496301848457
1.190000000000000 0.739377590252953
1.200000000000000 0.744197994035289
1.210000000000000 0.747990502943943
1.220000000000000 0.751710871866663
1.230000000000000 0.755359646042907
1.240000000000000 0.758937380125305
1.250000000000000 0.762444637505153
1.260000000000000 0.765881989662997
1.270000000000000 0.769250015543588
1.280000000000000 0.772549300954556
1.290000000000000 0.775780437988085
1.300000000000000 0.778944024464952
1.310000000000000 0.781253800413947
1.320000000000000 0.783489320867600
1.330000000000000 0.785651369213630
1.340000000000000 0.787740730860126
1.350000000000000 0.789758192755525
1.360000000000000 0.791704542929673
1.370000000000000 0.793580570055276
1.380000000000000 0.795387063029067
1.390000000000000 0.797124810572043
1.400000000000000 0.798794600848124
1.410000000000000 0.799823209597972
1.420000000000000 0.800780688822490
1.430000000000000 0.801667933130053
1.440000000000000 0.802485833937872
1.450000000000000 0.803235279167499
1.460000000000000 0.803917152956448
1.470000000000000 0.804532335385276
1.480000000000000 0.805081702219617
1.490000000000000 0.805566124666576
1.500000000000000 0.805986469144975
1.510000000000000 0.805976300144196
1.520000000000000 0.805901281790348
1.530000000000000 0.805762326822791
1.540000000000000 0.805560341600856
1.550000000000000 0.805296225936854
1.560000000000000 0.804970872940497
1.570000000000000 0.804585168874270
1.580000000000000 0.804139993019325
1.590000000000000 0.803636217551459
1.600000000000000 0.803074707426780
1.610000000000000 0.802263925139494
1.620000000000000 0.801396052554148
1.630000000000000 0.800471960802012
1.640000000000000 0.799492513029886
1.650000000000000 0.798458564330519
1.660000000000000 0.797370961680668
1.670000000000000 0.796230543886425
1.680000000000000 0.795038141535527
1.690000000000000 0.793794576956311
1.700000000000000 0.792500664183035
1.710000000000000 0.791099471799105
1.720000000000000 0.789649275967205
1.730000000000000 0.788150873158780
1.740000000000000 0.786605051360378
1.750000000000000 0.785012590067519
1.760000000000000 0.783374260283356
1.770000000000000 0.781690824521905
1.780000000000000 0.779963036815623
1.790000000000000 0.778191642727100
1.800000000000000 0.776377379364681
1.810000000000000 0.774558375224018
1.820000000000000 0.772698084662787
1.830000000000000 0.770797215324232
1.840000000000000 0.768856466560177
1.850000000000000 0.766876529462742
1.860000000000000 0.764858086898886
1.870000000000000 0.762801813547612
1.880000000000000 0.760708375939685
1.890000000000000 0.758578432499726
1.900000000000000 0.756412633590524
1.910000000000000 0.754311804247750
1.920000000000000 0.752176678555346
1.930000000000000 0.750007873060423
1.940000000000000 0.747805996602745
1.950000000000000 0.745571650366517
1.960000000000000 0.743305427933672
1.970000000000000 0.741007915338561
1.980000000000000 0.738679691123939
1.990000000000000 0.736321326398158
2.000000000000000 0.733933384893472
2.010000000000000 0.731654335946062
2.020000000000000 0.729347114511999
2.030000000000000 0.727012250614929
2.040000000000000 0.724650267339867
2.050000000000000 0.722261680893442
2.060000000000000 0.719847000664818
2.070000000000000 0.717406729287185
2.080000000000000 0.714941362699795
2.090000000000000 0.712451390210461
2.100000000000000 0.709937294558464
2.110000000000000 0.707557305039853
2.120000000000000 0.705154391482853
2.130000000000000 0.702729005355804
2.140000000000000 0.700281592012464
2.150000000000000 0.697812590753604
2.160000000000000 0.695322434888736
2.170000000000000 0.692811551797948
2.180000000000000 0.690280362993796
2.190000000000000 0.687729284183222
2.200000000000000 0.685158725329457
2.210000000000000 0.682734559008282
2.220000000000000 0.680291900816154
2.230000000000000 0.677831132895995
2.240000000000000 0.675352632080269
2.250000000000000 0.672856769949830
2.260000000000000 0.670343912892616
2.270000000000000 0.667814422162150
2.280000000000000 0.665268653935846
2.290000000000000 0.662706959373077
2.300000000000000 0.660129684673011
2.310000000000000 0.657702306023610
2.320000000000000 0.655260140449176
2.330000000000000 0.652803510046200
2.340000000000000 0.650332732344971
2.350000000000000 0.647848120363580
2.360000000000000 0.645349982661600
2.370000000000000 0.642838623393441
2.380000000000000 0.640314342361356
2.390000000000000 0.637777435068097
2.400000000000000 0.635228192769210
2.410000000000000 0.632826705305607
2.420000000000000 0.630413506188174
2.430000000000000 0.627988866146369
2.440000000000000 0.625553052010158
2.450000000000000 0.623106326758294
2.460000000000000 0.620648949566208
2.470000000000000 0.618181175853508
2.480000000000000 0.615703257331075
2.490000000000000 0.613215442047757
2.500000000000000 0.610717974436653
2.510000000000000 0.608362837959526
2.520000000000000 0.605998529745443
2.530000000000000 0.603625276936312
2.540000000000000 0.601243303359340
2.550000000000000 0.598852829569459
2.560000000000000 0.596454072891327
2.570000000000000 0.594047247460938
2.580000000000000 0.591632564266814
2.590000000000000 0.589210231190788
2.600000000000000 0.586780453048379
2.610000000000000 0.584485718687605
2.620000000000000 0.582183902533398
2.630000000000000 0.579875194939332
2.640000000000000 0.577559783450014
2.650000000000000 0.575237852837910
2.660000000000000 0.572909585139761
2.670000000000000 0.570575159692624
2.680000000000000 0.568234753169510
2.690000000000000 0.565888539614637
2.700000000000000 0.563536690478288
2.710000000000000 0.561311660169563
2.720000000000000 0.559081262644923
2.730000000000000 0.556845657316102
2.740000000000000 0.554605001219017
2.750000000000000 0.552359449045452
2.760000000000000 0.550109153174386
2.770000000000000 0.547854263702963
2.780000000000000 0.545594928477087
2.790000000000000 0.543331293121681
2.800000000000000 0.541063501070566
2.810000000000000 0.538913962265322
2.820000000000000 0.536760459253404
2.830000000000000 0.534603125478129
2.840000000000000 0.532442092375510
2.850000000000000 0.530277489401368
2.860000000000000 0.528109444058121
2.870000000000000 0.525938081921256
2.880000000000000 0.523763526665462
2.890000000000000 0.521585900090454
2.900000000000000 0.519405322146483
2.910000000000000 0.517334523531237
2.920000000000000 0.515260905906960
2.930000000000000 0.513184580947622
2.940000000000000 0.511105658632035
2.950000000000000 0.509024247266954
2.960000000000000 0.506940453509902
2.970000000000000 0.504854382391704
2.980000000000000 0.502766137338733
2.990000000000000 0.500675820194882
3.000000000000000 0.498583531243246
3.010000000000000 0.496592915740061
3.020000000000000 0.494600413450196
3.030000000000000 0.492606117806175
3.040000000000000 0.490610120809016
3.050000000000000 0.488612513047867
3.060000000000000 0.486613383719399
3.070000000000000 0.484612820646943
3.080000000000000 0.482610910299377
3.090000000000000 0.480607737809779
3.100000000000000 0.478603386993818
3.110000000000000 0.476693093350613
3.120000000000000 0.474781669363418
3.130000000000000 0.472869193179175
3.140000000000000 0.470955741735634
3.150000000000000 0.469041390778019
3.160000000000000 0.467126214875471
3.170000000000000 0.465210287437276
3.180000000000000 0.463293680728883
3.190000000000000 0.461376465887701
3.200000000000000 0.459458712938699
3.210000000000000 0.457627849571161
3.220000000000000 0.455796467408195
3.230000000000000 0.453964631785561
3.240000000000000 0.452132407017089
3.250000000000000 0.450299856408799
3.260000000000000 0.448467042272842
3.270000000000000 0.446634025941238
3.280000000000000 0.444800867779451
3.290000000000000 0.442967627199766
3.300000000000000 0.441134362674496
3.310000000000000 0.439381324510031
3.320000000000000 0.437628259706707
3.330000000000000 0.435875222858059
3.340000000000000 0.434122267693356
3.350000000000000 0.432369447089567
3.360000000000000 0.430616813083162
3.370000000000000 0.428864416881753
3.380000000000000 0.427112308875584
3.390000000000000 0.425360538648861
3.400000000000000 0.423609154990935
3.410000000000000 0.421931911498863
3.420000000000000 0.420255035068590
3.430000000000000 0.418578571280032
3.440000000000000 0.416902564981615
3.450000000000000 0.415227060300412
3.460000000000000 0.413552100652133
3.470000000000000 0.411877728750991
3.480000000000000 0.410203986619425
3.490000000000000 0.408530915597700
3.500000000000000 0.406858556353371
3.510000000000000 0.405254750159661
3.520000000000000 0.403651623599731
3.530000000000000 0.402049214685343
3.540000000000000 0.400447560808630
3.550000000000000 0.398846698750680
3.560000000000000 0.397246664690008
3.570000000000000 0.395647494210904
3.580000000000000 0.394049222311682
3.590000000000000 0.392451883412801
3.600000000000000 0.390855511364888
3.610000000000000 0.389322525398062
3.620000000000000 0.387790464892215
3.630000000000000 0.386259361500800
3.640000000000000 0.384729246351930
3.650000000000000 0.383200150055659
3.660000000000000 0.381672102711156
3.670000000000000 0.380145133913792
3.680000000000000 0.378619272762120
3.690000000000000 0.377094547864767
3.700000000000000 0.375570987347234
3.710000000000000 0.374106078119792
3.720000000000000 0.372642285259277
3.730000000000000 0.371179635073793
3.740000000000000 0.369718153425654
3.750000000000000 0.368257865737552
3.760000000000000 0.366798796998650
3.770000000000000 0.365340971770590
3.780000000000000 0.363884414193416
3.790000000000000 0.362429147991423
3.800000000000000 0.360975196478920
3.810000000000000 0.359575608995474
3.820000000000000 0.358177283540754
3.830000000000000 0.356780241926142
3.840000000000000 0.355384505584404
3.850000000000000 0.353990095574938
3.860000000000000 0.352597032588939
3.870000000000000 0.351205336954503
3.880000000000000 0.349815028641657
3.890000000000000 0.348426127267321
3.900000000000000 0.347038652100205
3.910000000000000 0.345701566642358
3.920000000000000 0.344365851797776
3.930000000000000 0.343031525593420
3.940000000000000 0.341698605734423
3.950000000000000 0.340367109608550
3.960000000000000 0.339037054290587
3.970000000000000 0.337708456546679
3.980000000000000 0.336381332838607
3.990000000000000 0.335055699328003
4.000000000000000 0.333731571880513
4.010000000000000 0.332454289445506
4.020000000000000 0.331178455626330
4.030000000000000 0.329904085263367
4.040000000000000 0.328631192923239
4.050000000000000 0.327359792902605
4.060000000000000 0.326089899231894
4.070000000000000 0.324821525678993
4.080000000000000 0.323554685752887
4.090000000000000 0.322289392707250
4.100000000000000 0.321025659543978
4.110000000000000 0.319805333735823
4.120000000000000 0.318586509876305
4.130000000000000 0.317369200122602
4.140000000000000 0.316153416398843
4.150000000000000 0.314939170399344
4.160000000000000 0.313726473591783
4.170000000000000 0.312515337220349
4.180000000000000 0.311305772308835
4.190000000000000 0.310097789663696
4.200000000000000 0.308891399877066
4.210000000000000 0.307725434424984
4.220000000000000 0.306561003817734
4.230000000000000 0.305398117952374
4.240000000000000 0.304236786527461
4.250000000000000 0.303077019045793
4.260000000000000 0.301918824817131
4.270000000000000 0.300762212960873
4.280000000000000 0.299607192408701
4.290000000000000 0.298453771907179
4.300000000000000 0.297301960020334
4.310000000000000 0.296187762201368
4.320000000000000 0.295075115638313
4.330000000000000 0.293964028324826
4.340000000000000 0.292854508085386
4.350000000000000 0.291746562577645
4.360000000000000 0.290640199294743
4.370000000000000 0.289535425567597
4.380000000000000 0.288432248567151
4.390000000000000 0.287330675306607
4.400000000000000 0.286230712643616
4.410000000000000 0.285165796251435
4.420000000000000 0.284102434159933
4.430000000000000 0.283040632760197
4.440000000000000 0.281980398299070
4.450000000000000 0.280921736881163
4.460000000000000 0.279864654470828
4.470000000000000 0.278809156894117
4.480000000000000 0.277755249840706
4.490000000000000 0.276702938865798
4.500000000000000 0.275652229392000
4.510000000000000 0.274634215962083
4.520000000000000 0.273617749099103
4.530000000000000 0.272602833845565
4.540000000000000 0.271589475120950
4.550000000000000 0.270577677723441
4.560000000000000 0.269567446331608
4.570000000000000 0.268558785506083
4.580000000000000 0.267551699691209
4.590000000000000 0.266546193216666
4.600000000000000 0.265542270299080
4.610000000000000 0.264568870090536
4.620000000000000 0.263597000123953
4.630000000000000 0.262626664307888
4.640000000000000 0.261657866445958
4.650000000000000 0.260690610238313
4.660000000000000 0.259724899283084
4.670000000000000 0.258760737077817
4.680000000000000 0.257798127020882
4.690000000000000 0.256837072412871
4.700000000000000 0.255877576457968
4.710000000000000 0.254946601764600
4.720000000000000 0.254017134188712
4.730000000000000 0.253089176686432
4.740000000000000 0.252162732124373
4.750000000000000 0.251237803280890
4.760000000000000 0.250314392847327
4.770000000000000 0.249392503429240
4.780000000000000 0.248472137547611
4.790000000000000 0.247553297640041
4.800000000000000 0.246635986061935
4.810000000000000 0.245745346648114
4.820000000000000 0.244856185920365
4.830000000000000 0.243968506036010
4.840000000000000 0.243082309076021
4.850000000000000 0.242197597046099
4.860000000000000 0.241314371877745
4.870000000000000 0.240432635429306
4.880000000000000 0.239552389487026
4.890000000000000 0.238673635766059
4.900000000000000 0.237796375911491
4.910000000000000 0.236944079617850
4.920000000000000 0.236093229503906
4.930000000000000 0.235243827058263
4.940000000000000 0.234395873704425
4.950000000000000 0.233549370801722
4.960000000000000 0.232704319646229
4.970000000000000 0.231860721471673
4.980000000000000 0.231018577450322
4.990000000000000 0.230177888693866
5.000000000000000 0.229338656254292
5.010000000000000 0.228522803853074
5.020000000000000 0.227708362074966
5.030000000000000 0.226895331850062
5.040000000000000 0.226083714052966
5.050000000000000 0.225273509503628
5.060000000000000 0.224464718968077
5.070000000000000 0.223657343159240
5.080000000000000 0.222851382737693
5.090000000000000 0.222046838312427
5.100000000000000 0.221243710441591
5.110000000000000 0.220462495840309
5.120000000000000 0.219682654095683
5.130000000000000 0.218904185672693
5.140000000000000 0.218127090989077
5.150000000000000 0.217351370416014
5.160000000000000 0.216577024278805
5.170000000000000 0.215804052857539
5.180000000000000 0.215032456387761
5.190000000000000 0.214262235061117
5.200000000000000 0.213493389026002
5.210000000000000 0.212745101736759
5.220000000000000 0.211998148007317
5.230000000000000 0.211252527916737
5.240000000000000 0.210508241503889
5.250000000000000 0.209765288768046
5.260000000000000 0.209023669669461
5.270000000000000 0.208283384129954
5.280000000000000 0.207544432033472
5.290000000000000 0.206806813226659
5.300000000000000 0.206070527519406
5.310000000000000 0.205353544938998
5.320000000000000 0.204637855655875
5.330000000000000 0.203923459430326
5.340000000000000 0.203210355988491
5.350000000000000 0.202498545022875
5.360000000000000 0.201788026192851
5.370000000000000 0.201078799125158
5.380000000000000 0.200370863414392
5.390000000000000 0.199664218623488
5.400000000000000 0.198958864284202
5.410000000000000 0.198271645082342
5.420000000000000 0.197585678417517
5.430000000000000 0.196900963788158
5.440000000000000 0.196217500663736
5.450000000000000 0.195535288485199
5.460000000000000 0.194854326665408
5.470000000000000 0.194174614589568
5.480000000000000 0.193496151615646
5.490000000000000 0.192818937074797
5.500000000000000 0.192142970271770
5.510000000000000 0.191484058413736
5.520000000000000 0.190826358199547
5.530000000000000 0.190169868914042
5.540000000000000 0.189514589817548
5.550000000000000 0.188860520146256
5.560000000000000 0.188207659112599
5.570000000000000 0.187556005905623
5.580000000000000 0.186905559691350
5.590000000000000 0.186256319613140
5.600000000000000 0.185608284792049
5.610000000000000 0.184976291101623
5.620000000000000 0.184345468353911
5.630000000000000 0.183715815661021
5.640000000000000 0.183087332114362
5.650000000000000 0.182460016784977
5.660000000000000 0.181833868723864
5.670000000000000 0.181208886962297
5.680000000000000 0.180585070512141
5.690000000000000 0.179962418366164
5.700000000000000 0.179340929498347
5.710000000000000 0.178734541469331
5.720000000000000 0.178129284109462
5.730000000000000 0.177525156392718
5.740000000000000 0.176922157275660
5.750000000000000 0.176320285697710
5.760000000000000 0.175719540581437
5.770000000000000 0.175119920832830
5.780000000000000 0.174521425341571
5.790000000000000 0.173924052981307
5.800000000000000 0.173327802609914
5.810000000000000 0.172745797289821
5.820000000000000 0.172164882942209
5.830000000000000 0.171585058432284
5.840000000000000 0.171006322610644
5.850000000000000 0.170428674313530
5.860000000000000 0.169852112363061
5.870000000000000 0.169276635567481
5.880000000000000 0.168702242721389
5.890000000000000 0.168128932605974
5.900000000000000 0.167556703989247
5.910000000000000 0.166997872826304
5.920000000000000 0.166440093780115
5.930000000000000 0.165883365631721
5.940000000000000 0.165327687149971
5.950000000000000 0.164773057091737
5.960000000000000 0.164219474202125
5.970000000000000 0.163666937214678
5.980000000000000 0.163115444851581
5.990000000000000 0.162564995823868
6.000000000000000 0.162015588831612
6.010000000000000 0.161478837154200
6.020000000000000 0.160943099583750
6.030000000000000 0.160408374838085
6.040000000000000 0.159874661624912
6.050000000000000 0.159341958642007
6.060000000000000 0.158810264577395
6.070000000000000 0.158279578109530
6.080000000000000 0.157749897907472
6.090000000000000 0.157221222631059
6.100000000000000 0.156693550931082
6.110000000000000 0.156177819622020
6.120000000000000 0.155663065395674
6.130000000000000 0.155149286924209
6.140000000000000 0.154636482871454
6.150000000000000 0.154124651893062
6.160000000000000 0.153613792636667
6.170000000000000 0.153103903742040
6.180000000000000 0.152594983841239
6.190000000000000 0.152087031558762
6.200000000000000 0.151580045511697
6.210000000000000 0.151084334894071
6.220000000000000 0.150589565377384
6.230000000000000 0.150095735602905
6.240000000000000 0.149602844205094
6.250000000000000 0.149110889811745
6.260000000000000 0.148619871044116
6.270000000000000 0.148129786517063
6.280000000000000 0.147640634839177
6.290000000000000 0.147152414612912
6.300000000000000 0.146665124434711
6.310000000000000 0.146188494556001
6.320000000000000 0.145712770869005
6.330000000000000 0.145237951996497
6.340000000000000 0.144764036555753
6.350000000000000 0.144291023158670
6.360000000000000 0.143818910411883
6.370000000000000 0.143347696916885
6.380000000000000 0.142877381270134
6.390000000000000 0.142407962063173
6.400000000000000 0.141939437882740
6.410000000000000 0.141480993337410
6.420000000000000 0.141023421187575
6.430000000000000 0.140566720047846
6.440000000000000 0.140110888528457
6.450000000000000 0.139655925235374
6.460000000000000 0.139201828770386
6.470000000000000 0.138748597731217
6.480000000000000 0.138296230711617
6.490000000000000 0.137844726301462
6.500000000000000 0.137394083086851
6.510000000000000 0.136952971425350
6.520000000000000 0.136512699500671
6.530000000000000 0.136073265927837
6.540000000000000 0.135634669318455
6.550000000000000 0.135196908280805
6.560000000000000 0.134759981419929
6.570000000000000 0.134323887337720
6.580000000000000 0.133888624633002
6.590000000000000 0.133454191901620
6.600000000000000 0.133020587736520
6.610000000000000 0.132596003331332
6.620000000000000 0.132172227141548
6.630000000000000 0.131749257789699
6.640000000000000 0.131327093895721
6.650000000000000 0.130905734077034
6.660000000000000 0.130485176948616
6.670000000000000 0.130065421123080
6.680000000000000 0.129646465210745
6.690000000000000 0.129228307819712
6.700000000000000 0.128810947555936
6.710000000000000 0.128402127787081
6.720000000000000 0.127994085843227
6.730000000000000 0.127586820360252
6.740000000000000 0.127180329972139
6.750000000000000 0.126774613311045
6.760000000000000 0.126369669007365
6.770000000000000 0.125965495689798
6.780000000000000 0.125562091985409
6.790000000000000 0.125159456519694
6.800000000000000 0.124757587916644
6.810000000000000 0.124363809411597
6.820000000000000 0.123970779461832
6.830000000000000 0.123578496721332
6.840000000000000 0.123186959842781
6.850000000000000 0.122796167477625
6.860000000000000 0.122406118276126
6.870000000000000 0.122016810887420
6.880000000000000 0.121628243959570
6.890000000000000 0.121240416139625
6.900000000000000 0.120853326073666
6.910000000000000 0.120473899129498
6.920000000000000 0.120095192582653
6.930000000000000 0.119717205109042
6.940000000000000 0.119339935383782
6.950000000000000 0.118963382081256
6.960000000000000 0.118587543875149
6.970000000000000 0.118212419438506
6.980000000000000 0.117838007443777
6.990000000000000 0.117464306562862
7.000000000000000 0.117091315467157
7.010000000000000 0.116725589448393
7.020000000000000 0.116360556751455
7.030000000000000 0.115996216077242
7.040000000000000 0.115632566126291
7.050000000000000 0.115269605598824
7.060000000000000 0.114907333194785
7.070000000000000 0.114545747613885
7.080000000000000 0.114184847555640
7.090000000000000 0.113824631719417
7.100000000000000 0.113465098804467
7.110000000000000 0.113112451822145
7.120000000000000 0.112760472153431
7.130000000000000 0.112409158526591
7.140000000000000 0.112058509669889
7.150000000000000 0.111708524311631
7.160000000000000 0.111359201180198
7.170000000000000 0.111010539004082
7.180000000000000 0.110662536511922
7.190000000000000 0.110315192432536
7.200000000000000 0.109968505494960
7.210000000000000 0.109628354335021
7.220000000000000 0.109288845505166
7.230000000000000 0.108949977762871
7.240000000000000 0.108611749865924
7.250000000000000 0.108274160572449
7.260000000000000 0.107937208640942
7.270000000000000 0.107600892830298
7.280000000000000 0.107265211899846
7.290000000000000 0.106930164609374
7.300000000000000 0.106595749719160
7.310000000000000 0.106267535585894
7.320000000000000 0.105939939805528
7.330000000000000 0.105612961166103
7.340000000000000 0.105286598456225
7.350000000000000 0.104960850465088
7.360000000000000 0.104635715982506
7.370000000000000 0.104311193798931
7.380000000000000 0.103987282705490
7.390000000000000 0.103663981494000
7.400000000000000 0.103341288957000
7.410000000000000 0.103024479429519
7.420000000000000 0.102708265256733
7.430000000000000 0.102392645258185
7.440000000000000 0.102077618254198
7.450000000000000 0.101763183065892
7.460000000000000 0.101449338515209
7.470000000000000 0.101136083424936
7.480000000000000 0.100823416618725
7.490000000000000 0.100511336921115
7.500000000000000 0.100199843157556
7.510000000000000 0.099893941268428
7.520000000000000 0.099588612664550
7.530000000000000 0.099283856197619
7.540000000000000 0.098979670720278
7.550000000000000 0.098676055086144
7.560000000000000 0.098373008149825
7.570000000000000 0.098070528766938
7.580000000000000 0.097768615794126
7.590000000000000 0.097467268089081
7.600000000000000 0.097166484510559
7.610000000000000 0.096871008559086
7.620000000000000 0.096576084740100
7.630000000000000 0.096281711937760
7.640000000000000 0.095987889037319
7.650000000000000 0.095694614925141
7.660000000000000 0.095401888488720
7.670000000000000 0.095109708616695
7.680000000000000 0.094818074198862
7.690000000000000 0.094526984126195
7.700000000000000 0.094236437290861
7.710000000000000 0.093950935750072
7.720000000000000 0.093665966059890
7.730000000000000 0.093381527137048
7.740000000000000 0.093097617899486
7.750000000000000 0.092814237266374
7.760000000000000 0.092531384158119
7.770000000000000 0.092249057496381
7.780000000000000 0.091967256204087
7.790000000000000 0.091685979205444
7.800000000000000 0.091405225425951
7.810000000000000 0.091129262477455
7.820000000000000 0.090853811949771
7.830000000000000 0.090578872792085
7.840000000000000 0.090304443954885
7.850000000000000 0.090030524389978
7.860000000000000 0.089757113050496
7.870000000000000 0.089484208890912
7.880000000000000 0.089211810867049
7.890000000000000 0.088939917936091
7.900000000000000 0.088668529056594
7.910000000000000 0.088401695407971
7.920000000000000 0.088135355559415
7.930000000000000 0.087869508492308
7.940000000000000 0.087604153189412
7.950000000000000 0.087339288634871
7.960000000000000 0.087074913814229
7.970000000000000 0.086811027714434
7.980000000000000 0.086547629323850
7.990000000000000 0.086284717632264
8.000000000000000 0.086022291630899
8.010000000000000 0.085764196136840
8.020000000000000 0.085506576603278
8.029999999999999 0.085249432043393
8.039999999999999 0.084992761471800
8.050000000000001 0.084736563904553
8.060000000000000 0.084480838359155
8.070000000000000 0.084225583854562
8.080000000000000 0.083970799411197
8.090000000000000 0.083716484050953
8.100000000000000 0.083462636797201
8.109999999999999 0.083212905720604
8.119999999999999 0.082963633518071
8.130000000000001 0.082714819234069
8.140000000000001 0.082466461914536
8.150000000000000 0.082218560606892
8.160000000000000 0.081971114360039
8.170000000000000 0.081724122224373
8.180000000000000 0.081477583251789
8.190000000000000 0.081231496495685
8.199999999999999 0.080985861010969
8.210000000000001 0.080744136324212
8.220000000000001 0.080502854152183
8.230000000000000 0.080262013570023
8.240000000000000 0.080021613654373
8.250000000000000 0.079781653483379
8.260000000000000 0.079542132136698
8.270000000000000 0.079303048695502
8.279999999999999 0.079064402242487
8.289999999999999 0.078826191861870
8.300000000000001 0.078588416639404
8.310000000000000 0.078354359410679
8.320000000000000 0.078120729030517
8.330000000000000 0.077887524604064
8.340000000000000 0.077654745237980
8.350000000000000 0.077422390040447
8.359999999999999 0.077190458121175
8.369999999999999 0.076958948591401
8.380000000000001 0.076727860563896
8.390000000000001 0.076497193152970
8.400000000000000 0.076266945474471
8.410000000000000 0.076040234293226
8.420000000000000 0.075813934955866
8.430000000000000 0.075588046596821
8.440000000000000 0.075362568352046
8.449999999999999 0.075137499359026
8.460000000000001 0.074912838756775
8.470000000000001 0.074688585685845
8.480000000000000 0.074464739288322
8.490000000000000 0.074241298707834
8.500000000000000 0.074018263089553
8.510000000000000 0.073798591413513
8.520000000000000 0.073579317210939
8.529999999999999 0.073360439644790
8.539999999999999 0.073141957879550
8.550000000000001 0.072923871081230
8.560000000000000 0.072706178417371
8.570000000000000 0.072488879057046
8.580000000000000 0.072271972170862
8.590000000000000 0.072055456930963
8.600000000000000 0.071839332511032
8.609999999999999 0.071626399282636
8.619999999999999 0.071413849781913
8.630000000000001 0.071201683199521
8.640000000000001 0.070989898727638
8.650000000000000 0.070778495559962
8.660000000000000 0.070567472891712
8.670000000000000 0.070356829919634
8.680000000000000 0.070146565841995
8.690000000000000 0.069936679858592
8.699999999999999 0.069727171170748
8.710000000000001 0.069520701347531
8.720000000000001 0.069314602080623
8.730000000000000 0.069108872587591
8.740000000000000 0.068903512087510
8.750000000000000 0.068698519800962
8.760000000000000 0.068493894950036
8.770000000000000 0.068289636758336
8.779999999999999 0.068085744450971
8.789999999999999 0.067882217254567
8.800000000000001 0.067679054397260
8.810000000000000 0.067478775693357
8.820000000000000 0.067278854943396
8.830000000000000 0.067079291391006
8.840000000000000 0.066880084281302
8.850000000000000 0.066681232860893
8.859999999999999 0.066482736377880
8.869999999999999 0.066284594080493
8.880000000000001 0.066086805222550
8.890000000000001 0.065889369055258
8.900000000000000 0.065692284834018
8.910000000000000 0.065497942566096
8.920000000000000 0.065303946184195
8.930000000000000 0.065110294957172
8.940000000000000 0.064916988155354
8.949999999999999 0.064724025050537
8.960000000000001 0.064531404915991
8.970000000000001 0.064339127026454
8.980000000000000 0.064147190658136
8.990000000000000 0.063955595088718
9.000000000000000 0.063764339597352
9.010000000000000 0.063575687159065
9.020000000000000 0.063387369056817
9.029999999999999 0.063199384583851
9.039999999999999 0.063011733034854
9.050000000000001 0.062824413705963
9.060000000000000 0.062637425894760
9.070000000000000 0.062450768900276
9.080000000000000 0.062264442022986
9.090000000000000 0.062078444564813
9.100000000000000 0.061892775829122
9.109999999999999 0.061709577427808
9.119999999999999 0.061526702308470
9.130000000000001 0.061344149787892
9.140000000000001 0.061161919184284
9.150000000000000 0.060980009817275
9.160000000000000 0.060798421007914
9.170000000000000 0.060617152078674
9.180000000000000 0.060436202353443
9.190000000000000 0.060255571157532
9.199999999999999 0.060075257817667
9.210000000000001 0.059897286737221
9.220000000000001 0.059719628361683
9.230000000000000 0.059542282030548
9.240000000000000 0.059365247084703
9.250000000000000 0.059188522866432
9.260000000000000 0.059012108719410
9.270000000000000 0.058836003988705
9.279999999999999 0.058660208020777
9.289999999999999 0.058484720163474
9.300000000000001 0.058309539766035
9.310000000000000 0.058136578604844
9.320000000000000 0.057963920028964
9.330000000000000 0.057791563399772
9.340000000000000 0.057619508080008
9.350000000000000 0.057447753433780
9.359999999999999 0.057276298826557
9.369999999999999 0.057105143625173
9.380000000000001 0.056934287197822
9.390000000000001 0.056763728914058
9.400000000000000 0.056593468144797
9.410000000000000 0.056425311009184
9.420000000000000 0.056257446773058
9.430000000000000 0.056089874818870
9.440000000000000 0.055922594530413
9.449999999999999 0.055755605292811
9.460000000000001 0.055588906492522
9.470000000000001 0.055422497517339
9.480000000000000 0.055256377756382
9.490000000000000 0.055090546600104
9.500000000000000 0.054925003440285
9.510000000000000 0.054761453217567
9.520000000000000 0.054598186623662
9.529999999999999 0.054435203061316
9.539999999999999 0.054272501934580
9.550000000000001 0.054110082648811
9.560000000000000 0.053947944610667
9.570000000000000 0.053786087228108
9.580000000000000 0.053624509910393
9.590000000000000 0.053463212068082
9.600000000000000 0.053302193113026
9.609999999999999 0.053143053102004
9.619999999999999 0.052984187861038
9.630000000000001 0.052825596812368
9.640000000000001 0.052667279379505
9.650000000000000 0.052509234987235
9.660000000000000 0.052351463061613
9.670000000000000 0.052193963029967
9.680000000000000 0.052036734320891
9.690000000000000 0.051879776364246
9.699999999999999 0.051723088591158
9.710000000000001 0.051568180366586
9.720000000000001 0.051413538429024
9.730000000000000 0.051259162219463
9.740000000000000 0.051105051180135
9.750000000000000 0.050951204754516
9.760000000000000 0.050797622387319
9.770000000000000 0.050644303524499
9.779999999999999 0.050491247613243
9.789999999999999 0.050338454101977
9.800000000000001 0.050185922440356
9.810000000000000 0.050035066078603
9.820000000000000 0.049884467896703
9.830000000000000 0.049734127353642
9.840000000000000 0.049584043909620
9.850000000000000 0.049434217026046
9.859999999999999 0.049284646165537
9.869999999999999 0.049135330791918
9.880000000000001 0.048986270370217
9.890000000000001 0.048837464366668
9.900000000000000 0.048688912248702
9.910000000000000 0.048541938951852
9.920000000000000 0.048395216080632
9.930000000000000 0.048248743111308
9.940000000000000 0.048102519521329
9.949999999999999 0.047956544789318
9.960000000000001 0.047810818395081
9.970000000000001 0.047665339819594
9.980000000000000 0.047520108545010
9.990000000000000 0.047375124054652
10.000000000000000 0.047230385833012
