0.000000000000000 0.000000000000000
0.010000000000000 0.000236110170101
0.020000000000000 0.000942548861918
0.030000000000000 0.002116244218908
0.040000000000000 0.003753820878398
0.050000000000000 0.005851610974893
0.060000000000000 0.008405665322551
0.070000000000000 0.011411764746424
0.080000000000000 0.014865431532602
0.090000000000000 0.018761940968052
0.100000000000000 0.023096332941631
0.110000000000000 0.027847516356900
0.120000000000000 0.033020293535455
0.130000000000000 0.038608454337929
0.140000000000000 0.044605626956079
0.150000000000000 0.051005289130258
0.160000000000000 0.057800779248729
0.170000000000000 0.064985307308890
0.180000000000000 0.072551965721734
0.190000000000000 0.080493739942047
0.200000000000000 0.088803518908131
0.210000000000000 0.097386122962803
0.220000000000000 0.106306941439687
0.230000000000000 0.115557937260044
0.240000000000000 0.125131056652447
0.250000000000000 0.135018237648669
0.260000000000000 0.145211418293182
0.270000000000000 0.155702544560907
0.280000000000000 0.166483577978964
0.290000000000000 0.177546502949149
0.300000000000000 0.188883333768865
0.310000000000000 0.200234454038406
0.320000000000000 0.211815977665453
0.330000000000000 0.223619443123973
0.340000000000000 0.235636492133424
0.350000000000000 0.247858873841884
0.360000000000000 0.260278448704730
0.370000000000000 0.272887192064843
0.380000000000000 0.285677197440783
0.390000000000000 0.298640679529829
0.400000000000000 0.311769976933115
0.410000000000000 0.324525086487505
0.420000000000000 0.337390013897836
0.430000000000000 0.350357110292890
0.440000000000000 0.363418909390724
0.450000000000000 0.376568127200628
0.460000000000000 0.389797661512169
0.470000000000000 0.403100591182197
0.480000000000000 0.416470175230603
0.490000000000000 0.429899851755489
0.500000000000000 0.443383236678257
0.510000000000000 0.456097725418376
0.520000000000000 0.468806925119174
0.530000000000000 0.481504930988661
0.540000000000000 0.494186050256821
0.550000000000000 0.506844798503767
0.560000000000000 0.519475895909161
0.570000000000000 0.532074263432851
0.580000000000000 0.544635018936254
0.590000000000000 0.557153473253628
0.600000000000000 0.569625126221921
0.610000000000000 0.580881480949288
0.620000000000000 0.592031322719570
0.630000000000000 0.603070933751247
0.640000000000000 0.613996800202445
0.650000000000000 0.624805606534714
0.660000000000000 0.635494229921001
0.670000000000000 0.646059734703865
0.680000000000000 0.656499366909539
0.690000000000000 0.666810548823030
0.700000000000000 0.676990873628976
0.710000000000000 0.685756553318748
0.720000000000000 0.694342672061585
0.730000000000000 0.702747695716293
0.740000000000000 0.710970258187159
0.750000000000000 0.719009155337268
0.760000000000000 0.726863339024296
0.770000000000000 0.734531911260512
0.780000000000000 0.742014118498470
0.790000000000000 0.749309346043497
0.800000000000000 0.756417112593801
0.810000000000000 0.762007074154947
0.820000000000000 0.767372192659491
0.830000000000000 0.772512797295657
0.840000000000000 0.777429338959726
0.850000000000000 0.782122384701269
0.860000000000000 0.786592612323553
0.870000000000000 0.790840805137712
0.880000000000000 0.794867846869153
0.890000000000000 0.798674716714427
0.900000000000000 0.802262484546730
0.910000000000000 0.804602754299899
0.920000000000000 0.806703302914868
0.930000000000000 0.808565779759142
0.940000000000000 0.810191909723027
0.950000000000000 0.811583488778126
0.960000000000000 0.812742379686223
0.970000000000000 0.813670507855549
0.980000000000000 0.814369857341414
0.990000000000000 0.814842466988087
1.000000000000000 0.815090426708842
1.010000000000000 0.814484119178742
1.020000000000000 0.813645983034403
1.030000000000000 0.812578431877287
1.040000000000000 0.811283916901247
1.050000000000000 0.809764923681487
1.060000000000000 0.808023969089310
1.070000000000000 0.806063598329287
1.080000000000000 0.803886382095524
1.090000000000000 0.801494913843722
1.100000000000000 0.798891807175759
1.110000000000000 0.795919921764016
1.120000000000000 0.792739295479804
1.130000000000000 0.789352631707342
1.140000000000000 0.785762644388530
1.150000000000000 0.781972055902437
1.160000000000000 0.777983595039707
1.170000000000000 0.773799995068892
1.180000000000000 0.769423991891774
1.190000000000000 0.764858322284791
1.200000000000000 0.760105722223741
1.210000000000000 0.755483767017365
1.220000000000000 0.750684196345896
1.230000000000000 0.745709657069679
1.240000000000000 0.740562789909496
1.250000000000000 0.735246228169216
1.260000000000000 0.729762596524537
1.270000000000000 0.724114509875473
1.280000000000000 0.718304572260328
1.290000000000000 0.712335375828902
1.300000000000000 0.706209499872784
1.310000000000000 0.700568058129708
1.320000000000000 0.694781476904076
1.330000000000000 0.688852152457440
1.340000000000000 0.682782466219386
1.350000000000000 0.676574784094088
1.360000000000000 0.670231455810152
1.370000000000000 0.663754814312067
1.380000000000000 0.657147175191625
1.390000000000000 0.650410836157738
1.400000000000000 0.643548076543094
1.410000000000000 0.637433763846481
1.420000000000000 0.631204746339967
1.430000000000000 0.624863078045364
1.440000000000000 0.618410794921400
1.450000000000000 0.611849914542728
1.460000000000000 0.605182435805788
1.470000000000000 0.598410338660372
1.480000000000000 0.591535583865810
1.490000000000000 0.584560112770689
1.500000000000000 0.577485847115093
1.510000000000000 0.571294252477201
1.520000000000000 0.565014285306678
1.530000000000000 0.558647642368988
1.540000000000000 0.552196002371988
1.550000000000000 0.545661025863751
1.560000000000000 0.539044355146209
1.570000000000000 0.532347614203895
1.580000000000000 0.525572408647077
1.590000000000000 0.518720325668594
1.600000000000000 0.511792934013734
1.610000000000000 0.505792825516548
1.620000000000000 0.499726023787472
1.630000000000000 0.493593894249921
1.640000000000000 0.487397785940050
1.650000000000000 0.481139031521915
1.660000000000000 0.474818947311483
1.670000000000000 0.468438833309020
1.680000000000000 0.461999973239426
1.690000000000000 0.455503634600082
1.700000000000000 0.448951068715811
1.710000000000000 0.443314354051115
1.720000000000000 0.437628210342064
1.730000000000000 0.431893715214146
1.740000000000000 0.426111932254275
1.750000000000000 0.420283911080947
1.760000000000000 0.414410687419001
1.770000000000000 0.408493283178703
1.780000000000000 0.402532706538886
1.790000000000000 0.396529952033884
1.800000000000000 0.390486000644037
1.810000000000000 0.385303445287409
1.820000000000000 0.380084843195974
1.830000000000000 0.374831033231681
1.840000000000000 0.369542842663642
1.850000000000000 0.364221087257557
1.860000000000000 0.358866571367281
1.870000000000000 0.353480088028362
1.880000000000000 0.348062419053394
1.890000000000000 0.342614335129048
1.900000000000000 0.337136595914624
1.910000000000000 0.332449832033966
1.920000000000000 0.327737210558692
1.930000000000000 0.322999377515805
1.940000000000000 0.318236969600790
1.950000000000000 0.313450614267316
1.960000000000000 0.308640929817710
1.970000000000000 0.303808525494113
1.980000000000000 0.298954001570236
1.990000000000000 0.294077949443615
2.000000000000000 0.289180951728298
2.010000000000000 0.284995217536024
2.020000000000000 0.280791261718181
2.030000000000000 0.276569577755098
2.040000000000000 0.272330651750372
2.050000000000000 0.268074962511884
2.060000000000000 0.263802981632880
2.070000000000000 0.259515173573068
2.080000000000000 0.255211995739687
2.090000000000000 0.250893898568491
2.100000000000000 0.246561325604620
2.110000000000000 0.242861019791654
2.120000000000000 0.239148141856244
2.130000000000000 0.235423066212341
2.140000000000000 0.231686161520989
2.150000000000000 0.227937790759317
2.160000000000000 0.224178311289258
2.170000000000000 0.220408074925986
2.180000000000000 0.216627428006027
2.190000000000000 0.212836711455044
2.200000000000000 0.209036260855247
2.210000000000000 0.205792434974919
2.220000000000000 0.202540164074543
2.230000000000000 0.199279730614751
2.240000000000000 0.196011412615838
2.250000000000000 0.192735483714357
2.260000000000000 0.189452213219327
2.270000000000000 0.186161866168042
2.280000000000000 0.182864703381470
2.290000000000000 0.179560981519216
2.300000000000000 0.176250953134071
2.310000000000000 0.173427834939419
2.320000000000000 0.170599247913080
2.330000000000000 0.167765404052423
2.340000000000000 0.164926511955732
2.350000000000000 0.162082776867468
2.360000000000000 0.159234400723125
2.370000000000000 0.156381582193678
2.380000000000000 0.153524516729609
2.390000000000000 0.150663396604526
2.400000000000000 0.147798410958351
2.410000000000000 0.145357662601522
2.420000000000000 0.142913560699670
2.430000000000000 0.140466263571428
2.440000000000000 0.138015926951470
2.450000000000000 0.135562704026038
2.460000000000000 0.133106745468090
2.470000000000000 0.130648199472084
2.480000000000000 0.128187211788390
2.490000000000000 0.125723925757319
2.500000000000000 0.123258482342795
2.510000000000000 0.121160878204614
2.520000000000000 0.119061397436951
2.530000000000000 0.116960157699545
2.540000000000000 0.114857274699363
2.550000000000000 0.112752862218089
2.560000000000000 0.110647032139290
2.570000000000000 0.108539894475284
2.580000000000000 0.106431557393670
2.590000000000000 0.104322127243570
2.600000000000000 0.102211708581536
2.610000000000000 0.100419707904321
2.620000000000000 0.098626838806786
2.630000000000000 0.096833188275229
2.640000000000000 0.095038841828331
2.650000000000000 0.093243883538178
2.660000000000000 0.091448396051032
2.670000000000000 0.089652460607844
2.680000000000000 0.087856157064511
2.690000000000000 0.086059563911875
2.700000000000000 0.084262758295477
2.710000000000000 0.082739972140390
2.720000000000000 0.081216985226297
2.730000000000000 0.079693861531438
2.740000000000000 0.078170663936317
2.750000000000000 0.076647454239640
2.760000000000000 0.075124293174046
2.770000000000000 0.073601240421640
2.780000000000000 0.072078354629317
2.790000000000000 0.070555693423893
2.800000000000000 0.069033313427025
2.810000000000000 0.067746936041871
2.820000000000000 0.066460780685140
2.830000000000000 0.065174894125266
2.840000000000000 0.063889322313858
2.850000000000000 0.062604110397675
2.860000000000000 0.061319302730444
2.870000000000000 0.060034942884529
2.880000000000000 0.058751073662429
2.890000000000000 0.057467737108130
2.900000000000000 0.056184974518304
2.910000000000000 0.055104588984290
2.920000000000000 0.054024674895758
2.930000000000000 0.052945266217155
2.940000000000000 0.051866396308174
2.950000000000000 0.050788097932693
2.960000000000000 0.049710403267586
2.970000000000000 0.048633343911423
2.980000000000000 0.047556950893040
2.990000000000000 0.046481254679999
3.000000000000000 0.045406285186926
3.010000000000000 0.044504302767796
3.020000000000000 0.043602920729692
3.030000000000000 0.042702163559049
3.040000000000000 0.041802055296876
3.050000000000000 0.040902619545377
3.060000000000000 0.040003879474486
3.070000000000000 0.039105857828298
3.080000000000000 0.038208576931422
3.090000000000000 0.037312058695238
3.100000000000000 0.036416324624071
3.110000000000000 0.035668083498997
3.120000000000000 0.034920489881084
3.130000000000000 0.034173561276901
3.140000000000000 0.033427314866783
3.150000000000000 0.032681767509701
3.160000000000000 0.031936935748065
3.170000000000000 0.031192835812460
3.180000000000000 0.030449483626314
3.190000000000000 0.029706894810502
3.200000000000000 0.028965084687882
3.210000000000000 0.028348625701977
3.220000000000000 0.027732807700316
3.230000000000000 0.027117643080269
3.240000000000000 0.026503144001723
3.250000000000000 0.025889322390644
3.260000000000000 0.025276189942585
3.270000000000000 0.024663758126147
3.280000000000000 0.024052038186385
3.290000000000000 0.023441041148174
3.300000000000000 0.022830777819519
3.310000000000000 0.022326589434181
3.320000000000000 0.021823002231887
3.330000000000000 0.021320024896898
3.340000000000000 0.020817665941741
3.350000000000000 0.020315933709798
3.360000000000000 0.019814836377848
3.370000000000000 0.019314381958579
3.380000000000000 0.018814578303059
3.390000000000000 0.018315433103174
3.400000000000000 0.017816953894029
3.410000000000000 0.017407836357334
3.420000000000000 0.016999261350476
3.430000000000000 0.016591234880853
3.440000000000000 0.016183762832582
3.450000000000000 0.015776850968365
3.460000000000000 0.015370504931321
3.470000000000000 0.014964730246787
3.480000000000000 0.014559532324105
3.490000000000000 0.014154916458373
3.500000000000000 0.013750887832174
3.510000000000000 0.013421890345349
3.520000000000000 0.013093367719326
3.530000000000000 0.012765324048230
3.540000000000000 0.012437763338441
3.550000000000000 0.012110689509921
3.560000000000000 0.011784106397521
3.570000000000000 0.011458017752271
3.580000000000000 0.011132427242651
3.590000000000000 0.010807338455846
3.600000000000000 0.010482754898974
3.610000000000000 0.010220706365898
3.620000000000000 0.009959063047481
3.630000000000000 0.009697827686265
3.640000000000000 0.009437002962906
3.650000000000000 0.009176591497115
3.660000000000000 0.008916595848587
3.670000000000000 0.008657018517907
3.680000000000000 0.008397861947456
3.690000000000000 0.008139128522289
3.700000000000000 0.007880820571015
3.710000000000000 0.007674376047951
3.720000000000000 0.007468269429923
3.730000000000000 0.007262502516195
3.740000000000000 0.007057077062857
3.750000000000000 0.006851994783476
3.760000000000000 0.006647257349745
3.770000000000000 0.006442866392127
3.780000000000000 0.006238823500476
3.790000000000000 0.006035130224664
3.800000000000000 0.005831788075189
3.810000000000000 0.005671124980274
3.820000000000000 0.005510737626442
3.830000000000000 0.005350627164774
3.840000000000000 0.005190794716586
3.850000000000000 0.005031241373886
3.860000000000000 0.004871968199821
3.870000000000000 0.004712976229121
3.880000000000000 0.004554266468532
3.890000000000000 0.004395839897249
3.900000000000000 0.004237697467335
3.910000000000000 0.004114389656123
3.920000000000000 0.003991302087968
3.930000000000000 0.003868435476609
3.940000000000000 0.003745790515554
3.950000000000000 0.003623367878391
3.960000000000000 0.003501168219091
3.970000000000000 0.003379192172313
3.980000000000000 0.003257440353700
3.990000000000000 0.003135913360173
4.000000000000000 0.003014611770221
4.010000000000000 0.002921442461537
4.020000000000000 0.002828445287241
4.030000000000000 0.002735620672645
4.040000000000000 0.002642969029529
4.050000000000000 0.002550490756343
4.060000000000000 0.002458186238420
4.070000000000000 0.002366055848172
4.080000000000000 0.002274099945297
4.090000000000000 0.002182318876973
4.100000000000000 0.002090712978052
4.110000000000000 0.002021600178327
4.120000000000000 0.001952618798785
4.130000000000000 0.001883769079673
4.140000000000000 0.001815051252351
4.150000000000000 0.001746465539434
4.160000000000000 0.001678012154923
4.170000000000000 0.001609691304344
4.180000000000000 0.001541503184878
4.190000000000000 0.001473447985491
4.200000000000000 0.001405525887065
4.210000000000000 0.001355322885826
4.220000000000000 0.001305217733049
4.230000000000000 0.001255210554493
4.240000000000000 0.001205301470211
4.250000000000000 0.001155490594637
4.260000000000000 0.001105778036675
4.270000000000000 0.001056163899786
4.280000000000000 0.001006648282078
4.290000000000000 0.000957231276381
4.300000000000000 0.000907912970340
4.310000000000000 0.000872335306008
4.320000000000000 0.000836828476708
4.330000000000000 0.000801392540665
4.340000000000000 0.000766027552537
4.350000000000000 0.000730733563462
4.360000000000000 0.000695510621120
4.370000000000000 0.000660358769788
4.380000000000000 0.000625278050389
4.390000000000000 0.000590268500553
4.400000000000000 0.000555330154662
4.410000000000000 0.000530839496398
4.420000000000000 0.000506398511498
4.430000000000000 0.000482007220947
4.440000000000000 0.000457665643564
4.450000000000000 0.000433373796033
4.460000000000000 0.000409131692942
4.470000000000000 0.000384939346813
4.480000000000000 0.000360796768137
4.490000000000000 0.000336703965404
4.500000000000000 0.000312660945141
4.510000000000000 0.000296376545303
4.520000000000000 0.000280125721482
4.530000000000000 0.000263908476150
4.540000000000000 0.000247724810510
4.550000000000000 0.000231574724520
4.560000000000000 0.000215458216912
4.570000000000000 0.000199375285210
4.580000000000000 0.000183325925754
4.590000000000000 0.000167310133715
4.600000000000000 0.000151327903119
4.610000000000000 0.000140937862029
4.620000000000000 0.000130569568713
4.630000000000000 0.000120223018032
4.640000000000000 0.000109898204135
4.650000000000000 0.000099595120477
4.660000000000000 0.000089313759830
4.670000000000000 0.000079054114290
4.680000000000000 0.000068816175294
4.690000000000000 0.000058599933628
4.700000000000000 0.000048405379438
4.710000000000000 0.000043518286506
4.720000000000000 0.000038641554382
4.730000000000000 0.000033775177844
4.740000000000000 0.000028919151379
4.750000000000000 0.000024073469188
4.760000000000000 0.000019238125192
4.770000000000000 0.000014413113034
4.780000000000000 0.000009598426089
4.790000000000000 0.000004794057463
4.800000000000000 0.000000000000000
4.810000000000000 0.000000000000000
4.820000000000000 0.000000000000000
4.830000000000000 0.000000000000000
4.840000000000000 0.000000000000000
4.850000000000000 0.000000000000000
4.860000000000000 0.000000000000000
4.870000000000000 0.000000000000000
4.880000000000000 0.000000000000000
4.890000000000000 0.000000000000000
4.900000000000000 -0.000000000000000
4.910000000000000 0.000000000000000
4.920000000000000 0.000000000000000
4.930000000000000 0.000000000000000
4.940000000000000 0.000000000000000
4.950000000000000 0.000000000000000
4.960000000000000 0.000000000000000
4.970000000000000 0.000000000000000
4.980000000000000 0.000000000000000
4.990000000000000 0.000000000000000
5.000000000000000 -0.000000000000000
5.010000000000000 0.000000000000000
5.020000000000000 0.000000000000000
5.030000000000000 0.000000000000000
5.040000000000000 0.000000000000000
5.050000000000000 0.000000000000000
5.060000000000000 0.000000000000000
5.070000000000000 0.000000000000000
5.080000000000000 0.000000000000000
5.090000000000000 0.000000000000000
5.100000000000000 -0.000000000000000
5.110000000000000 0.000000000000000
5.120000000000000 0.000000000000000
5.130000000000000 0.000000000000000
5.140000000000000 0.000000000000000
5.150000000000000 0.000000000000000
5.160000000000000 0.000000000000000
5.170000000000000 0.000000000000000
5.180000000000000 0.000000000000000
5.190000000000000 0.000000000000000
5.200000000000000 -0.000000000000000
5.210000000000000 0.000000000000000
5.220000000000000 0.000000000000000
5.230000000000000 0.000000000000000
5.240000000000000 0.000000000000000
5.250000000000000 0.000000000000000
5.260000000000000 0.000000000000000
5.270000000000000 0.000000000000000
5.280000000000000 0.000000000000000
5.290000000000000 0.000000000000000
5.300000000000000 0.000000000000000
5.310000000000000 0.000000000000000
5.320000000000000 0.000000000000000
5.330000000000000 0.000000000000000
5.340000000000000 0.000000000000000
5.350000000000000 0.000000000000000
5.360000000000000 0.000000000000000
5.370000000000000 0.000000000000000
5.380000000000000 0.000000000000000
5.390000000000000 0.000000000000000
5.400000000000000 -0.000000000000000
5.410000000000000 0.000000000000000
5.420000000000000 0.000000000000000
5.430000000000000 0.000000000000000
5.440000000000000 0.000000000000000
5.450000000000000 0.000000000000000
5.460000000000000 0.000000000000000
5.470000000000000 0.000000000000000
5.480000000000000 0.000000000000000
5.490000000000000 0.000000000000000
5.500000000000000 -0.000000000000000
5.510000000000000 0.000000000000000
5.520000000000000 0.000000000000000
5.530000000000000 0.000000000000000
5.540000000000000 0.000000000000000
5.550000000000000 0.000000000000000
5.560000000000000 0.000000000000000
5.570000000000000 0.000000000000000
5.580000000000000 0.000000000000000
5.590000000000000 0.000000000000000
5.600000000000000 -0.000000000000000
5.610000000000000 0.000000000000000
5.620000000000000 0.000000000000000
5.630000000000000 0.000000000000000
5.640000000000000 0.000000000000000
5.650000000000000 0.000000000000000
5.660000000000000 0.000000000000000
5.670000000000000 0.000000000000000
5.680000000000000 0.000000000000000
5.690000000000000 0.000000000000000
5.700000000000000 -0.000000000000000
5.710000000000000 0.000000000000000
5.720000000000000 0.000000000000000
5.730000000000000 0.000000000000000
5.740000000000000 0.000000000000000
5.750000000000000 0.000000000000000
5.760000000000000 0.000000000000000
5.770000000000000 0.000000000000000
5.780000000000000 0.000000000000000
5.790000000000000 0.000000000000000
5.800000000000000 0.000000000000000
5.810000000000000 0.000000000000000
5.820000000000000 0.000000000000000
5.830000000000000 0.000000000000000
5.840000000000000 0.000000000000000
5.850000000000000 0.000000000000000
5.860000000000000 0.000000000000000
5.870000000000000 0.000000000000000
5.880000000000000 0.000000000000000
5.890000000000000 0.000000000000000
5.900000000000000 -0.000000000000000
5.910000000000000 0.000000000000000
5.920000000000000 0.000000000000000
5.930000000000000 0.000000000000000
5.940000000000000 0.000000000000000
5.950000000000000 0.000000000000000
5.960000000000000 0.000000000000000
5.970000000000000 0.000000000000000
5.980000000000000 0.000000000000000
5.990000000000000 0.000000000000000
6.000000000000000 -0.000000000000000
6.010000000000000 0.000000000000000
6.020000000000000 0.000000000000000
6.030000000000000 0.000000000000000
6.040000000000000 0.000000000000000
6.050000000000000 0.000000000000000
6.060000000000000 0.000000000000000
6.070000000000000 0.000000000000000
6.080000000000000 0.000000000000000
6.090000000000000 0.000000000000000
6.100000000000000 -0.000000000000000
6.110000000000000 0.000000000000000
6.120000000000000 0.000000000000000
6.130000000000000 0.000000000000000
6.140000000000000 0.000000000000000
6.150000000000000 0.000000000000000
6.160000000000000 0.000000000000000
6.170000000000000 0.000000000000000
6.180000000000000 0.000000000000000
6.190000000000000 0.000000000000000
6.200000000000000 -0.000000000000000
6.210000000000000 0.000000000000000
6.220000000000000 0.000000000000000
6.230000000000000 0.000000000000000
6.240000000000000 0.000000000000000
6.250000000000000 0.000000000000000
6.260000000000000 0.000000000000000
6.270000000000000 0.000000000000000
6.280000000000000 0.000000000000000
6.290000000000000 0.000000000000000
6.300000000000000 0.000000000000000
6.310000000000000 0.000000000000000
6.320000000000000 0.000000000000000
6.330000000000000 0.000000000000000
6.340000000000000 0.000000000000000
6.350000000000000 0.000000000000000
6.360000000000000 0.000000000000000
6.370000000000000 0.000000000000000
6.380000000000000 0.000000000000000
6.390000000000000 0.000000000000000
6.400000000000000 -0.000000000000000
6.410000000000000 0.000000000000000
6.420000000000000 0.000000000000000
6.430000000000000 0.000000000000000
6.440000000000000 0.000000000000000
6.450000000000000 0.000000000000000
6.460000000000000 0.000000000000000
6.470000000000000 0.000000000000000
6.480000000000000 0.000000000000000
6.490000000000000 0.000000000000000
6.500000000000000 -0.000000000000000
6.510000000000000 0.000000000000000
6.520000000000000 0.000000000000000
6.530000000000000 0.000000000000000
6.540000000000000 0.000000000000000
6.550000000000000 0.000000000000000
6.560000000000000 0.000000000000000
6.570000000000000 0.000000000000000
6.580000000000000 0.000000000000000
6.590000000000000 0.000000000000000
6.600000000000000 -0.000000000000000
6.610000000000000 0.000000000000000
6.620000000000000 0.000000000000000
6.630000000000000 0.000000000000000
6.640000000000000 0.000000000000000
6.650000000000000 0.000000000000000
6.660000000000000 0.000000000000000
6.670000000000000 0.000000000000000
6.680000000000000 0.000000000000000
6.690000000000000 0.000000000000000
6.700000000000000 -0.000000000000000
6.710000000000000 0.000000000000000
6.720000000000000 0.000000000000000
6.730000000000000 0.000000000000000
6.740000000000000 0.000000000000000
6.750000000000000 0.000000000000000
6.760000000000000 0.000000000000000
6.770000000000000 0.000000000000000
6.780000000000000 0.000000000000000
6.790000000000000 0.000000000000000
6.800000000000000 0.000000000000000
6.810000000000000 0.000000000000000
6.820000000000000 0.000000000000000
6.830000000000000 0.000000000000000
6.840000000000000 0.000000000000000
6.850000000000000 0.000000000000000
6.860000000000000 0.000000000000000
6.870000000000000 0.000000000000000
6.880000000000000 0.000000000000000
6.890000000000000 0.000000000000000
6.900000000000000 -0.000000000000000
6.910000000000000 0.000000000000000
6.920000000000000 0.000000000000000
6.930000000000000 0.000000000000000
6.940000000000000 0.000000000000000
6.950000000000000 0.000000000000000
6.960000000000000 0.000000000000000
6.970000000000000 0.000000000000000
6.980000000000000 0.000000000000000
6.990000000000000 0.000000000000000
7.000000000000000 -0.000000000000000
7.010000000000000 0.000000000000000
7.020000000000000 0.000000000000000
7.030000000000000 0.000000000000000
7.040000000000000 0.000000000000000
7.050000000000000 0.000000000000000
7.060000000000000 0.000000000000000
7.070000000000000 0.000000000000000
7.080000000000000 0.000000000000000
7.090000000000000 0.000000000000000
7.100000000000000 -0.000000000000000
7.110000000000000 0.000000000000000
7.120000000000000 0.000000000000000
7.130000000000000 0.000000000000000
7.140000000000000 0.000000000000000
7.150000000000000 0.000000000000000
7.160000000000000 0.000000000000000
7.170000000000000 0.000000000000000
7.180000000000000 0.000000000000000
7.190000000000000 0.000000000000000
7.200000000000000 -0.000000000000000
7.210000000000000 0.000000000000000
7.220000000000000 0.000000000000000
7.230000000000000 0.000000000000000
7.240000000000000 0.000000000000000
7.250000000000000 0.000000000000000
7.260000000000000 0.000000000000000
7.270000000000000 0.000000000000000
7.280000000000000 0.000000000000000
7.290000000000000 0.000000000000000
7.300000000000000 0.000000000000000
7.310000000000000 0.000000000000000
7.320000000000000 0.000000000000000
7.330000000000000 0.000000000000000
7.340000000000000 0.000000000000000
7.350000000000000 0.000000000000000
7.360000000000000 0.000000000000000
7.370000000000000 0.000000000000000
7.380000000000000 0.000000000000000
7.390000000000000 0.000000000000000
7.400000000000000 -0.000000000000000
7.410000000000000 0.000000000000000
7.420000000000000 0.000000000000000
7.430000000000000 0.000000000000000
7.440000000000000 0.000000000000000
7.450000000000000 0.000000000000000
7.460000000000000 0.000000000000000
7.470000000000000 0.000000000000000
7.480000000000000 0.000000000000000
7.490000000000000 0.000000000000000
7.500000000000000 -0.000000000000000
7.510000000000000 0.000000000000000
7.520000000000000 0.000000000000000
7.530000000000000 0.000000000000000
7.540000000000000 0.000000000000000
7.550000000000000 0.000000000000000
7.560000000000000 0.000000000000000
7.570000000000000 0.000000000000000
7.580000000000000 0.000000000000000
7.590000000000000 0.000000000000000
7.600000000000000 -0.000000000000000
7.610000000000000 0.000000000000000
7.620000000000000 0.000000000000000
7.630000000000000 0.000000000000000
7.640000000000000 0.000000000000000
7.650000000000000 0.000000000000000
7.660000000000000 0.000000000000000
7.670000000000000 0.000000000000000
7.680000000000000 0.000000000000000
7.690000000000000 0.000000000000000
7.700000000000000 -0.000000000000000
7.710000000000000 0.000000000000000
7.720000000000000 0.000000000000000
7.730000000000000 0.000000000000000
7.740000000000000 0.000000000000000
7.750000000000000 0.000000000000000
7.760000000000000 0.000000000000000
7.770000000000000 0.000000000000000
7.780000000000000 0.000000000000000
7.790000000000000 0.000000000000000
7.800000000000000 0.000000000000000
7.810000000000000 0.000000000000000
7.820000000000000 0.000000000000000
7.830000000000000 0.000000000000000
7.840000000000000 0.000000000000000
7.850000000000000 0.000000000000000
7.860000000000000 0.000000000000000
7.870000000000000 0.000000000000000
7.880000000000000 0.000000000000000
7.890000000000000 0.000000000000000
7.900000000000000 -0.000000000000000
7.910000000000000 0.000000000000000
7.920000000000000 0.000000000000000
7.930000000000000 0.000000000000000
7.940000000000000 0.000000000000000
7.950000000000000 0.000000000000000
7.960000000000000 0.000000000000000
7.970000000000000 0.000000000000000
7.980000000000000 0.000000000000000
7.990000000000000 0.000000000000000
8.000000000000000 -0.000000000000000
8.010000000000000 0.000000000000000
8.020000000000000 0.000000000000000
8.029999999999999 0.000000000000000
8.039999999999999 0.000000000000000
8.050000000000001 0.000000000000000
8.060000000000000 0.000000000000000
8.070000000000000 0.000000000000000
8.080000000000000 0.000000000000000
8.090000000000000 0.000000000000000
8.100000000000000 -0.000000000000000
8.109999999999999 0.000000000000000
8.119999999999999 0.000000000000000
8.130000000000001 0.000000000000000
8.140000000000001 0.000000000000000
8.150000000000000 0.000000000000000
8.160000000000000 0.000000000000000
8.170000000000000 0.000000000000000
8.180000000000000 0.000000000000000
8.190000000000000 0.000000000000000
8.199999999999999 0.000000000000000
8.210000000000001 0.000000000000000
8.220000000000001 0.000000000000000
8.230000000000000 0.000000000000000
8.240000000000000 0.000000000000000
8.250000000000000 0.000000000000000
8.260000000000000 0.000000000000000
8.270000000000000 0.000000000000000
8.279999999999999 0.000000000000000
8.289999999999999 0.000000000000000
8.300000000000001 -0.000000000000000
8.310000000000000 0.000000000000000
8.320000000000000 0.000000000000000
8.330000000000000 0.000000000000000
8.340000000000000 0.000000000000000
8.350000000000000 0.000000000000000
8.359999999999999 0.000000000000000
8.369999999999999 0.000000000000000
8.380000000000001 0.000000000000000
8.390000000000001 0.000000000000000
8.400000000000000 -0.000000000000000
8.410000000000000 0.000000000000000
8.420000000000000 0.000000000000000
8.430000000000000 0.000000000000000
8.440000000000000 0.000000000000000
8.449999999999999 0.000000000000000
8.460000000000001 0.000000000000000
8.470000000000001 0.000000000000000
8.480000000000000 0.000000000000000
8.490000000000000 0.000000000000000
8.500000000000000 -0.000000000000000
8.510000000000000 0.000000000000000
8.520000000000000 0.000000000000000
8.529999999999999 0.000000000000000
8.539999999999999 0.000000000000000
8.550000000000001 0.000000000000000
8.560000000000000 0.000000000000000
8.570000000000000 0.000000000000000
8.580000000000000 0.000000000000000
8.590000000000000 0.000000000000000
8.600000000000000 -0.000000000000000
8.609999999999999 0.000000000000000
8.619999999999999 0.000000000000000
8.630000000000001 0.000000000000000
8.640000000000001 0.000000000000000
8.650000000000000 0.000000000000000
8.660000000000000 0.000000000000000
8.670000000000000 0.000000000000000
8.680000000000000 0.000000000000000
8.690000000000000 0.000000000000000
8.699999999999999 -0.000000000000000
8.710000000000001 0.000000000000000
8.720000000000001 0.000000000000000
8.730000000000000 0.000000000000000
8.740000000000000 0.000000000000000
8.750000000000000 0.000000000000000
8.760000000000000 0.000000000000000
8.770000000000000 0.000000000000000
8.779999999999999 0.000000000000000
8.789999999999999 0.000000000000000
8.800000000000001 -0.000000000000000
8.810000000000000 0.000000000000000
8.820000000000000 0.000000000000000
8.830000000000000 0.000000000000000
8.840000000000000 0.000000000000000
8.850000000000000 0.000000000000000
8.859999999999999 0.000000000000000
8.869999999999999 0.000000000000000
8.880000000000001 0.000000000000000
8.890000000000001 0.000000000000000
8.900000000000000 -0.000000000000000
8.910000000000000 0.000000000000000
8.920000000000000 0.000000000000000
8.930000000000000 0.000000000000000
8.940000000000000 0.000000000000000
8.949999999999999 0.000000000000000
8.960000000000001 0.000000000000000
8.970000000000001 0.000000000000000
8.980000000000000 0.000000000000000
8.990000000000000 0.000000000000000
9.000000000000000 -0.000000000000000
9.010000000000000 0.000000000000000
9.020000000000000 0.000000000000000
9.029999999999999 0.000000000000000
9.039999999999999 0.000000000000000
9.050000000000001 0.000000000000000
9.060000000000000 0.000000000000000
9.070000000000000 0.000000000000000
9.080000000000000 0.000000000000000
9.090000000000000 0.000000000000000
9.100000000000000 -0.000000000000000
9.109999999999999 0.000000000000000
9.119999999999999 0.000000000000000
9.130000000000001 0.000000000000000
9.140000000000001 0.000000000000000
9.150000000000000 0.000000000000000
9.160000000000000 0.000000000000000
9.170000000000000 0.000000000000000
9.180000000000000 0.000000000000000
9.190000000000000 0.000000000000000
9.199999999999999 -0.000000000000000
9.210000000000001 0.000000000000000
9.220000000000001 0.000000000000000
9.230000000000000 0.000000000000000
9.240000000000000 0.000000000000000
9.250000000000000 0.000000000000000
9.260000000000000 0.000000000000000
9.270000000000000 0.000000000000000
9.279999999999999 0.000000000000000
9.289999999999999 0.000000000000000
9.300000000000001 -0.000000000000000
9.310000000000000 0.000000000000000
9.320000000000000 0.000000000000000
9.330000000000000 0.000000000000000
9.340000000000000 0.000000000000000
9.350000000000000 0.000000000000000
9.359999999999999 0.000000000000000
9.369999999999999 0.000000000000000
9.380000000000001 0.000000000000000
9.390000000000001 0.000000000000000
9.400000000000000 -0.000000000000000
9.410000000000000 0.000000000000000
9.420000000000000 0.000000000000000
9.430000000000000 0.000000000000000
9.440000000000000 0.000000000000000
9.449999999999999 0.000000000000000
9.460000000000001 0.000000000000000
9.470000000000001 0.000000000000000
9.480000000000000 0.000000000000000
9.490000000000000 0.000000000000000
9.500000000000000 -0.000000000000000
9.510000000000000 0.000000000000000
9.520000000000000 0.000000000000000
9.529999999999999 0.000000000000000
9.539999999999999 0.000000000000000
9.550000000000001 0.000000000000000
9.560000000000000 0.000000000000000
9.570000000000000 0.000000000000000
9.580000000000000 0.000000000000000
9.590000000000000 0.000000000000000
9.600000000000000 0.000000000000000
9.609999999999999 0.000000000000000
9.619999999999999 0.000000000000000
9.630000000000001 0.000000000000000
9.640000000000001 0.000000000000000
9.650000000000000 0.000000000000000
9.660000000000000 0.000000000000000
9.670000000000000 0.000000000000000
9.680000000000000 0.000000000000000
9.690000000000000 0.000000000000000
9.699999999999999 -0.000000000000000
9.710000000000001 0.000000000000000
9.720000000000001 0.000000000000000
9.730000000000000 0.000000000000000
9.740000000000000 0.000000000000000
9.750000000000000 0.000000000000000
9.760000000000000 0.000000000000000
9.770000000000000 0.000000000000000
9.779999999999999 0.000000000000000
9.789999999999999 0.000000000000000
9.800000000000001 -0.000000000000000
9.810000000000000 0.000000000000000
9.820000000000000 0.000000000000000
9.830000000000000 0.000000000000000
9.840000000000000 0.000000000000000
9.850000000000000 0.000000000000000
9.859999999999999 0.000000000000000
9.869999999999999 0.000000000000000
9.880000000000001 0.000000000000000
9.890000000000001 0.000000000000000
9.900000000000000 -0.000000000000000
9.910000000000000 0.000000000000000
9.920000000000000 0.000000000000000
9.930000000000000 0.000000000000000
9.940000000000000 0.000000000000000
9.949999999999999 0.000000000000000
9.960000000000001 0.000000000000000
9.970000000000001 0.000000000000000
9.980000000000000 0.000000000000000
9.990000000000000 0.000000000000000
10.000000000000000 -0.000000000000000
