0.000000000000000 0.000000000000000
0.010000000000000 0.000090911798914
0.020000000000000 0.000364318658686
0.030000000000000 0.000821085237238
0.040000000000000 0.001461889411601
0.050000000000000 0.002287226511382
0.060000000000000 0.003297413718298
0.070000000000000 0.004492594617490
0.080000000000000 0.005872743886334
0.090000000000000 0.007437672106501
0.100000000000000 0.009187030685115
0.110000000000000 0.011129064777400
0.120000000000000 0.013257514179432
0.130000000000000 0.015571920646154
0.140000000000000 0.018071672269754
0.150000000000000 0.020756008902400
0.160000000000000 0.023624027623408
0.170000000000000 0.026674688237855
0.180000000000000 0.029906818794068
0.190000000000000 0.033319121107873
0.200000000000000 0.036910176281948
0.210000000000000 0.040700597540834
0.220000000000000 0.044670449977654
0.230000000000000 0.048818160906686
0.240000000000000 0.053142048610058
0.250000000000000 0.057640327874960
0.260000000000000 0.062311115473090
0.270000000000000 0.067152435573831
0.280000000000000 0.072162225083180
0.290000000000000 0.077338338901034
0.300000000000000 0.082678555090015
0.310000000000000 0.088205503909081
0.320000000000000 0.093894638972730
0.330000000000000 0.099743597746565
0.340000000000000 0.105749955749364
0.350000000000000 0.111911231327778
0.360000000000000 0.118224890313688
0.370000000000000 0.124688350560811
0.380000000000000 0.131298986357604
0.390000000000000 0.138054132713995
0.400000000000000 0.144951089519920
0.410000000000000 0.151983193982382
0.420000000000000 0.159151316152939
0.430000000000000 0.166452671455807
0.440000000000000 0.173884455893290
0.450000000000000 0.181443849534031
0.460000000000000 0.189128019869191
0.470000000000000 0.196934125037097
0.480000000000000 0.204859316917176
0.490000000000000 0.212900744094234
0.500000000000000 0.221055554694417
0.510000000000000 0.229243497360163
0.520000000000000 0.237534696060441
0.530000000000000 0.245926309025711
0.540000000000000 0.254415507982344
0.550000000000000 0.262999480211081
0.560000000000000 0.271675430492233
0.570000000000000 0.280440582940228
0.580000000000000 0.289292182730194
0.590000000000000 0.298227497719382
0.600000000000000 0.307243819966244
0.610000000000000 0.316128654436722
0.620000000000000 0.325079919813554
0.630000000000000 0.334095032054759
0.640000000000000 0.343171442030976
0.650000000000000 0.352306636293119
0.660000000000000 0.361498137763044
0.670000000000000 0.370743506350250
0.680000000000000 0.380040339497610
0.690000000000000 0.389386272659081
0.700000000000000 0.398778979712311
0.710000000000000 0.407825823441918
0.720000000000000 0.416901387049450
0.730000000000000 0.426003580771620
0.740000000000000 0.435130359760008
0.750000000000000 0.444279723870912
0.760000000000000 0.453449717417559
0.770000000000000 0.462638428887029
0.780000000000000 0.471843990624237
0.790000000000000 0.481064578485174
0.800000000000000 0.490298411461581
0.810000000000000 0.498942038579215
0.820000000000000 0.507578828269163
0.830000000000000 0.516207326296394
0.840000000000000 0.524826123828450
0.850000000000000 0.533433856613738
0.860000000000000 0.542029204155136
0.870000000000000 0.550610888880277
0.880000000000000 0.559177675309775
0.890000000000000 0.567728369224592
0.900000000000000 0.576261816833670
0.910000000000000 0.583979937047450
0.920000000000000 0.591660807602001
0.930000000000000 0.599303650161349
0.940000000000000 0.606907725508022
0.950000000000000 0.614472332449718
0.960000000000000 0.621996806743548
0.970000000000000 0.629480520038219
0.980000000000000 0.636922878834471
0.990000000000000 0.644323323464014
1.000000000000000 0.651681327087194
1.010000000000000 0.658050091487727
1.020000000000000 0.664358233687271
1.030000000000000 0.670605606304875
1.040000000000000 0.676792091095933
1.050000000000000 0.682917597843839
1.060000000000000 0.688982063280724
1.070000000000000 0.694985450036897
1.080000000000000 0.700927745618654
1.090000000000000 0.706808961414020
1.100000000000000 0.712629131726044
1.110000000000000 0.717385473218640
1.120000000000000 0.722065963149383
1.130000000000000 0.726670974954934
1.140000000000000 0.731200900206695
1.150000000000000 0.735656147649275
1.160000000000000 0.740037142270913
1.170000000000000 0.744344324405116
1.180000000000000 0.748578148862775
1.190000000000000 0.752739084094013
1.200000000000000 0.756827611379051
1.210000000000000 0.759875526359166
1.220000000000000 0.762840180402309
1.230000000000000 0.765722327010405
1.240000000000000 0.768522727758187
1.250000000000000 0.771242151551215
1.260000000000000 0.773881373913256
1.270000000000000 0.776441176302163
1.280000000000000 0.778922345453404
1.290000000000000 0.781325672750403
1.300000000000000 0.783651953620875
1.310000000000000 0.785056598905202
1.320000000000000 0.786377294063886
1.330000000000000 0.787615027542698
1.340000000000000 0.788770787840105
1.350000000000000 0.789845562993670
1.360000000000000 0.790840340090531
1.370000000000000 0.791756104801128
1.380000000000000 0.792593840935410
1.390000000000000 0.793354530020720
1.400000000000000 0.794039150900609
1.410000000000000 0.793979762229401
1.420000000000000 0.793840723400494
1.430000000000000 0.793623131451008
1.440000000000000 0.793328077831874
1.450000000000000 0.792956648093376
1.460000000000000 0.792509921588849
1.470000000000000 0.791988971195817
1.480000000000000 0.791394863053963
1.490000000000000 0.790728656319223
1.500000000000000 0.789991402933432
1.510000000000000 0.788716616442332
1.520000000000000 0.787369696449187
1.530000000000000 0.785951750852247
1.540000000000000 0.784463878538114
1.550000000000000 0.782907169221629
1.560000000000000 0.781282703298525
1.570000000000000 0.779591551710284
1.580000000000000 0.777834775820718
1.590000000000000 0.776013427303754
1.600000000000000 0.774128548041956
1.610000000000000 0.771908450743874
1.620000000000000 0.769625369254325
1.630000000000000 0.767280355872000
1.640000000000000 0.764874452234728
1.650000000000000 0.762408689268025
1.660000000000000 0.759884087142031
1.670000000000000 0.757301655236449
1.680000000000000 0.754662392113128
1.690000000000000 0.751967285495914
1.700000000000000 0.749217312257435
1.710000000000000 0.746311219915490
1.720000000000000 0.743351724770473
1.730000000000000 0.740339784348232
1.740000000000000 0.737276345138530
1.750000000000000 0.734162342613282
1.760000000000000 0.730998701249955
1.770000000000000 0.727786334559846
1.780000000000000 0.724526145120992
1.790000000000000 0.721219024615454
1.800000000000000 0.717865853870742
1.810000000000000 0.714500413706229
1.820000000000000 0.711090770423512
1.830000000000000 0.707637768848740
1.840000000000000 0.704142243213432
1.850000000000000 0.700605017212788
1.860000000000000 0.697026904066899
1.870000000000000 0.693408706584665
1.880000000000000 0.689751217230251
1.890000000000000 0.686055218191939
1.900000000000000 0.682321481453182
1.910000000000000 0.678684111883437
1.920000000000000 0.675010894123351
1.930000000000000 0.671302556789518
1.940000000000000 0.667559818806890
1.950000000000000 0.663783389486444
1.960000000000000 0.659973968604248
1.970000000000000 0.656132246481816
1.980000000000000 0.652258904067643
1.990000000000000 0.648354613019816
2.000000000000000 0.644420035789596
2.010000000000000 0.640657031209766
2.020000000000000 0.636865473876930
2.030000000000000 0.633045981711996
2.040000000000000 0.629199164055410
2.050000000000000 0.625325621750750
2.060000000000000 0.621425947228801
2.070000000000000 0.617500724592028
2.080000000000000 0.613550529699387
2.090000000000000 0.609575930251406
2.100000000000000 0.605577485875476
2.110000000000000 0.601799028700088
2.120000000000000 0.597998212291516
2.130000000000000 0.594175554147869
2.140000000000000 0.590331564343512
2.150000000000000 0.586466745610556
2.160000000000000 0.582581593420289
2.170000000000000 0.578676596064483
2.180000000000000 0.574752234736551
2.190000000000000 0.570808983612519
2.200000000000000 0.566847309931764
2.210000000000000 0.563132765023649
2.220000000000000 0.559401008298951
2.230000000000000 0.555652469110079
2.240000000000000 0.551887570491404
2.250000000000000 0.548106729234314
2.260000000000000 0.544310355961909
2.270000000000000 0.540498855203311
2.280000000000000 0.536672625467561
2.290000000000000 0.532832059317088
2.300000000000000 0.528977543440730
2.310000000000000 0.525381588989080
2.320000000000000 0.521772631135422
2.330000000000000 0.518151023616669
2.340000000000000 0.514517114856168
2.350000000000000 0.510871248030373
2.360000000000000 0.507213761135037
2.370000000000000 0.503544987050878
2.380000000000000 0.499865253608741
2.390000000000000 0.496174883654222
2.400000000000000 0.492474195111756
2.410000000000000 0.489032523712136
2.420000000000000 0.485581244918676
2.430000000000000 0.482120648644650
2.440000000000000 0.478651020372665
2.450000000000000 0.475172641212489
2.460000000000000 0.471685787958328
2.470000000000000 0.468190733145574
2.480000000000000 0.464687745107006
2.490000000000000 0.461177088028436
2.500000000000000 0.457659022003821
2.510000000000000 0.454393154427291
2.520000000000000 0.451120390117536
2.530000000000000 0.447840965736767
2.540000000000000 0.444555114275442
2.550000000000000 0.441263065101560
2.560000000000000 0.437965044009438
2.570000000000000 0.434661273267973
2.580000000000000 0.431351971668373
2.590000000000000 0.428037354571372
2.600000000000000 0.424717633953931
2.610000000000000 0.421638797880594
2.620000000000000 0.418555207811378
2.630000000000000 0.415467056344538
2.640000000000000 0.412374533048854
2.650000000000000 0.409277824505171
2.660000000000000 0.406177114347441
2.670000000000000 0.403072583303311
2.680000000000000 0.399964409234224
2.690000000000000 0.396852767175051
2.700000000000000 0.393737829373252
2.710000000000000 0.390849662853988
2.720000000000000 0.387958420630478
2.730000000000000 0.385064259063734
2.740000000000000 0.382167332022804
2.750000000000000 0.379267790919459
2.760000000000000 0.376365784742466
2.770000000000000 0.373461460091430
2.780000000000000 0.370554961210233
2.790000000000000 0.367646430020042
2.800000000000000 0.364736006151918
2.810000000000000 0.362037121563344
2.820000000000000 0.359336463437360
2.830000000000000 0.356634158458298
2.840000000000000 0.353930331264919
2.850000000000000 0.351225104479210
2.860000000000000 0.348518598734820
2.870000000000000 0.345810932705135
2.880000000000000 0.343102223130983
2.890000000000000 0.340392584847991
2.900000000000000 0.337682130813586
2.910000000000000 0.335167615959593
2.920000000000000 0.332652327466812
2.930000000000000 0.330136367791449
2.940000000000000 0.327619837712807
2.950000000000000 0.325102836357087
2.960000000000000 0.322585461220886
2.970000000000000 0.320067808194379
2.980000000000000 0.317549971584200
2.990000000000000 0.315032044136019
3.000000000000000 0.312514117056813
3.010000000000000 0.310176733268996
3.020000000000000 0.307839334383529
3.030000000000000 0.305502003121481
3.040000000000000 0.303164820830296
3.050000000000000 0.300827867503409
3.060000000000000 0.298491221799605
3.070000000000000 0.296154961062109
3.080000000000000 0.293819161337427
3.090000000000000 0.291483897393930
3.100000000000000 0.289149242740183
3.110000000000000 0.286980266890511
3.120000000000000 0.284811842894222
3.130000000000000 0.282644037424161
3.140000000000000 0.280476916028346
3.150000000000000 0.278310543146107
3.160000000000000 0.276144982123997
3.170000000000000 0.273980295231493
3.180000000000000 0.271816543676474
3.190000000000000 0.269653787620497
3.200000000000000 0.267492086193854
3.210000000000000 0.265482134166299
3.220000000000000 0.263473149449810
3.230000000000000 0.261465185680287
3.240000000000000 0.259458295572606
3.250000000000000 0.257452530933868
3.260000000000000 0.255447942676464
3.270000000000000 0.253444580830973
3.280000000000000 0.251442494558861
3.290000000000000 0.249441732165028
3.300000000000000 0.247442341110163
3.310000000000000 0.245581751670205
3.320000000000000 0.243722425788778
3.330000000000000 0.241864406519671
3.340000000000000 0.240007736162426
3.350000000000000 0.238152456273207
3.360000000000000 0.236298607675530
3.370000000000000 0.234446230470836
3.380000000000000 0.232595364048922
3.390000000000000 0.230746047098225
3.400000000000000 0.228898317615960
3.410000000000000 0.227177298337227
3.420000000000000 0.225457745754203
3.430000000000000 0.223739694338727
3.440000000000000 0.222023177944770
3.450000000000000 0.220308229817353
3.460000000000000 0.218594882601351
3.470000000000000 0.216883168350167
3.480000000000000 0.215173118534288
3.490000000000000 0.213464764049722
3.500000000000000 0.211758135226317
3.510000000000000 0.210167084842565
3.520000000000000 0.208577631934242
3.530000000000000 0.206989804017767
3.540000000000000 0.205403628103196
3.550000000000000 0.203819130701546
3.560000000000000 0.202236337832010
3.570000000000000 0.200655275029085
3.580000000000000 0.199075967349583
3.590000000000000 0.197498439379560
3.600000000000000 0.195922715241137
3.610000000000000 0.194452474994092
3.620000000000000 0.192983906987050
3.630000000000000 0.191517033101904
3.640000000000000 0.190051874805396
3.650000000000000 0.188588453155121
3.660000000000000 0.187126788805462
3.670000000000000 0.185666902013428
3.680000000000000 0.184208812644416
3.690000000000000 0.182752540177896
3.700000000000000 0.181298103713011
3.710000000000000 0.179939939119996
3.720000000000000 0.178583478619066
3.730000000000000 0.177228739531003
3.740000000000000 0.175875738836068
3.750000000000000 0.174524493178942
3.760000000000000 0.173175018873590
3.770000000000000 0.171827331908060
3.780000000000000 0.170481447949219
3.790000000000000 0.169137382347412
3.800000000000000 0.167795150141071
3.810000000000000 0.166540682505870
3.820000000000000 0.165287918507117
3.830000000000000 0.164036871777379
3.840000000000000 0.162787555669791
3.850000000000000 0.161539983262108
3.860000000000000 0.160294167360708
3.870000000000000 0.159050120504535
3.880000000000000 0.157807854968991
3.890000000000000 0.156567382769767
3.900000000000000 0.155328715666623
3.910000000000000 0.154170127536993
3.920000000000000 0.153013218393573
3.930000000000000 0.151857998889395
3.940000000000000 0.150704479448092
3.950000000000000 0.149552670267231
3.960000000000000 0.148402581321609
3.970000000000000 0.147254222366491
3.980000000000000 0.146107602940812
3.990000000000000 0.144962732370331
4.000000000000000 0.143819619770739
4.010000000000000 0.142749663638067
4.020000000000000 0.141681343995933
4.030000000000000 0.140614669093341
4.040000000000000 0.139549646990918
4.050000000000000 0.138486285563660
4.060000000000000 0.137424592503634
4.070000000000000 0.136364575322655
4.080000000000000 0.135306241354918
4.090000000000000 0.134249597759589
4.100000000000000 0.133194651523374
4.110000000000000 0.132206491533294
4.120000000000000 0.131219912940594
4.130000000000000 0.130234922058208
4.140000000000000 0.129251525044333
4.150000000000000 0.128269727904696
4.160000000000000 0.127289536494782
4.170000000000000 0.126310956522037
4.180000000000000 0.125333993548035
4.190000000000000 0.124358652990616
4.200000000000000 0.123384940126002
4.210000000000000 0.122472240206704
4.220000000000000 0.121561057941517
4.230000000000000 0.120651398087398
4.240000000000000 0.119743265274188
4.250000000000000 0.118836664006476
4.260000000000000 0.117931598665438
4.270000000000000 0.117028073510652
4.280000000000000 0.116126092681891
4.290000000000000 0.115225660200880
4.300000000000000 0.114326779973043
4.310000000000000 0.113483711721881
4.320000000000000 0.112642091733910
4.330000000000000 0.111801923518821
4.340000000000000 0.110963210481878
4.350000000000000 0.110125955925455
4.360000000000000 0.109290163050560
4.370000000000000 0.108455834958326
4.380000000000000 0.107622974651492
4.390000000000000 0.106791585035858
4.400000000000000 0.105961668921722
4.410000000000000 0.105182802040020
4.420000000000000 0.104405310855189
4.430000000000000 0.103629197880467
4.440000000000000 0.102854465543310
4.450000000000000 0.102081116186670
4.460000000000000 0.101309152070250
4.470000000000000 0.100538575371737
4.480000000000000 0.099769388188025
4.490000000000000 0.099001592536420
4.500000000000000 0.098235190355825
4.510000000000000 0.097515481253565
4.520000000000000 0.096797073996349
4.530000000000000 0.096079970304560
4.540000000000000 0.095364171828138
4.550000000000000 0.094649680147640
4.560000000000000 0.093936496775271
4.570000000000000 0.093224623155909
4.580000000000000 0.092514060668115
4.590000000000000 0.091804810625129
4.600000000000000 0.091096874275849
4.610000000000000 0.090431690746037
4.620000000000000 0.089767735265463
4.630000000000000 0.089105008926811
4.640000000000000 0.088443512764948
4.650000000000000 0.087783247757795
4.660000000000000 0.087124214827187
4.670000000000000 0.086466414839718
4.680000000000000 0.085809848607578
4.690000000000000 0.085154516889378
4.700000000000000 0.084500420390959
4.710000000000000 0.083885484315998
4.720000000000000 0.083271703605465
4.730000000000000 0.082659078858211
4.740000000000000 0.082047610625662
4.750000000000000 0.081437299412542
4.760000000000000 0.080828145677586
4.770000000000000 0.080220149834239
4.780000000000000 0.079613312251350
4.790000000000000 0.079007633253855
4.800000000000000 0.078403113123449
4.810000000000000 0.077834490527694
4.820000000000000 0.077266952467752
4.830000000000000 0.076700499157027
4.840000000000000 0.076135130770058
4.850000000000000 0.075570847443125
4.860000000000000 0.075007649274830
4.870000000000000 0.074445536326686
4.880000000000000 0.073884508623686
4.890000000000000 0.073324566154872
4.900000000000000 0.072765708873893
4.910000000000000 0.072239777955929
4.920000000000000 0.071714863144129
4.930000000000000 0.071190964354080
4.940000000000000 0.070668081469563
4.950000000000000 0.070146214343048
4.960000000000000 0.069625362796182
4.970000000000000 0.069105526620275
4.980000000000000 0.068586705576776
4.990000000000000 0.068068899397738
5.000000000000000 0.067552107786289
5.010000000000000 0.067065542948491
5.020000000000000 0.066579928542114
5.030000000000000 0.066095264255668
5.040000000000000 0.065611549751666
5.050000000000000 0.065128784667049
5.060000000000000 0.064646968613575
5.070000000000000 0.064166101178234
5.080000000000000 0.063686181923637
5.090000000000000 0.063207210388408
5.100000000000000 0.062729186087569
5.110000000000000 0.062278929031089
5.120000000000000 0.061829559723573
5.130000000000000 0.061381077683415
5.140000000000000 0.060933482407811
5.150000000000000 0.060486773373096
5.160000000000000 0.060040950035091
5.170000000000000 0.059596011829426
5.180000000000000 0.059151958171877
5.190000000000000 0.058708788458685
5.200000000000000 0.058266502066877
5.210000000000000 0.057849728087289
5.220000000000000 0.057433782329179
5.230000000000000 0.057018664186531
5.240000000000000 0.056604373036085
5.250000000000000 0.056190908237612
5.260000000000000 0.055778269134203
5.270000000000000 0.055366455052541
5.280000000000000 0.054955465303173
5.290000000000000 0.054545299180787
5.300000000000000 0.054135955964469
5.310000000000000 0.053750066362173
5.320000000000000 0.053364948666981
5.330000000000000 0.052980602185031
5.340000000000000 0.052597026208461
5.350000000000000 0.052214220015657
5.360000000000000 0.051832182871477
5.370000000000000 0.051450914027489
5.380000000000000 0.051070412722193
5.390000000000000 0.050690678181247
5.400000000000000 0.050311709617692
5.410000000000000 0.049954319081897
5.420000000000000 0.049597647338019
5.430000000000000 0.049241693633466
5.440000000000000 0.048886457204331
5.450000000000000 0.048531937275593
5.460000000000000 0.048178133061309
5.470000000000000 0.047825043764805
5.480000000000000 0.047472668578868
5.490000000000000 0.047121006685933
5.500000000000000 0.046770057258261
5.510000000000000 0.046438940046025
5.520000000000000 0.046108491731811
5.530000000000000 0.045778711527250
5.540000000000000 0.045449598634867
5.550000000000000 0.045121152248245
5.560000000000000 0.044793371552187
5.570000000000000 0.044466255722874
5.580000000000000 0.044139803928025
5.590000000000000 0.043814015327053
5.600000000000000 0.043488889071214
5.610000000000000 0.043182100750029
5.620000000000000 0.042875934343041
5.630000000000000 0.042570389044513
5.640000000000000 0.042265464041419
5.650000000000000 0.041961158513578
5.660000000000000 0.041657471633794
5.670000000000000 0.041354402567982
5.680000000000000 0.041051950475306
5.690000000000000 0.040750114508302
5.700000000000000 0.040448893813013
5.710000000000000 0.040164506224286
5.720000000000000 0.039880696689029
5.730000000000000 0.039597464398022
5.740000000000000 0.039314808536247
5.750000000000000 0.039032728283001
5.760000000000000 0.038751222812010
5.770000000000000 0.038470291291537
5.780000000000000 0.038189932884495
5.790000000000000 0.037910146748551
5.800000000000000 0.037630932036234
5.810000000000000 0.037367243382643
5.820000000000000 0.037104091754227
5.830000000000000 0.036841476349210
5.840000000000000 0.036579396361240
5.850000000000000 0.036317850979487
5.860000000000000 0.036056839388737
5.870000000000000 0.035796360769481
5.880000000000000 0.035536414298005
5.890000000000000 0.035276999146487
5.900000000000000 0.035018114483078
5.910000000000000 0.034773546034840
5.920000000000000 0.034529476313439
5.930000000000000 0.034285904532801
5.940000000000000 0.034042829903280
5.950000000000000 0.033800251631740
5.960000000000000 0.033558168921628
5.970000000000000 0.033316580973055
5.980000000000000 0.033075486982868
5.990000000000000 0.032834886144730
6.000000000000000 0.032594777649190
6.010000000000000 0.032367879559843
6.020000000000000 0.032141444483447
6.030000000000000 0.031915471655792
6.040000000000000 0.031689960309918
6.050000000000000 0.031464909676179
6.060000000000000 0.031240318982308
6.070000000000000 0.031016187453481
6.080000000000000 0.030792514312381
6.090000000000000 0.030569298779261
6.100000000000000 0.030346540072001
6.110000000000000 0.030135988535177
6.120000000000000 0.029925866717707
6.130000000000000 0.029716173881762
6.140000000000000 0.029506909287430
6.150000000000000 0.029298072192771
6.160000000000000 0.029089661853871
6.170000000000000 0.028881677524897
6.180000000000000 0.028674118458146
6.190000000000000 0.028466983904100
6.200000000000000 0.028260273111475
6.210000000000000 0.028064837696323
6.220000000000000 0.027869801013677
6.230000000000000 0.027675162355195
6.240000000000000 0.027480921010993
6.250000000000000 0.027287076269697
6.260000000000000 0.027093627418482
6.270000000000000 0.026900573743121
6.280000000000000 0.026707914528026
6.290000000000000 0.026515649056291
6.300000000000000 0.026323776609737
6.310000000000000 0.026142305659768
6.320000000000000 0.025961204663453
6.330000000000000 0.025780472943877
6.340000000000000 0.025600109823029
6.350000000000000 0.025420114621834
6.360000000000000 0.025240486660195
6.370000000000000 0.025061225257031
6.380000000000000 0.024882329730308
6.390000000000000 0.024703799397079
6.400000000000000 0.024525633573520
6.410000000000000 0.024357080566027
6.420000000000000 0.024188870771878
6.430000000000000 0.024021003546743
6.440000000000000 0.023853478245547
6.450000000000000 0.023686294222505
6.460000000000000 0.023519450831151
6.470000000000000 0.023352947424369
6.480000000000000 0.023186783354424
6.490000000000000 0.023020957972989
6.500000000000000 0.022855470631180
6.510000000000000 0.022698875928828
6.520000000000000 0.022542599596997
6.530000000000000 0.022386641024447
6.540000000000000 0.022230999599479
6.550000000000000 0.022075674709961
6.560000000000000 0.021920665743355
6.570000000000000 0.021765972086744
6.580000000000000 0.021611593126853
6.590000000000000 0.021457528250078
6.600000000000000 0.021303776842506
6.610000000000000 0.021158252510798
6.620000000000000 0.021013023486850
6.630000000000000 0.020868089192477
6.640000000000000 0.020723449049265
6.650000000000000 0.020579102478588
6.660000000000000 0.020435048901632
6.670000000000000 0.020291287739417
6.680000000000000 0.020147818412818
6.690000000000000 0.020004640342581
6.700000000000000 0.019861752949352
6.710000000000000 0.019726478906367
6.720000000000000 0.019591478771884
6.730000000000000 0.019456752000336
6.740000000000000 0.019322298046099
6.750000000000000 0.019188116363521
6.760000000000000 0.019054206406930
6.770000000000000 0.018920567630657
6.780000000000000 0.018787199489051
6.790000000000000 0.018654101436500
6.800000000000000 0.018521272927440
6.810000000000000 0.018395492963999
6.820000000000000 0.018269967059310
6.830000000000000 0.018144694699674
6.840000000000000 0.018019675371485
6.850000000000000 0.017894908561235
6.860000000000000 0.017770393755538
6.870000000000000 0.017646130441141
6.880000000000000 0.017522118104937
6.890000000000000 0.017398356233978
6.900000000000000 0.017274844315495
6.910000000000000 0.017157864566419
6.920000000000000 0.017041120460391
6.930000000000000 0.016924611514634
6.940000000000000 0.016808337246571
6.950000000000000 0.016692297173833
6.960000000000000 0.016576490814271
6.970000000000000 0.016460917685973
6.980000000000000 0.016345577307269
6.990000000000000 0.016230469196748
7.000000000000000 0.016115592873265
7.010000000000000 0.016006769518476
7.020000000000000 0.015898164731875
7.030000000000000 0.015789778060482
7.040000000000000 0.015681609051594
7.050000000000000 0.015573657252798
7.060000000000000 0.015465922211982
7.070000000000000 0.015358403477341
7.080000000000000 0.015251100597392
7.090000000000000 0.015144013120976
7.100000000000000 0.015037140597276
7.110000000000000 0.014935885430043
7.120000000000000 0.014834832989032
7.130000000000000 0.014733982849848
7.140000000000000 0.014633334588437
7.150000000000000 0.014532887781090
7.160000000000000 0.014432642004457
7.170000000000000 0.014332596835553
7.180000000000000 0.014232751851765
7.190000000000000 0.014133106630860
7.200000000000000 0.014033660750994
7.210000000000000 0.013939417043827
7.220000000000000 0.013845361394086
7.230000000000000 0.013751493404617
7.240000000000000 0.013657812678651
7.250000000000000 0.013564318819808
7.260000000000000 0.013471011432107
7.270000000000000 0.013377890119969
7.280000000000000 0.013284954488226
7.290000000000000 0.013192204142128
7.300000000000000 0.013099638687345
7.310000000000000 0.013011903465753
7.320000000000000 0.012924342697707
7.330000000000000 0.012836956011973
7.340000000000000 0.012749743037727
7.350000000000000 0.012662703404566
7.360000000000000 0.012575836742509
7.370000000000000 0.012489142682007
7.380000000000000 0.012402620853944
7.390000000000000 0.012316270889644
7.400000000000000 0.012230092420877
7.410000000000000 0.012148401570038
7.420000000000000 0.012066872555327
7.430000000000000 0.011985505030090
7.440000000000000 0.011904298648105
7.450000000000000 0.011823253063585
7.460000000000000 0.011742367931184
7.470000000000000 0.011661642906001
7.480000000000000 0.011581077643582
7.490000000000000 0.011500671799929
7.500000000000000 0.011420425031499
7.510000000000000 0.011344333544312
7.520000000000000 0.011268392223453
7.530000000000000 0.011192600745447
7.540000000000000 0.011116958787260
7.550000000000000 0.011041466026300
7.560000000000000 0.010966122140425
7.570000000000000 0.010890926807943
7.580000000000000 0.010815879707618
7.590000000000000 0.010740980518671
7.600000000000000 0.010666228920787
7.610000000000000 0.010595339464030
7.620000000000000 0.010524589352776
7.630000000000000 0.010453978285413
7.640000000000000 0.010383505960777
7.650000000000000 0.010313172078147
7.660000000000000 0.010242976337251
7.670000000000000 0.010172918438269
7.680000000000000 0.010102998081834
7.690000000000000 0.010033214969038
7.700000000000000 0.009963568801430
7.710000000000000 0.009897507562902
7.720000000000000 0.009831575648566
7.730000000000000 0.009765772777371
7.740000000000000 0.009700098668706
7.750000000000000 0.009634553042402
7.760000000000000 0.009569135618734
7.770000000000000 0.009503846118423
7.780000000000000 0.009438684262639
7.790000000000000 0.009373649773002
7.800000000000000 0.009308742371586
7.810000000000000 0.009247171461655
7.820000000000000 0.009185720578951
7.830000000000000 0.009124389461756
7.840000000000000 0.009063177848781
7.850000000000000 0.009002085479170
7.860000000000000 0.008941112092506
7.870000000000000 0.008880257428807
7.880000000000000 0.008819521228529
7.890000000000000 0.008758903232569
7.900000000000000 0.008698403182267
7.910000000000000 0.008640999357576
7.920000000000000 0.008583706955327
7.930000000000000 0.008526525731902
7.940000000000000 0.008469455444102
7.950000000000000 0.008412495849150
7.960000000000000 0.008355646704695
7.970000000000000 0.008298907768807
7.980000000000000 0.008242278799986
7.990000000000000 0.008185759557157
8.000000000000000 0.008129349799676
8.010000000000000 0.008075818232010
8.020000000000000 0.008022390113908
8.029999999999999 0.007969065218695
8.039999999999999 0.007915843320104
8.050000000000001 0.007862724192277
8.060000000000000 0.007809707609763
8.070000000000000 0.007756793347526
8.080000000000000 0.007703981180937
8.090000000000000 0.007651270885782
8.100000000000000 0.007598662238260
8.109999999999999 0.007548731612574
8.119999999999999 0.007498897045173
8.130000000000001 0.007449158325234
8.140000000000001 0.007399515242325
8.150000000000000 0.007349967586410
8.160000000000000 0.007300515147844
8.170000000000000 0.007251157717378
8.180000000000000 0.007201895086158
8.190000000000000 0.007152727045726
8.199999999999999 0.007103653388021
8.210000000000001 0.007057073423850
8.220000000000001 0.007010582663045
8.230000000000000 0.006964180909601
8.240000000000000 0.006917867967887
8.250000000000000 0.006871643642653
8.260000000000000 0.006825507739021
8.270000000000000 0.006779460062495
8.279999999999999 0.006733500418954
8.289999999999999 0.006687628614657
8.300000000000001 0.006641844456241
8.310000000000000 0.006598382118108
8.320000000000000 0.006555002627194
8.330000000000000 0.006511705801329
8.340000000000000 0.006468491458701
8.350000000000000 0.006425359417859
8.359999999999999 0.006382309497710
8.369999999999999 0.006339341517521
8.380000000000001 0.006296455296920
8.390000000000001 0.006253650655896
8.400000000000000 0.006210927414796
8.410000000000000 0.006170361897301
8.420000000000000 0.006129873342047
8.430000000000000 0.006089461579749
8.440000000000000 0.006049126441461
8.449999999999999 0.006008867758583
8.460000000000001 0.005968685362854
8.470000000000001 0.005928579086355
8.480000000000000 0.005888548761510
8.490000000000000 0.005848594221085
8.500000000000000 0.005808715298189
8.510000000000000 0.005770843026168
8.520000000000000 0.005733042265220
8.529999999999999 0.005695312858056
8.539999999999999 0.005657654647709
8.550000000000001 0.005620067477538
8.560000000000000 0.005582551191227
8.570000000000000 0.005545105632781
8.580000000000000 0.005507730646532
8.590000000000000 0.005470426077135
8.600000000000000 0.005433191769570
8.609999999999999 0.005397834233123
8.619999999999999 0.005362543138085
8.630000000000001 0.005327318338373
8.640000000000001 0.005292159688209
8.650000000000000 0.005257067042123
8.660000000000000 0.005222040254952
8.670000000000000 0.005187079181837
8.680000000000000 0.005152183678227
8.690000000000000 0.005117353599877
8.699999999999999 0.005082588802849
8.710000000000001 0.005049564919589
8.720000000000001 0.005016602791333
8.730000000000000 0.004983702282392
8.740000000000000 0.004950863257370
8.750000000000000 0.004918085581156
8.760000000000000 0.004885369118933
8.770000000000000 0.004852713736169
8.779999999999999 0.004820119298624
8.789999999999999 0.004787585672344
8.800000000000001 0.004755112723667
8.810000000000000 0.004724265628889
8.820000000000000 0.004693475935853
8.830000000000000 0.004662743518559
8.840000000000000 0.004632068251279
8.850000000000000 0.004601450008558
8.859999999999999 0.004570888665214
8.869999999999999 0.004540384096242
8.880000000000001 0.004509936177191
8.890000000000001 0.004479544783600
8.900000000000000 0.004449209791464
8.910000000000000 0.004420387640460
8.920000000000000 0.004391618858371
8.930000000000000 0.004362903328194
8.940000000000000 0.004334240933181
8.949999999999999 0.004305631556840
8.960000000000001 0.004277075082935
8.970000000000001 0.004248571395488
8.980000000000000 0.004220120378773
8.990000000000000 0.004191721917323
9.000000000000000 0.004163375895924
9.010000000000000 0.004136440897654
9.020000000000000 0.004109555526021
9.029999999999999 0.004082719672386
9.039999999999999 0.004055933228350
9.050000000000001 0.004029196085755
9.060000000000000 0.004002508136682
9.070000000000000 0.003975869273454
9.080000000000000 0.003949279388632
9.090000000000000 0.003922738375018
9.100000000000000 0.003896246125654
9.109999999999999 0.003871069829982
9.119999999999999 0.003845939688622
9.130000000000001 0.003820855600706
9.140000000000001 0.003795817465591
9.150000000000000 0.003770825182863
9.160000000000000 0.003745878652330
9.170000000000000 0.003720977774027
9.180000000000000 0.003696122448213
9.190000000000000 0.003671312575373
9.199999999999999 0.003646548056215
9.210000000000001 0.003623013057406
9.220000000000001 0.003599520986952
9.230000000000000 0.003576071751214
9.240000000000000 0.003552665256765
9.250000000000000 0.003529301410389
9.260000000000000 0.003505980119080
9.270000000000000 0.003482701290045
9.279999999999999 0.003459464830698
9.289999999999999 0.003436270648668
9.300000000000001 0.003413118651790
9.310000000000000 0.003391114767462
9.320000000000000 0.003369150815778
9.330000000000000 0.003347226709818
9.340000000000000 0.003325342362855
9.350000000000000 0.003303497688364
9.359999999999999 0.003281692600015
9.369999999999999 0.003259927011675
9.380000000000001 0.003238200837411
9.390000000000001 0.003216513991483
9.400000000000000 0.003194866388349
9.410000000000000 0.003174287823206
9.420000000000000 0.003153746414574
9.430000000000000 0.003133242081755
9.440000000000000 0.003112774744240
9.449999999999999 0.003092344321702
9.460000000000001 0.003071950733999
9.470000000000001 0.003051593901172
9.480000000000000 0.003031273743450
9.490000000000000 0.003010990181241
9.500000000000000 0.002990743135141
9.510000000000000 0.002971492643693
9.520000000000000 0.002952276733916
9.529999999999999 0.002933095330888
9.539999999999999 0.002913948359861
9.550000000000001 0.002894835746257
9.560000000000000 0.002875757415672
9.570000000000000 0.002856713293874
9.580000000000000 0.002837703306803
9.590000000000000 0.002818727380572
9.600000000000000 0.002799785441462
9.609999999999999 0.002781778754409
9.619999999999999 0.002763804249314
9.630000000000001 0.002745861856635
9.640000000000001 0.002727951506990
9.650000000000000 0.002710073131159
9.660000000000000 0.002692226660082
9.670000000000000 0.002674412024860
9.680000000000000 0.002656629156754
9.690000000000000 0.002638877987186
9.699999999999999 0.002621158447738
9.710000000000001 0.002604306708191
9.720000000000001 0.002587484932415
9.730000000000000 0.002570693055838
9.740000000000000 0.002553931014036
9.750000000000000 0.002537198742736
9.760000000000000 0.002520496177815
9.770000000000000 0.002503823255301
9.779999999999999 0.002487179911369
9.789999999999999 0.002470566082346
9.800000000000001 0.002453981704707
9.810000000000000 0.002438209889076
9.820000000000000 0.002422465973225
9.830000000000000 0.002406749897198
9.840000000000000 0.002391061601184
9.850000000000000 0.002375401025506
9.859999999999999 0.002359768110632
9.869999999999999 0.002344162797167
9.880000000000001 0.002328585025856
9.890000000000001 0.002313034737583
9.900000000000000 0.002297511873371
9.910000000000000 0.002282745917273
9.920000000000000 0.002268005947599
9.930000000000000 0.002253291908673
9.940000000000000 0.002238603744946
9.949999999999999 0.002223941401005
9.960000000000001 0.002209304821563
9.970000000000001 0.002194693951466
9.980000000000000 0.002180108735686
9.990000000000000 0.002165549119330
10.000000000000000 0.002151015047630
