0.000000000000000 0.000000000000000
0.010000000000000 0.000110405147556
0.020000000000000 0.000442033312619
0.030000000000000 0.000995345550145
0.040000000000000 0.001770596198656
0.050000000000000 0.002767838022380
0.060000000000000 0.003986927527142
0.070000000000000 0.005427530433388
0.080000000000000 0.007089127289817
0.090000000000000 0.008971019211149
0.100000000000000 0.011072333723800
0.110000000000000 0.013398165306900
0.120000000000000 0.015943379227944
0.130000000000000 0.018706854813018
0.140000000000000 0.021687311435271
0.150000000000000 0.024883314779041
0.160000000000000 0.028293283131712
0.170000000000000 0.031915493689065
0.180000000000000 0.035748088860433
0.190000000000000 0.039789082560508
0.200000000000000 0.044036366475221
0.210000000000000 0.048497881114950
0.220000000000000 0.053162897404048
0.230000000000000 0.058029058026668
0.240000000000000 0.063093903361982
0.250000000000000 0.068354877544656
0.260000000000000 0.073809334439750
0.270000000000000 0.079454543523578
0.280000000000000 0.085287695662720
0.290000000000000 0.091305908783997
0.300000000000000 0.097506233428870
0.310000000000000 0.103877490289558
0.320000000000000 0.110423881907184
0.330000000000000 0.117142269129916
0.340000000000000 0.124029467940303
0.350000000000000 0.131082254311733
0.360000000000000 0.138297368922322
0.370000000000000 0.145671521723783
0.380000000000000 0.153201396363330
0.390000000000000 0.160883654457139
0.400000000000000 0.168714939714340
0.410000000000000 0.176625441560720
0.420000000000000 0.184673097133043
0.430000000000000 0.192854473135822
0.440000000000000 0.201166139651555
0.450000000000000 0.209604673297425
0.460000000000000 0.218166660236524
0.470000000000000 0.226848699045338
0.480000000000000 0.235647403439499
0.490000000000000 0.244559404860017
0.500000000000000 0.253581354922416
0.510000000000000 0.262532384010884
0.520000000000000 0.271576566282667
0.530000000000000 0.280710617431277
0.540000000000000 0.289931290659320
0.550000000000000 0.299235378110804
0.560000000000000 0.308619712191198
0.570000000000000 0.318081166778791
0.580000000000000 0.327616658330946
0.590000000000000 0.337223146888861
0.600000000000000 0.346897636984455
0.610000000000000 0.356290629700899
0.620000000000000 0.365730510118014
0.630000000000000 0.375214492045989
0.640000000000000 0.384739845756036
0.650000000000000 0.394303897982897
0.660000000000000 0.403904031863315
0.670000000000000 0.413537686813924
0.680000000000000 0.423202358351958
0.690000000000000 0.432895597862075
0.700000000000000 0.442615012312495
0.710000000000000 0.451810034500306
0.720000000000000 0.461007624964926
0.730000000000000 0.470205722701732
0.740000000000000 0.479402328341842
0.750000000000000 0.488595503183327
0.760000000000000 0.497783368204570
0.770000000000000 0.506964103062096
0.780000000000000 0.516135945075144
0.790000000000000 0.525297188199109
0.800000000000000 0.534446181989866
0.810000000000000 0.542828812210618
0.820000000000000 0.551175234012948
0.830000000000000 0.559484207444019
0.840000000000000 0.567754548974110
0.850000000000000 0.575985130025645
0.860000000000000 0.584174875518928
0.870000000000000 0.592322762435561
0.880000000000000 0.600427818400476
0.890000000000000 0.608489120283406
0.900000000000000 0.616505792820522
0.910000000000000 0.623556397435588
0.920000000000000 0.630540182978698
0.930000000000000 0.637456709078294
0.940000000000000 0.644305580236792
0.950000000000000 0.651086444241815
0.960000000000000 0.657798990614295
0.970000000000000 0.664442949093356
0.980000000000000 0.671018088157784
0.990000000000000 0.677524213583880
1.000000000000000 0.683961167039441
1.010000000000000 0.689335084307621
1.020000000000000 0.694621529758441
1.030000000000000 0.699820745828573
1.040000000000000 0.704933005710052
1.050000000000000 0.709958611908099
1.060000000000000 0.714897894843133
1.070000000000000 0.719751211496137
1.080000000000000 0.724518944096569
1.090000000000000 0.729201498851963
1.100000000000000 0.733799304718367
1.110000000000000 0.737331779331252
1.120000000000000 0.740765811659164
1.130000000000000 0.744102161841794
1.140000000000000 0.747341607085763
1.150000000000000 0.750484940503118
1.160000000000000 0.753532969992457
1.170000000000000 0.756486517161554
1.180000000000000 0.759346416290379
1.190000000000000 0.762113513333412
1.200000000000000 0.764788664960175
1.210000000000000 0.766510591156666
1.220000000000000 0.768131766358550
1.230000000000000 0.769653286084491
1.240000000000000 0.771076251492542
1.250000000000000 0.772401768536287
1.260000000000000 0.773630947157140
1.270000000000000 0.774764900511640
1.280000000000000 0.775804744232648
1.290000000000000 0.776751595723353
1.300000000000000 0.777606573483015
1.310000000000000 0.777695985949526
1.320000000000000 0.777688973997782
1.330000000000000 0.777586802752109
1.340000000000000 0.777390734579230
1.350000000000000 0.777102028535078
1.360000000000000 0.776721939839581
1.370000000000000 0.776251719378416
1.380000000000000 0.775692613230793
1.390000000000000 0.775045862222311
1.400000000000000 0.774312701501975
1.410000000000000 0.773039536034377
1.420000000000000 0.771678652416848
1.430000000000000 0.770231353800165
1.440000000000000 0.768698935176076
1.450000000000000 0.767082683057399
1.460000000000000 0.765383875178262
1.470000000000000 0.763603780213682
1.480000000000000 0.761743657517731
1.490000000000000 0.759804756879547
1.500000000000000 0.757788318296479
1.510000000000000 0.755449737100206
1.520000000000000 0.753034401842680
1.530000000000000 0.750543563398228
1.540000000000000 0.747978461563696
1.550000000000000 0.745340324908024
1.560000000000000 0.742630370635431
1.570000000000000 0.739849804461621
1.580000000000000 0.736999820502474
1.590000000000000 0.734081601174644
1.600000000000000 0.731096317107571
1.610000000000000 0.727990570511323
1.620000000000000 0.724819763208350
1.630000000000000 0.721585038106584
1.640000000000000 0.718287525966498
1.650000000000000 0.714928345363455
1.660000000000000 0.711508602658728
1.670000000000000 0.708029391978758
1.680000000000000 0.704491795202278
1.690000000000000 0.700896881954897
1.700000000000000 0.697245709610810
1.710000000000000 0.693632490932431
1.720000000000000 0.689965508048926
1.730000000000000 0.686245769605255
1.740000000000000 0.682474272243593
1.750000000000000 0.678652000634126
1.760000000000000 0.674779927510990
1.770000000000000 0.670859013713091
1.780000000000000 0.666890208229520
1.790000000000000 0.662874448249325
1.800000000000000 0.658812659215382
1.810000000000000 0.654914581503903
1.820000000000000 0.650973038371322
1.830000000000000 0.646988896751172
1.840000000000000 0.642963012445986
1.850000000000000 0.638896230194751
1.860000000000000 0.634789383743149
1.870000000000000 0.630643295916412
1.880000000000000 0.626458778694612
1.890000000000000 0.622236633290233
1.900000000000000 0.617977650227851
1.910000000000000 0.613961475125087
1.920000000000000 0.609910797736235
1.930000000000000 0.605826349416071
1.940000000000000 0.601708851606843
1.950000000000000 0.597559015921435
1.960000000000000 0.593377544227820
1.970000000000000 0.589165128734692
1.980000000000000 0.584922452078164
1.990000000000000 0.580650187409446
2.000000000000000 0.576348998483372
2.010000000000000 0.572337415834728
2.020000000000000 0.568298897123028
2.030000000000000 0.564234050931878
2.040000000000000 0.560143477258443
2.050000000000000 0.556027767599461
2.060000000000000 0.551887505037658
2.070000000000000 0.547723264328474
2.080000000000000 0.543535611987035
2.090000000000000 0.539325106375332
2.100000000000000 0.535092297789516
2.110000000000000 0.531173516962409
2.120000000000000 0.527234048642110
2.130000000000000 0.523274394023370
2.140000000000000 0.519295047008632
2.150000000000000 0.515296494289652
2.160000000000000 0.511279215428984
2.170000000000000 0.507243682941316
2.180000000000000 0.503190362374585
2.190000000000000 0.499119712390866
2.200000000000000 0.495032184846981
2.210000000000000 0.491265541609642
2.220000000000000 0.487483282032053
2.230000000000000 0.483685815693067
2.240000000000000 0.479873546065297
2.250000000000000 0.476046870588734
2.260000000000000 0.472206180743970
2.270000000000000 0.468351862125014
2.280000000000000 0.464484294511681
2.290000000000000 0.460603851941528
2.300000000000000 0.456710902781325
2.310000000000000 0.453134025822014
2.320000000000000 0.449545591770451
2.330000000000000 0.445945933391377
2.340000000000000 0.442335378388624
2.350000000000000 0.438714249469385
2.360000000000000 0.435082864407986
2.370000000000000 0.431441536109140
2.380000000000000 0.427790572670690
2.390000000000000 0.424130277445820
2.400000000000000 0.420460949104737
2.410000000000000 0.417094499318525
2.420000000000000 0.413719704033639
2.430000000000000 0.410336832451708
2.440000000000000 0.406946149610237
2.450000000000000 0.403547916437499
2.460000000000000 0.400142389806902
2.470000000000000 0.396729822590832
2.480000000000000 0.393310463713972
2.490000000000000 0.389884558206085
2.500000000000000 0.386452347254263
2.510000000000000 0.383304776078704
2.520000000000000 0.380151375088206
2.530000000000000 0.376992361380658
2.540000000000000 0.373827948644978
2.550000000000000 0.370658347207297
2.560000000000000 0.367483764076632
2.570000000000000 0.364304402990079
2.580000000000000 0.361120464457494
2.590000000000000 0.357932145805692
2.600000000000000 0.354739641222147
2.610000000000000 0.351812596048549
2.620000000000000 0.348881673400896
2.630000000000000 0.345947047888232
2.640000000000000 0.343008891339479
2.650000000000000 0.340067372841862
2.660000000000000 0.337122658778876
2.670000000000000 0.334174912867816
2.680000000000000 0.331224296196860
2.690000000000000 0.328270967261712
2.700000000000000 0.325315082001804
2.710000000000000 0.322603787896602
2.720000000000000 0.319890116925743
2.730000000000000 0.317174209241487
2.740000000000000 0.314456202734393
2.750000000000000 0.311736233065040
2.760000000000000 0.309014433695357
2.770000000000000 0.306290935919571
2.780000000000000 0.303565868894756
2.790000000000000 0.300839359671017
2.800000000000000 0.298111533221275
2.810000000000000 0.295607546718419
2.820000000000000 0.293102324999550
2.830000000000000 0.290595980368119
2.840000000000000 0.288088623290515
2.850000000000000 0.285580362422113
2.860000000000000 0.283071304632989
2.870000000000000 0.280561555033302
2.880000000000000 0.278051216998352
2.890000000000000 0.275540392193308
2.900000000000000 0.273029180597616
2.910000000000000 0.270722532206842
2.920000000000000 0.268415506308207
2.930000000000000 0.266108192732378
2.940000000000000 0.263800679819569
2.950000000000000 0.261493054440847
2.960000000000000 0.259185402019156
2.970000000000000 0.256877806550059
2.980000000000000 0.254570350622209
2.990000000000000 0.252263115437546
3.000000000000000 0.249956180831219
3.010000000000000 0.247835144311146
3.020000000000000 0.245714365237679
3.030000000000000 0.243593915349641
3.040000000000000 0.241473865177237
3.050000000000000 0.239354284059427
3.060000000000000 0.237235240161071
3.070000000000000 0.235116800489842
3.080000000000000 0.232999030912903
3.090000000000000 0.230881996173369
3.100000000000000 0.228765759906534
3.110000000000000 0.226818330506678
3.120000000000000 0.224871619256837
3.130000000000000 0.222925683343663
3.140000000000000 0.220980578973976
3.150000000000000 0.219036361388916
3.160000000000000 0.217093084877900
3.170000000000000 0.215150802792377
3.180000000000000 0.213209567559410
3.190000000000000 0.211269430695057
3.200000000000000 0.209330442817577
3.210000000000000 0.207544498479574
3.220000000000000 0.205759597554695
3.230000000000000 0.203975785536321
3.240000000000000 0.202193107123489
3.250000000000000 0.200411606232399
3.260000000000000 0.198631326007760
3.270000000000000 0.196852308833977
3.280000000000000 0.195074596346187
3.290000000000000 0.193298229441135
3.300000000000000 0.191523248287909
3.310000000000000 0.189886529284039
3.320000000000000 0.188251074808315
3.330000000000000 0.186616920970733
3.340000000000000 0.184984103237106
3.350000000000000 0.183352656438405
3.360000000000000 0.181722614779992
3.370000000000000 0.180094011850703
3.380000000000000 0.178466880631818
3.390000000000000 0.176841253505904
3.400000000000000 0.175217162265523
3.410000000000000 0.173718385576955
3.420000000000000 0.172221013972895
3.430000000000000 0.170725076032000
3.440000000000000 0.169230599810401
3.450000000000000 0.167737612849303
3.460000000000000 0.166246142182477
3.470000000000000 0.164756214343646
3.480000000000000 0.163267855373771
3.490000000000000 0.161781090828232
3.500000000000000 0.160295945783909
3.510000000000000 0.158924192026501
3.520000000000000 0.157553922750407
3.530000000000000 0.156185160496021
3.540000000000000 0.154817927379745
3.550000000000000 0.153452245100164
3.560000000000000 0.152088134944132
3.570000000000000 0.150725617792776
3.580000000000000 0.149364714127414
3.590000000000000 0.148005444035392
3.600000000000000 0.146647827215832
3.610000000000000 0.145392775139879
3.620000000000000 0.144139240881065
3.630000000000000 0.142887242142833
3.640000000000000 0.141636796284445
3.650000000000000 0.140387920326000
3.660000000000000 0.139140630953383
3.670000000000000 0.137894944523148
3.680000000000000 0.136650877067324
3.690000000000000 0.135408444298161
3.700000000000000 0.134167661612807
3.710000000000000 0.133019681396766
3.720000000000000 0.131873218013332
3.730000000000000 0.130728285294817
3.740000000000000 0.129584896794029
3.750000000000000 0.128443065788356
3.760000000000000 0.127302805283790
3.770000000000000 0.126164128018897
3.780000000000000 0.125027046468727
3.790000000000000 0.123891572848675
3.800000000000000 0.122757719118279
3.810000000000000 0.121708307041037
3.820000000000000 0.120660384847549
3.830000000000000 0.119613963272984
3.840000000000000 0.118569052825527
3.850000000000000 0.117525663789702
3.860000000000000 0.116483806229645
3.870000000000000 0.115443489992331
3.880000000000000 0.114404724710763
3.890000000000000 0.113367519807104
3.900000000000000 0.112331884495774
3.910000000000000 0.111372318902468
3.920000000000000 0.110414199016752
3.930000000000000 0.109457533104247
3.940000000000000 0.108502329246132
3.950000000000000 0.107548595341846
3.960000000000000 0.106596339111758
3.970000000000000 0.105645568099793
3.980000000000000 0.104696289676029
3.990000000000000 0.103748511039246
4.000000000000000 0.102802239219456
4.010000000000000 0.101924715933252
4.020000000000000 0.101048582028865
4.030000000000000 0.100173843804861
4.040000000000000 0.099300507409878
4.050000000000000 0.098428578844828
4.060000000000000 0.097558063965074
4.070000000000000 0.096688968482570
4.080000000000000 0.095821297967977
4.090000000000000 0.094955057852745
4.100000000000000 0.094090253431167
4.110000000000000 0.093287761619514
4.120000000000000 0.092486594631893
4.130000000000000 0.091686757202876
4.140000000000000 0.090888253945145
4.150000000000000 0.090091089351295
4.160000000000000 0.089295267795604
4.170000000000000 0.088500793535784
4.180000000000000 0.087707670714701
4.190000000000000 0.086915903362081
4.200000000000000 0.086125495396184
4.210000000000000 0.085391901724492
4.220000000000000 0.084659562725284
4.230000000000000 0.083928481892545
4.240000000000000 0.083198662621205
4.250000000000000 0.082470108208602
4.260000000000000 0.081742821855933
4.270000000000000 0.081016806669679
4.280000000000000 0.080292065663015
4.290000000000000 0.079568601757195
4.300000000000000 0.078846417782922
4.310000000000000 0.078175779142846
4.320000000000000 0.077506322574127
4.330000000000000 0.076838050591013
4.340000000000000 0.076170965627258
4.350000000000000 0.075505070037328
4.360000000000000 0.074840366097576
4.370000000000000 0.074176856007412
4.380000000000000 0.073514541890453
4.390000000000000 0.072853425795653
4.400000000000000 0.072193509698428
4.410000000000000 0.071580166458804
4.420000000000000 0.070967932550019
4.430000000000000 0.070356809716046
4.440000000000000 0.069746799635451
4.450000000000000 0.069137903922383
4.460000000000000 0.068530124127532
4.470000000000000 0.067923461739088
4.480000000000000 0.067317918183679
4.490000000000000 0.066713494827302
4.500000000000000 0.066110192976232
4.510000000000000 0.065549312922027
4.520000000000000 0.064989469947223
4.530000000000000 0.064430665193168
4.540000000000000 0.063872899748103
4.550000000000000 0.063316174647965
4.560000000000000 0.062760490877174
4.570000000000000 0.062205849369419
4.580000000000000 0.061652251008425
4.590000000000000 0.061099696628710
4.600000000000000 0.060548187016337
4.610000000000000 0.060035202912744
4.620000000000000 0.059523185453911
4.630000000000000 0.059012135313003
4.640000000000000 0.058502053120091
4.650000000000000 0.057992939462805
4.660000000000000 0.057484794886986
4.670000000000000 0.056977619897326
4.680000000000000 0.056471414957993
4.690000000000000 0.055966180493258
4.700000000000000 0.055461916888107
4.710000000000000 0.054992636467275
4.720000000000000 0.054524254816714
4.730000000000000 0.054056772248889
4.740000000000000 0.053590189041324
4.750000000000000 0.053124505437143
4.760000000000000 0.052659721645596
4.770000000000000 0.052195837842588
4.780000000000000 0.051732854171193
4.790000000000000 0.051270770742167
4.800000000000000 0.050809587634445
4.810000000000000 0.050380257900423
4.820000000000000 0.049951761931882
4.830000000000000 0.049524099766468
4.840000000000000 0.049097271413533
4.850000000000000 0.048671276854578
4.860000000000000 0.048246116043688
4.870000000000000 0.047821788907962
4.880000000000000 0.047398295347935
4.890000000000000 0.046975635238000
4.900000000000000 0.046553808426816
4.910000000000000 0.046160943059452
4.920000000000000 0.045768849760117
4.930000000000000 0.045377528359978
4.940000000000000 0.044986978667320
4.950000000000000 0.044597200467916
4.960000000000000 0.044208193525381
4.970000000000000 0.043819957581526
4.980000000000000 0.043432492356706
4.990000000000000 0.043045797550160
5.000000000000000 0.042659872840355
5.010000000000000 0.042300344633294
5.020000000000000 0.041941530150739
5.030000000000000 0.041583429071744
5.040000000000000 0.041226041056894
5.050000000000000 0.040869365748617
5.060000000000000 0.040513402771465
5.070000000000000 0.040158151732410
5.080000000000000 0.039803612221129
5.090000000000000 0.039449783810282
5.100000000000000 0.039096666055797
5.110000000000000 0.038767597961360
5.120000000000000 0.038439188725617
5.130000000000000 0.038111437918505
5.140000000000000 0.037784345095092
5.150000000000000 0.037457909795831
5.160000000000000 0.037132131546790
5.170000000000000 0.036807009859900
5.180000000000000 0.036482544233181
5.190000000000000 0.036158734150983
5.200000000000000 0.035835579084204
5.210000000000000 0.035534364088082
5.220000000000000 0.035233756516597
5.230000000000000 0.034933755864497
5.240000000000000 0.034634361614598
5.250000000000000 0.034335573237977
5.260000000000000 0.034037390194181
5.270000000000000 0.033739811931414
5.280000000000000 0.033442837886732
5.290000000000000 0.033146467486238
5.300000000000000 0.032850700145262
5.310000000000000 0.032574877270694
5.320000000000000 0.032299613939747
5.330000000000000 0.032024909598321
5.340000000000000 0.031750763682766
5.350000000000000 0.031477175620047
5.360000000000000 0.031204144827905
5.370000000000000 0.030931670715018
5.380000000000000 0.030659752681164
5.390000000000000 0.030388390117370
5.400000000000000 0.030117582406073
5.410000000000000 0.029865027174160
5.420000000000000 0.029612986780022
5.430000000000000 0.029361460641541
5.440000000000000 0.029110448168988
5.450000000000000 0.028859948765160
5.460000000000000 0.028609961825511
5.470000000000000 0.028360486738289
5.480000000000000 0.028111522884662
5.490000000000000 0.027863069638850
5.500000000000000 0.027615126368250
5.510000000000000 0.027383730234241
5.520000000000000 0.027152807660864
5.530000000000000 0.026922358053497
5.540000000000000 0.026692380811484
5.550000000000000 0.026462875328244
5.560000000000000 0.026233840991379
5.570000000000000 0.026005277182789
5.580000000000000 0.025777183278775
5.590000000000000 0.025549558650144
5.600000000000000 0.025322402662319
5.610000000000000 0.025110480080698
5.620000000000000 0.024898992520262
5.630000000000000 0.024687939386489
5.640000000000000 0.024477320080101
5.650000000000000 0.024267133997156
5.660000000000000 0.024057380529137
5.670000000000000 0.023848059063044
5.680000000000000 0.023639168981483
5.690000000000000 0.023430709662748
5.700000000000000 0.023222680480914
5.710000000000000 0.023028515949592
5.720000000000000 0.022834750890892
5.730000000000000 0.022641384719312
5.740000000000000 0.022448416845627
5.750000000000000 0.022255846676971
5.760000000000000 0.022063673616908
5.770000000000000 0.021871897065503
5.780000000000000 0.021680516419402
5.790000000000000 0.021489531071898
5.800000000000000 0.021298940413001
5.810000000000000 0.021121046580184
5.820000000000000 0.020943519316060
5.830000000000000 0.020766358050971
5.840000000000000 0.020589562212375
5.850000000000000 0.020413131224912
5.860000000000000 0.020237064510463
5.870000000000000 0.020061361488215
5.880000000000000 0.019886021574713
5.890000000000000 0.019711044183928
5.900000000000000 0.019536428727307
5.910000000000000 0.019373365438220
5.920000000000000 0.019210638477585
5.930000000000000 0.019048247296168
5.940000000000000 0.018886191342525
5.950000000000000 0.018724470063059
5.960000000000000 0.018563082902070
5.970000000000000 0.018402029301803
5.980000000000000 0.018241308702498
5.990000000000000 0.018080920542439
6.000000000000000 0.017920864258003
6.010000000000000 0.017771351488612
6.020000000000000 0.017622147219889
6.030000000000000 0.017473250926245
6.040000000000000 0.017324662080426
6.050000000000000 0.017176380153559
6.060000000000000 0.017028404615193
6.070000000000000 0.016880734933340
6.080000000000000 0.016733370574516
6.090000000000000 0.016586311003779
6.100000000000000 0.016439555684771
6.110000000000000 0.016302515169157
6.120000000000000 0.016165757377999
6.130000000000000 0.016029281811792
6.140000000000000 0.015893087969806
6.150000000000000 0.015757175350117
6.160000000000000 0.015621543449647
6.170000000000000 0.015486191764196
6.180000000000000 0.015351119788471
6.190000000000000 0.015216327016126
6.200000000000000 0.015081812939786
6.210000000000000 0.014956162832142
6.220000000000000 0.014830771794125
6.230000000000000 0.014705639353401
6.240000000000000 0.014580765036760
6.250000000000000 0.014456148370143
6.260000000000000 0.014331788878671
6.270000000000000 0.014207686086669
6.280000000000000 0.014083839517700
6.290000000000000 0.013960248694586
6.300000000000000 0.013836913139439
6.310000000000000 0.013721716150249
6.320000000000000 0.013606756433073
6.330000000000000 0.013492033543360
6.340000000000000 0.013377547035956
6.350000000000000 0.013263296465132
6.360000000000000 0.013149281384603
6.370000000000000 0.013035501347554
6.380000000000000 0.012921955906659
6.390000000000000 0.012808644614109
6.400000000000000 0.012695567021626
6.410000000000000 0.012589871783276
6.420000000000000 0.012484393944985
6.430000000000000 0.012379133089616
6.440000000000000 0.012274088799646
6.450000000000000 0.012169260657191
6.460000000000000 0.012064648244022
6.470000000000000 0.011960251141586
6.480000000000000 0.011856068931021
6.490000000000000 0.011752101193179
6.500000000000000 0.011648347508637
6.510000000000000 0.011551406811611
6.520000000000000 0.011454665158219
6.530000000000000 0.011358122158534
6.540000000000000 0.011261777422419
6.550000000000000 0.011165630559540
6.560000000000000 0.011069681179385
6.570000000000000 0.010973928891276
6.580000000000000 0.010878373304387
6.590000000000000 0.010783014027756
6.600000000000000 0.010687850670301
6.610000000000000 0.010598912683530
6.620000000000000 0.010510156932376
6.630000000000000 0.010421583053295
6.640000000000000 0.010333190682663
6.650000000000000 0.010244979456793
6.660000000000000 0.010156949011944
6.670000000000000 0.010069098984337
6.680000000000000 0.009981429010161
6.690000000000000 0.009893938725594
6.700000000000000 0.009806627766808
6.710000000000000 0.009725049871697
6.720000000000000 0.009643638736149
6.730000000000000 0.009562394022167
6.740000000000000 0.009481315391782
6.750000000000000 0.009400402507055
6.760000000000000 0.009319655030096
6.770000000000000 0.009239072623066
6.780000000000000 0.009158654948193
6.790000000000000 0.009078401667778
6.800000000000000 0.008998312444207
6.810000000000000 0.008923434335818
6.820000000000000 0.008848708893073
6.830000000000000 0.008774135802202
6.840000000000000 0.008699714749534
6.850000000000000 0.008625445421506
6.860000000000000 0.008551327504676
6.870000000000000 0.008477360685723
6.880000000000000 0.008403544651465
6.890000000000000 0.008329879088859
6.900000000000000 0.008256363685013
6.910000000000000 0.008187639240052
6.920000000000000 0.008119054515186
6.930000000000000 0.008050609219730
6.940000000000000 0.007982303063155
6.950000000000000 0.007914135755099
6.960000000000000 0.007846107005370
6.970000000000000 0.007778216523954
6.980000000000000 0.007710464021022
6.990000000000000 0.007642849206935
7.000000000000000 0.007575371792254
7.010000000000000 0.007512307976400
7.020000000000000 0.007449371977614
7.030000000000000 0.007386563527134
7.040000000000000 0.007323882356397
7.050000000000000 0.007261328197042
7.060000000000000 0.007198900780918
7.070000000000000 0.007136599840091
7.080000000000000 0.007074425106844
7.090000000000000 0.007012376313687
7.100000000000000 0.006950453193362
7.110000000000000 0.006892573571404
7.120000000000000 0.006834810875045
7.130000000000000 0.006777164856136
7.140000000000000 0.006719635266753
7.150000000000000 0.006662221859205
7.160000000000000 0.006604924386033
7.170000000000000 0.006547742600021
7.180000000000000 0.006490676254194
7.190000000000000 0.006433725101829
7.200000000000000 0.006376888896451
7.210000000000000 0.006323742293510
7.220000000000000 0.006270702685044
7.230000000000000 0.006217769842142
7.240000000000000 0.006164943536134
7.250000000000000 0.006112223538601
7.260000000000000 0.006059609621372
7.270000000000000 0.006007101556536
7.280000000000000 0.005954699116435
7.290000000000000 0.005902402073677
7.300000000000000 0.005850210201134
7.310000000000000 0.005801414392531
7.320000000000000 0.005752716464179
7.330000000000000 0.005704116205202
7.340000000000000 0.005655613404975
7.350000000000000 0.005607207853131
7.360000000000000 0.005558899339565
7.370000000000000 0.005510687654433
7.380000000000000 0.005462572588157
7.390000000000000 0.005414553931428
7.400000000000000 0.005366631475208
7.410000000000000 0.005321843294415
7.420000000000000 0.005277144615257
7.430000000000000 0.005232535243753
7.440000000000000 0.005188014986176
7.450000000000000 0.005143583649062
7.460000000000000 0.005099241039210
7.470000000000000 0.005054986963684
7.480000000000000 0.005010821229812
7.490000000000000 0.004966743645195
7.500000000000000 0.004922754017703
7.510000000000000 0.004881632492362
7.520000000000000 0.004840592819960
7.530000000000000 0.004799634822184
7.540000000000000 0.004758758320976
7.550000000000000 0.004717963138539
7.560000000000000 0.004677249097335
7.570000000000000 0.004636616020091
7.580000000000000 0.004596063729796
7.590000000000000 0.004555592049705
7.600000000000000 0.004515200803342
7.610000000000000 0.004477420753325
7.620000000000000 0.004439715602708
7.630000000000000 0.004402085187614
7.640000000000000 0.004364529344422
7.650000000000000 0.004327047909762
7.660000000000000 0.004289640720522
7.670000000000000 0.004252307613847
7.680000000000000 0.004215048427138
7.690000000000000 0.004177862998058
7.700000000000000 0.004140751164530
7.710000000000000 0.004106060887932
7.720000000000000 0.004071439099484
7.730000000000000 0.004036885648798
7.740000000000000 0.004002400385731
7.750000000000000 0.003967983160388
7.760000000000000 0.003933633823122
7.770000000000000 0.003899352224534
7.780000000000000 0.003865138215473
7.790000000000000 0.003830991647043
7.800000000000000 0.003796912370596
7.810000000000000 0.003765056737652
7.820000000000000 0.003733263728608
7.830000000000000 0.003701533205550
7.840000000000000 0.003669865030797
7.850000000000000 0.003638259066906
7.860000000000000 0.003606715176672
7.870000000000000 0.003575233223130
7.880000000000000 0.003543813069554
7.890000000000000 0.003512454579457
7.900000000000000 0.003481157616595
7.910000000000000 0.003451901563031
7.920000000000000 0.003422702772575
7.930000000000000 0.003393561118818
7.940000000000000 0.003364476475578
7.950000000000000 0.003335448716901
7.960000000000000 0.003306477717058
7.970000000000000 0.003277563350549
7.980000000000000 0.003248705492101
7.990000000000000 0.003219904016674
8.000000000000000 0.003191158799452
8.010000000000000 0.003164279089504
8.020000000000000 0.003137451758387
8.029999999999999 0.003110676690261
8.039999999999999 0.003083953769505
8.050000000000001 0.003057282880711
8.060000000000000 0.003030663908687
8.070000000000000 0.003004096738457
8.080000000000000 0.002977581255262
8.090000000000000 0.002951117344561
8.100000000000000 0.002924704892027
8.109999999999999 0.002900015478602
8.119999999999999 0.002875373958582
8.130000000000001 0.002850780225906
8.140000000000001 0.002826234174720
8.150000000000000 0.002801735699371
8.160000000000000 0.002777284694411
8.170000000000000 0.002752881054595
8.180000000000000 0.002728524674884
8.190000000000000 0.002704215450440
8.199999999999999 0.002679953276634
8.210000000000001 0.002657272556296
8.220000000000001 0.002634635631065
8.230000000000000 0.002612042403873
8.240000000000000 0.002589492777842
8.250000000000000 0.002566986656286
8.260000000000000 0.002544523942710
8.270000000000000 0.002522104540813
8.279999999999999 0.002499728354481
8.289999999999999 0.002477395287798
8.300000000000001 0.002455105245035
8.310000000000000 0.002434272688091
8.320000000000000 0.002413480170313
8.330000000000000 0.002392727602917
8.340000000000000 0.002372014897297
8.350000000000000 0.002351341965027
8.359999999999999 0.002330708717858
8.369999999999999 0.002310115067725
8.380000000000001 0.002289560926738
8.390000000000001 0.002269046207188
8.400000000000000 0.002248570821548
8.410000000000000 0.002229432275319
8.420000000000000 0.002210330339250
8.430000000000000 0.002191264932153
8.440000000000000 0.002172235973007
8.449999999999999 0.002153243380958
8.460000000000001 0.002134287075318
8.470000000000001 0.002115366975570
8.480000000000000 0.002096483001362
8.490000000000000 0.002077635072511
8.500000000000000 0.002058823109000
8.510000000000000 0.002041234973108
8.520000000000000 0.002023680321705
8.529999999999999 0.002006159080552
8.539999999999999 0.001988671175565
8.550000000000001 0.001971216532818
8.560000000000000 0.001953795078540
8.570000000000000 0.001936406739117
8.580000000000000 0.001919051441090
8.590000000000000 0.001901729111157
8.600000000000000 0.001884439676170
8.609999999999999 0.001868282501669
8.619999999999999 0.001852155939468
8.630000000000001 0.001836059921735
8.640000000000001 0.001819994380783
8.650000000000000 0.001803959249070
8.660000000000000 0.001787954459199
8.670000000000000 0.001771979943917
8.680000000000000 0.001756035636118
8.690000000000000 0.001740121468839
8.699999999999999 0.001724237375262
8.710000000000001 0.001709392244162
8.720000000000001 0.001694575103202
8.730000000000000 0.001679785890413
8.740000000000000 0.001665024543961
8.750000000000000 0.001650291002147
8.760000000000000 0.001635585203406
8.770000000000000 0.001620907086307
8.779999999999999 0.001606256589553
8.789999999999999 0.001591633651983
8.800000000000001 0.001577038212567
8.810000000000000 0.001563392997876
8.820000000000000 0.001549773385574
8.830000000000000 0.001536179319042
8.840000000000000 0.001522610741786
8.850000000000000 0.001509067597437
8.859999999999999 0.001495549829749
8.869999999999999 0.001482057382572
8.880000000000001 0.001468590199970
8.890000000000001 0.001455148226039
8.900000000000000 0.001441731405062
8.910000000000000 0.001429196298390
8.920000000000000 0.001416684595593
8.930000000000000 0.001404196244984
8.940000000000000 0.001391731194993
8.949999999999999 0.001379289394166
8.960000000000001 0.001366870791162
8.970000000000001 0.001354475334755
8.980000000000000 0.001342102973835
8.990000000000000 0.001329753657405
9.000000000000000 0.001317427334583
9.010000000000000 0.001305911126862
9.020000000000000 0.001294416314413
9.029999999999999 0.001282942850061
9.039999999999999 0.001271490686739
9.050000000000001 0.001260059777486
9.060000000000000 0.001248650075447
9.070000000000000 0.001237261533871
9.080000000000000 0.001225894106116
9.090000000000000 0.001214547745641
9.100000000000000 0.001203222406016
9.109999999999999 0.001192633859414
9.119999999999999 0.001182064887340
9.130000000000001 0.001171515446712
9.140000000000001 0.001160985494546
9.150000000000000 0.001150474987958
9.160000000000000 0.001139983884158
9.170000000000000 0.001129512140455
9.180000000000000 0.001119059714258
9.190000000000000 0.001108626563069
9.199999999999999 0.001098212644490
9.210000000000001 0.001088482472540
9.220000000000001 0.001078770198769
9.230000000000000 0.001069075783863
9.240000000000000 0.001059399188599
9.250000000000000 0.001049740373845
9.260000000000000 0.001040099300556
9.270000000000000 0.001030475929780
9.279999999999999 0.001020870222652
9.289999999999999 0.001011282140398
9.300000000000001 0.001001711644332
9.310000000000000 0.000992770620499
9.320000000000000 0.000983845961147
9.330000000000000 0.000974937630409
9.340000000000000 0.000966045592503
9.350000000000000 0.000957169811728
9.359999999999999 0.000948310252465
9.369999999999999 0.000939466879180
9.380000000000001 0.000930639656419
9.390000000000001 0.000921828548811
9.400000000000000 0.000913033521067
9.410000000000000 0.000904811902425
9.420000000000000 0.000896605256503
9.430000000000000 0.000888413550563
9.440000000000000 0.000880236751941
9.449999999999999 0.000872074828050
9.460000000000001 0.000863927746378
9.470000000000001 0.000855795474492
9.480000000000000 0.000847677980029
9.490000000000000 0.000839575230707
9.500000000000000 0.000831487194316
9.510000000000000 0.000823932058543
9.520000000000000 0.000816390612826
9.529999999999999 0.000808862827305
9.539999999999999 0.000801348672189
9.550000000000001 0.000793848117759
9.560000000000000 0.000786361134363
9.570000000000000 0.000778887692421
9.580000000000000 0.000771427762419
9.590000000000000 0.000763981314917
9.600000000000000 0.000756548320538
9.609999999999999 0.000749601137509
9.619999999999999 0.000742666479986
9.630000000000001 0.000735744320723
9.640000000000001 0.000728834632534
9.650000000000000 0.000721937388299
9.660000000000000 0.000715052560963
9.670000000000000 0.000708180123532
9.680000000000000 0.000701320049078
9.690000000000000 0.000694472310734
9.699999999999999 0.000687636881699
9.710000000000001 0.000681251088570
9.720000000000001 0.000674876751149
9.730000000000000 0.000668513844583
9.740000000000000 0.000662162344079
9.750000000000000 0.000655822224902
9.760000000000000 0.000649493462375
9.770000000000000 0.000643176031881
9.779999999999999 0.000636869908859
9.789999999999999 0.000630575068808
9.800000000000001 0.000624291487283
9.810000000000000 0.000618418873867
9.820000000000000 0.000612556742939
9.830000000000000 0.000606705071824
9.840000000000000 0.000600863837901
9.850000000000000 0.000595033018601
9.859999999999999 0.000589212591409
9.869999999999999 0.000583402533864
9.880000000000001 0.000577602823559
9.890000000000001 0.000571813438137
9.900000000000000 0.000566034355297
9.910000000000000 0.000560632785598
9.920000000000000 0.000555240809534
9.930000000000000 0.000549858406413
9.940000000000000 0.000544485555594
9.949999999999999 0.000539122236483
9.960000000000001 0.000533768428537
9.970000000000001 0.000528424111261
9.980000000000000 0.000523089264209
9.990000000000000 0.000517763866983
10.000000000000000 0.000512447899234
