0.000000000000000 0.000000000000000
0.010000000000000 0.000159373798034
0.020000000000000 0.000636294721568
0.030000000000000 0.001428801165428
0.040000000000000 0.002534722837538
0.050000000000000 0.003951688185946
0.060000000000000 0.005677131952097
0.070000000000000 0.007708302829683
0.080000000000000 0.010042271208774
0.090000000000000 0.012675936985325
0.100000000000000 0.015606037416667
0.110000000000000 0.018829993277878
0.120000000000000 0.022343702777856
0.130000000000000 0.026143494908830
0.140000000000000 0.030225566101746
0.150000000000000 0.034585988056607
0.160000000000000 0.039220715516833
0.170000000000000 0.044125593972865
0.180000000000000 0.049296367281049
0.190000000000000 0.054728685184623
0.200000000000000 0.060418110724498
0.210000000000000 0.066339392989498
0.220000000000000 0.072505067618109
0.230000000000000 0.078910316483462
0.240000000000000 0.085550272566092
0.250000000000000 0.092420026471696
0.260000000000000 0.099514632776571
0.270000000000000 0.106829116194770
0.280000000000000 0.114358477561811
0.290000000000000 0.122097699630493
0.300000000000000 0.130041752675101
0.310000000000000 0.138086450900546
0.320000000000000 0.146315012473483
0.330000000000000 0.154722163705106
0.340000000000000 0.163302657905386
0.350000000000000 0.172051279474229
0.360000000000000 0.180962847789601
0.370000000000000 0.190032220894212
0.380000000000000 0.199254298982859
0.390000000000000 0.208624027692891
0.400000000000000 0.218136401200646
0.410000000000000 0.227531194536103
0.420000000000000 0.237039095447419
0.430000000000000 0.246655081657830
0.440000000000000 0.256374214109614
0.450000000000000 0.266191638303923
0.460000000000000 0.276102585477524
0.470000000000000 0.286102373622125
0.480000000000000 0.296186408352045
0.490000000000000 0.306350183626033
0.500000000000000 0.316589282329049
0.510000000000000 0.326472768022845
0.520000000000000 0.336398578488260
0.530000000000000 0.346362541996242
0.540000000000000 0.356360598063228
0.550000000000000 0.366388796522497
0.560000000000000 0.376443296507073
0.570000000000000 0.386520365350274
0.580000000000000 0.396616377409818
0.590000000000000 0.406727812821227
0.600000000000000 0.416851256186106
0.610000000000000 0.426333370459000
0.620000000000000 0.435792347297579
0.630000000000000 0.445225209977755
0.640000000000000 0.454629097797281
0.650000000000000 0.464001263635811
0.660000000000000 0.473339071502680
0.670000000000000 0.482639994076751
0.680000000000000 0.491901610242394
0.690000000000000 0.501121602625477
0.700000000000000 0.510297755132985
0.710000000000000 0.518661625799553
0.720000000000000 0.526950979508361
0.730000000000000 0.535164123384330
0.740000000000000 0.543299466763301
0.750000000000000 0.551355518130695
0.760000000000000 0.559330882102827
0.770000000000000 0.567224256452815
0.780000000000000 0.575034429182813
0.790000000000000 0.582760275644155
0.800000000000000 0.590400755706762
0.810000000000000 0.597125782728289
0.820000000000000 0.603740665098735
0.830000000000000 0.610244875184563
0.840000000000000 0.616637964593369
0.850000000000000 0.622919561145626
0.860000000000000 0.629089365918022
0.870000000000000 0.635147150358357
0.880000000000000 0.641092753471868
0.890000000000000 0.646926079078711
0.900000000000000 0.652647093142246
0.910000000000000 0.657538961974666
0.920000000000000 0.662302604111219
0.930000000000000 0.666938389714014
0.940000000000000 0.671446742895451
0.950000000000000 0.675828139142905
0.960000000000000 0.680083102820993
0.970000000000000 0.684212204750224
0.980000000000000 0.688216059860792
0.990000000000000 0.692095324920223
1.000000000000000 0.695850696333567
1.010000000000000 0.698942261614939
1.020000000000000 0.701901597124888
1.030000000000000 0.704729669541445
1.040000000000000 0.707427477151389
1.050000000000000 0.709996047877265
1.060000000000000 0.712436437374122
1.070000000000000 0.714749727194354
1.080000000000000 0.716937023018993
1.090000000000000 0.718999452953829
1.100000000000000 0.720938165888711
1.110000000000000 0.722432692405368
1.120000000000000 0.723801064236275
1.130000000000000 0.725044571881785
1.140000000000000 0.726164520284624
1.150000000000000 0.727162227440650
1.160000000000000 0.728039023065550
1.170000000000000 0.728796247315869
1.180000000000000 0.729435249562752
1.190000000000000 0.729957387216872
1.200000000000000 0.730364024602966
1.210000000000000 0.730561386347072
1.220000000000000 0.730644828951580
1.230000000000000 0.730615754610891
1.240000000000000 0.730475568221557
1.250000000000000 0.730225676476184
1.260000000000000 0.729867486998753
1.270000000000000 0.729402407519975
1.280000000000000 0.728831845091374
1.290000000000000 0.728157205336789
1.300000000000000 0.727379891740017
1.310000000000000 0.726570108304964
1.320000000000000 0.725661141043955
1.330000000000000 0.724654368093404
1.340000000000000 0.723551163085658
1.350000000000000 0.722352894601715
1.360000000000000 0.721060925652896
1.370000000000000 0.719676613190425
1.380000000000000 0.718201307641896
1.390000000000000 0.716636352473636
1.400000000000000 0.714983083778000
1.410000000000000 0.713437454556654
1.420000000000000 0.711807769343547
1.430000000000000 0.710095302494154
1.440000000000000 0.708301320004451
1.450000000000000 0.706427079211500
1.460000000000000 0.704473828513363
1.470000000000000 0.702442807107577
1.480000000000000 0.700335244747464
1.490000000000000 0.698152361515563
1.500000000000000 0.695895367613475
1.510000000000000 0.693832364053435
1.520000000000000 0.691699448487183
1.530000000000000 0.689497755362439
1.540000000000000 0.687228409138629
1.550000000000000 0.684892524148515
1.560000000000000 0.682491204472206
1.570000000000000 0.680025543823035
1.580000000000000 0.677496625444803
1.590000000000000 0.674905522019872
1.600000000000000 0.672253295587656
1.610000000000000 0.669841843798033
1.620000000000000 0.667373023831864
1.630000000000000 0.664847820952926
1.640000000000000 0.662267210170791
1.650000000000000 0.659632156201384
1.660000000000000 0.656943613435195
1.670000000000000 0.654202525912753
1.680000000000000 0.651409827307059
1.690000000000000 0.648566440912610
1.700000000000000 0.645673279640724
1.710000000000000 0.643043156808962
1.720000000000000 0.640366449357056
1.730000000000000 0.637643998731980
1.740000000000000 0.634876636630293
1.750000000000000 0.632065185015779
1.760000000000000 0.629210456141565
1.770000000000000 0.626313252576495
1.780000000000000 0.623374367235545
1.790000000000000 0.620394583414029
1.800000000000000 0.617374674825423
1.810000000000000 0.614618553120305
1.820000000000000 0.611824910985528
1.830000000000000 0.608994459343696
1.840000000000000 0.606127900246260
1.850000000000000 0.603225926921282
1.860000000000000 0.600289223823673
1.870000000000000 0.597318466687743
1.880000000000000 0.594314322581910
1.890000000000000 0.591277449965460
1.900000000000000 0.588208498747184
1.910000000000000 0.585394431598165
1.920000000000000 0.582550367330303
1.930000000000000 0.579676902228804
1.940000000000000 0.576774624729619
1.950000000000000 0.573844115480678
1.960000000000000 0.570885947404335
1.970000000000000 0.567900685760908
1.980000000000000 0.564888888213244
1.990000000000000 0.561851104892209
2.000000000000000 0.558787878463016
2.010000000000000 0.555964155087778
2.020000000000000 0.553116624517798
2.030000000000000 0.550245784534827
2.040000000000000 0.547352126100625
2.050000000000000 0.544436133421796
2.060000000000000 0.541498284015062
2.070000000000000 0.538539048772921
2.080000000000000 0.535558892029612
2.090000000000000 0.532558271627372
2.100000000000000 0.529537638982892
2.110000000000000 0.526738693598950
2.120000000000000 0.523921006863155
2.130000000000000 0.521084993046419
2.140000000000000 0.518231060565942
2.150000000000000 0.515359612048103
2.160000000000000 0.512471044391351
2.170000000000000 0.509565748829057
2.180000000000000 0.506644110992282
2.190000000000000 0.503706510972449
2.200000000000000 0.500753323383875
2.210000000000000 0.498002841330194
2.220000000000000 0.495237748704061
2.230000000000000 0.492458389627384
2.240000000000000 0.489665103238641
2.250000000000000 0.486858223750996
2.260000000000000 0.484038080510164
2.270000000000000 0.481204998052005
2.280000000000000 0.478359296159830
2.290000000000000 0.475501289921411
2.300000000000000 0.472631289785662
2.310000000000000 0.469945290588629
2.320000000000000 0.467248041528993
2.330000000000000 0.464539828139497
2.340000000000000 0.461820931733420
2.350000000000000 0.459091629456678
2.360000000000000 0.456352194339571
2.370000000000000 0.453602895348139
2.380000000000000 0.450843997435141
2.390000000000000 0.448075761590639
2.400000000000000 0.445298444892176
2.410000000000000 0.442687582687656
2.420000000000000 0.440068200790613
2.430000000000000 0.437440535959489
2.440000000000000 0.434804821392939
2.450000000000000 0.432161286775644
2.460000000000000 0.429510158323712
2.470000000000000 0.426851658829667
2.480000000000000 0.424186007707027
2.490000000000000 0.421513421034448
2.500000000000000 0.418834111599456
2.510000000000000 0.416304471752609
2.520000000000000 0.413768527476500
2.530000000000000 0.411226475029291
2.540000000000000 0.408678507672241
2.550000000000000 0.406124815709464
2.560000000000000 0.403565586527279
2.570000000000000 0.401001004633145
2.580000000000000 0.398431251694193
2.590000000000000 0.395856506575334
2.600000000000000 0.393276945376972
2.610000000000000 0.390832173238997
2.620000000000000 0.388382892507853
2.630000000000000 0.385929265821799
2.640000000000000 0.383471453299277
2.650000000000000 0.381009612573104
2.660000000000000 0.378543898824279
2.670000000000000 0.376074464815406
2.680000000000000 0.373601460923730
2.690000000000000 0.371125035173795
2.700000000000000 0.368645333269713
2.710000000000000 0.366286053765181
2.720000000000000 0.363923720204472
2.730000000000000 0.361558467352703
2.740000000000000 0.359190427856971
2.750000000000000 0.356819732275590
2.760000000000000 0.354446509106971
2.770000000000000 0.352070884818160
2.780000000000000 0.349692983873019
2.790000000000000 0.347312928760067
2.800000000000000 0.344930840019974
2.810000000000000 0.342656428399485
2.820000000000000 0.340380139690488
2.830000000000000 0.338102085531173
2.840000000000000 0.335822375779207
2.850000000000000 0.333541118536624
2.860000000000000 0.331258420174411
2.870000000000000 0.328974385356782
2.880000000000000 0.326689117065139
2.890000000000000 0.324402716621728
2.900000000000000 0.322115283712996
2.910000000000000 0.319923850190364
2.920000000000000 0.317731490881331
2.930000000000000 0.315538298224974
2.940000000000000 0.313344363162706
2.950000000000000 0.311149775159422
2.960000000000000 0.308954622224381
2.970000000000000 0.306758990931804
2.980000000000000 0.304562966441206
2.990000000000000 0.302366632517465
3.000000000000000 0.300170071550617
3.010000000000000 0.298058673126659
3.020000000000000 0.295947116986579
3.030000000000000 0.293835479620838
3.040000000000000 0.291723836258964
3.050000000000000 0.289612260887491
3.060000000000000 0.287500826267671
3.070000000000000 0.285389603952939
3.080000000000000 0.283278664306153
3.090000000000000 0.281168076516598
3.100000000000000 0.279057908616753
3.110000000000000 0.277022876857658
3.120000000000000 0.274988306825634
3.130000000000000 0.272954261749750
3.140000000000000 0.270920803796138
3.150000000000000 0.268887994083213
3.160000000000000 0.266855892696693
3.170000000000000 0.264824558704406
3.180000000000000 0.262794050170902
3.190000000000000 0.260764424171862
3.200000000000000 0.258735736808309
3.210000000000000 0.256773029725606
3.220000000000000 0.254811283232249
3.230000000000000 0.252850549514878
3.240000000000000 0.250890879862850
3.250000000000000 0.248932324681153
3.260000000000000 0.246974933503145
3.270000000000000 0.245018755003119
3.280000000000000 0.243063837008689
3.290000000000000 0.241110226513013
3.300000000000000 0.239157969686838
3.310000000000000 0.237263047495844
3.320000000000000 0.235369487377526
3.330000000000000 0.233477332313424
3.340000000000000 0.231586624526405
3.350000000000000 0.229697405491623
3.360000000000000 0.227809715947346
3.370000000000000 0.225923595905619
3.380000000000000 0.224039084662783
3.390000000000000 0.222156220809850
3.400000000000000 0.220275042242728
3.410000000000000 0.218443122154533
3.420000000000000 0.216612887094696
3.430000000000000 0.214784372359482
3.440000000000000 0.212957612602545
3.450000000000000 0.211132641844257
3.460000000000000 0.209309493480913
3.470000000000000 0.207488200293800
3.480000000000000 0.205668794458141
3.490000000000000 0.203851307551921
3.500000000000000 0.202035770564575
3.510000000000000 0.200261959566426
3.520000000000000 0.198490093373623
3.530000000000000 0.196720200854574
3.540000000000000 0.194952310332388
3.550000000000000 0.193186449592819
3.560000000000000 0.191422645892109
3.570000000000000 0.189660925964722
3.580000000000000 0.187901316030958
3.590000000000000 0.186143841804475
3.600000000000000 0.184388528499691
3.610000000000000 0.182667410334863
3.620000000000000 0.180948446939480
3.630000000000000 0.179231661799315
3.640000000000000 0.177517077936429
3.650000000000000 0.175804717915970
3.660000000000000 0.174094603852867
3.670000000000000 0.172386757418432
3.680000000000000 0.170681199846872
3.690000000000000 0.168977951941707
3.700000000000000 0.167277034082095
3.710000000000000 0.165603341617941
3.720000000000000 0.163931974187187
3.730000000000000 0.162262950756411
3.740000000000000 0.160596289897046
3.750000000000000 0.158932009791199
3.760000000000000 0.157270128237388
3.770000000000000 0.155610662656195
3.780000000000000 0.153953630095844
3.790000000000000 0.152299047237694
3.800000000000000 0.150646930401661
3.810000000000000 0.149015048162919
3.820000000000000 0.147385630686374
3.830000000000000 0.145758693136651
3.840000000000000 0.144134250340887
3.850000000000000 0.142512316793736
3.860000000000000 0.140892906662291
3.870000000000000 0.139276033790947
3.880000000000000 0.137661711706190
3.890000000000000 0.136049953621314
3.900000000000000 0.134440772441081
3.910000000000000 0.132844736999054
3.920000000000000 0.131251283283041
3.930000000000000 0.129660423250773
3.940000000000000 0.128072168571028
3.950000000000000 0.126486530627940
3.960000000000000 0.124903520525248
3.970000000000000 0.123323149090483
3.980000000000000 0.121745426879100
3.990000000000000 0.120170364178546
4.000000000000000 0.118597971012276
4.010000000000000 0.117031372130178
4.020000000000000 0.115467455983900
4.030000000000000 0.113906231817321
4.040000000000000 0.112347708626243
4.050000000000000 0.110791895162121
4.060000000000000 0.109238799935740
4.070000000000000 0.107688431220845
4.080000000000000 0.106140797057713
4.090000000000000 0.104595905256677
4.100000000000000 0.103053763401600
4.110000000000000 0.101509943192242
4.120000000000000 0.099968896251952
4.130000000000000 0.098430629517224
4.140000000000000 0.096895149710962
4.150000000000000 0.095362463345720
4.160000000000000 0.093832576726905
4.170000000000000 0.092305495955927
4.180000000000000 0.090781226933310
4.190000000000000 0.089259775361749
4.200000000000000 0.087741146749141
4.210000000000000 0.086212534683232
4.220000000000000 0.084686781948137
4.230000000000000 0.083163893508079
4.240000000000000 0.081643874142770
4.250000000000000 0.080126728450247
4.260000000000000 0.078612460849663
4.270000000000000 0.077101075584048
4.280000000000000 0.075592576723024
4.290000000000000 0.074086968165482
4.300000000000000 0.072584253642221
4.310000000000000 0.071062325809174
4.320000000000000 0.069543344400883
4.330000000000000 0.068027312682591
4.340000000000000 0.066514233759543
4.350000000000000 0.065004110579482
4.360000000000000 0.063496945935105
4.370000000000000 0.061992742466489
4.380000000000000 0.060491502663473
4.390000000000000 0.058993228868021
4.400000000000000 0.057497923276537
4.410000000000000 0.055972723690842
4.420000000000000 0.054450564653563
4.430000000000000 0.052931447950620
4.440000000000000 0.051415375228573
4.450000000000000 0.049902347996829
4.460000000000000 0.048392367629814
4.470000000000000 0.046885435369125
4.480000000000000 0.045381552325640
4.490000000000000 0.043880719481606
4.500000000000000 0.042382937692690
4.510000000000000 0.040842477198177
4.520000000000000 0.039305165281879
4.530000000000000 0.037771002421962
4.540000000000000 0.036239988974540
4.550000000000000 0.034712125175652
4.560000000000000 0.033187411143198
4.570000000000000 0.031665846878860
4.580000000000000 0.030147432269987
4.590000000000000 0.028632167091457
4.600000000000000 0.027120051007514
4.610000000000000 0.025549180529038
4.620000000000000 0.023981589539764
4.630000000000000 0.022417277336401
4.640000000000000 0.020856243108030
4.650000000000000 0.019298485937884
4.660000000000000 0.017744004805096
4.670000000000000 0.016192798586428
4.680000000000000 0.014644866057976
4.690000000000000 0.013100205896845
4.700000000000000 0.011558816682809
4.710000000000000 0.010391818056481
4.720000000000000 0.009227293508104
4.730000000000000 0.008065241790611
4.740000000000000 0.006905661587548
4.750000000000000 0.005748551514244
4.760000000000000 0.004593910118972
4.770000000000000 0.003441735884086
4.780000000000000 0.002292027227146
4.790000000000000 0.001144782502025
4.800000000000000 0.000000000000000
4.810000000000000 0.000000000000000
4.820000000000000 0.000000000000000
4.830000000000000 0.000000000000000
4.840000000000000 0.000000000000000
4.850000000000000 0.000000000000000
4.860000000000000 0.000000000000000
4.870000000000000 0.000000000000000
4.880000000000000 0.000000000000000
4.890000000000000 0.000000000000000
4.900000000000000 -0.000000000000000
4.910000000000000 0.000000000000000
4.920000000000000 0.000000000000000
4.930000000000000 0.000000000000000
4.940000000000000 0.000000000000000
4.950000000000000 0.000000000000000
4.960000000000000 0.000000000000000
4.970000000000000 0.000000000000000
4.980000000000000 0.000000000000000
4.990000000000000 0.000000000000000
5.000000000000000 -0.000000000000000
5.010000000000000 0.000000000000000
5.020000000000000 0.000000000000000
5.030000000000000 0.000000000000000
5.040000000000000 0.000000000000000
5.050000000000000 0.000000000000000
5.060000000000000 0.000000000000000
5.070000000000000 0.000000000000000
5.080000000000000 0.000000000000000
5.090000000000000 0.000000000000000
5.100000000000000 -0.000000000000000
5.110000000000000 0.000000000000000
5.120000000000000 0.000000000000000
5.130000000000000 0.000000000000000
5.140000000000000 0.000000000000000
5.150000000000000 0.000000000000000
5.160000000000000 0.000000000000000
5.170000000000000 0.000000000000000
5.180000000000000 0.000000000000000
5.190000000000000 0.000000000000000
5.200000000000000 -0.000000000000000
5.210000000000000 0.000000000000000
5.220000000000000 0.000000000000000
5.230000000000000 0.000000000000000
5.240000000000000 0.000000000000000
5.250000000000000 0.000000000000000
5.260000000000000 0.000000000000000
5.270000000000000 0.000000000000000
5.280000000000000 0.000000000000000
5.290000000000000 0.000000000000000
5.300000000000000 0.000000000000000
5.310000000000000 0.000000000000000
5.320000000000000 0.000000000000000
5.330000000000000 0.000000000000000
5.340000000000000 0.000000000000000
5.350000000000000 0.000000000000000
5.360000000000000 0.000000000000000
5.370000000000000 0.000000000000000
5.380000000000000 0.000000000000000
5.390000000000000 0.000000000000000
5.400000000000000 -0.000000000000000
5.410000000000000 0.000000000000000
5.420000000000000 0.000000000000000
5.430000000000000 0.000000000000000
5.440000000000000 0.000000000000000
5.450000000000000 0.000000000000000
5.460000000000000 0.000000000000000
5.470000000000000 0.000000000000000
5.480000000000000 0.000000000000000
5.490000000000000 0.000000000000000
5.500000000000000 -0.000000000000000
5.510000000000000 0.000000000000000
5.520000000000000 0.000000000000000
5.530000000000000 0.000000000000000
5.540000000000000 0.000000000000000
5.550000000000000 0.000000000000000
5.560000000000000 0.000000000000000
5.570000000000000 0.000000000000000
5.580000000000000 0.000000000000000
5.590000000000000 0.000000000000000
5.600000000000000 -0.000000000000000
5.610000000000000 0.000000000000000
5.620000000000000 0.000000000000000
5.630000000000000 0.000000000000000
5.640000000000000 0.000000000000000
5.650000000000000 0.000000000000000
5.660000000000000 0.000000000000000
5.670000000000000 0.000000000000000
5.680000000000000 0.000000000000000
5.690000000000000 0.000000000000000
5.700000000000000 -0.000000000000000
5.710000000000000 0.000000000000000
5.720000000000000 0.000000000000000
5.730000000000000 0.000000000000000
5.740000000000000 0.000000000000000
5.750000000000000 0.000000000000000
5.760000000000000 0.000000000000000
5.770000000000000 0.000000000000000
5.780000000000000 0.000000000000000
5.790000000000000 0.000000000000000
5.800000000000000 0.000000000000000
5.810000000000000 0.000000000000000
5.820000000000000 0.000000000000000
5.830000000000000 0.000000000000000
5.840000000000000 0.000000000000000
5.850000000000000 0.000000000000000
5.860000000000000 0.000000000000000
5.870000000000000 0.000000000000000
5.880000000000000 0.000000000000000
5.890000000000000 0.000000000000000
5.900000000000000 -0.000000000000000
5.910000000000000 0.000000000000000
5.920000000000000 0.000000000000000
5.930000000000000 0.000000000000000
5.940000000000000 0.000000000000000
5.950000000000000 0.000000000000000
5.960000000000000 0.000000000000000
5.970000000000000 0.000000000000000
5.980000000000000 0.000000000000000
5.990000000000000 0.000000000000000
6.000000000000000 -0.000000000000000
6.010000000000000 0.000000000000000
6.020000000000000 0.000000000000000
6.030000000000000 0.000000000000000
6.040000000000000 0.000000000000000
6.050000000000000 0.000000000000000
6.060000000000000 0.000000000000000
6.070000000000000 0.000000000000000
6.080000000000000 0.000000000000000
6.090000000000000 0.000000000000000
6.100000000000000 -0.000000000000000
6.110000000000000 0.000000000000000
6.120000000000000 0.000000000000000
6.130000000000000 0.000000000000000
6.140000000000000 0.000000000000000
6.150000000000000 0.000000000000000
6.160000000000000 0.000000000000000
6.170000000000000 0.000000000000000
6.180000000000000 0.000000000000000
6.190000000000000 0.000000000000000
6.200000000000000 -0.000000000000000
6.210000000000000 0.000000000000000
6.220000000000000 0.000000000000000
6.230000000000000 0.000000000000000
6.240000000000000 0.000000000000000
6.250000000000000 0.000000000000000
6.260000000000000 0.000000000000000
6.270000000000000 0.000000000000000
6.280000000000000 0.000000000000000
6.290000000000000 0.000000000000000
6.300000000000000 0.000000000000000
6.310000000000000 0.000000000000000
6.320000000000000 0.000000000000000
6.330000000000000 0.000000000000000
6.340000000000000 0.000000000000000
6.350000000000000 0.000000000000000
6.360000000000000 0.000000000000000
6.370000000000000 0.000000000000000
6.380000000000000 0.000000000000000
6.390000000000000 0.000000000000000
6.400000000000000 -0.000000000000000
6.410000000000000 0.000000000000000
6.420000000000000 0.000000000000000
6.430000000000000 0.000000000000000
6.440000000000000 0.000000000000000
6.450000000000000 0.000000000000000
6.460000000000000 0.000000000000000
6.470000000000000 0.000000000000000
6.480000000000000 0.000000000000000
6.490000000000000 0.000000000000000
6.500000000000000 -0.000000000000000
6.510000000000000 0.000000000000000
6.520000000000000 0.000000000000000
6.530000000000000 0.000000000000000
6.540000000000000 0.000000000000000
6.550000000000000 0.000000000000000
6.560000000000000 0.000000000000000
6.570000000000000 0.000000000000000
6.580000000000000 0.000000000000000
6.590000000000000 0.000000000000000
6.600000000000000 -0.000000000000000
6.610000000000000 0.000000000000000
6.620000000000000 0.000000000000000
6.630000000000000 0.000000000000000
6.640000000000000 0.000000000000000
6.650000000000000 0.000000000000000
6.660000000000000 0.000000000000000
6.670000000000000 0.000000000000000
6.680000000000000 0.000000000000000
6.690000000000000 0.000000000000000
6.700000000000000 -0.000000000000000
6.710000000000000 0.000000000000000
6.720000000000000 0.000000000000000
6.730000000000000 0.000000000000000
6.740000000000000 0.000000000000000
6.750000000000000 0.000000000000000
6.760000000000000 0.000000000000000
6.770000000000000 0.000000000000000
6.780000000000000 0.000000000000000
6.790000000000000 0.000000000000000
6.800000000000000 0.000000000000000
6.810000000000000 0.000000000000000
6.820000000000000 0.000000000000000
6.830000000000000 0.000000000000000
6.840000000000000 0.000000000000000
6.850000000000000 0.000000000000000
6.860000000000000 0.000000000000000
6.870000000000000 0.000000000000000
6.880000000000000 0.000000000000000
6.890000000000000 0.000000000000000
6.900000000000000 -0.000000000000000
6.910000000000000 0.000000000000000
6.920000000000000 0.000000000000000
6.930000000000000 0.000000000000000
6.940000000000000 0.000000000000000
6.950000000000000 0.000000000000000
6.960000000000000 0.000000000000000
6.970000000000000 0.000000000000000
6.980000000000000 0.000000000000000
6.990000000000000 0.000000000000000
7.000000000000000 -0.000000000000000
7.010000000000000 0.000000000000000
7.020000000000000 0.000000000000000
7.030000000000000 0.000000000000000
7.040000000000000 0.000000000000000
7.050000000000000 0.000000000000000
7.060000000000000 0.000000000000000
7.070000000000000 0.000000000000000
7.080000000000000 0.000000000000000
7.090000000000000 0.000000000000000
7.100000000000000 -0.000000000000000
7.110000000000000 0.000000000000000
7.120000000000000 0.000000000000000
7.130000000000000 0.000000000000000
7.140000000000000 0.000000000000000
7.150000000000000 0.000000000000000
7.160000000000000 0.000000000000000
7.170000000000000 0.000000000000000
7.180000000000000 0.000000000000000
7.190000000000000 0.000000000000000
7.200000000000000 -0.000000000000000
7.210000000000000 0.000000000000000
7.220000000000000 0.000000000000000
7.230000000000000 0.000000000000000
7.240000000000000 0.000000000000000
7.250000000000000 0.000000000000000
7.260000000000000 0.000000000000000
7.270000000000000 0.000000000000000
7.280000000000000 0.000000000000000
7.290000000000000 0.000000000000000
7.300000000000000 0.000000000000000
7.310000000000000 0.000000000000000
7.320000000000000 0.000000000000000
7.330000000000000 0.000000000000000
7.340000000000000 0.000000000000000
7.350000000000000 0.000000000000000
7.360000000000000 0.000000000000000
7.370000000000000 0.000000000000000
7.380000000000000 0.000000000000000
7.390000000000000 0.000000000000000
7.400000000000000 -0.000000000000000
7.410000000000000 0.000000000000000
7.420000000000000 0.000000000000000
7.430000000000000 0.000000000000000
7.440000000000000 0.000000000000000
7.450000000000000 0.000000000000000
7.460000000000000 0.000000000000000
7.470000000000000 0.000000000000000
7.480000000000000 0.000000000000000
7.490000000000000 0.000000000000000
7.500000000000000 -0.000000000000000
7.510000000000000 0.000000000000000
7.520000000000000 0.000000000000000
7.530000000000000 0.000000000000000
7.540000000000000 0.000000000000000
7.550000000000000 0.000000000000000
7.560000000000000 0.000000000000000
7.570000000000000 0.000000000000000
7.580000000000000 0.000000000000000
7.590000000000000 0.000000000000000
7.600000000000000 -0.000000000000000
7.610000000000000 0.000000000000000
7.620000000000000 0.000000000000000
7.630000000000000 0.000000000000000
7.640000000000000 0.000000000000000
7.650000000000000 0.000000000000000
7.660000000000000 0.000000000000000
7.670000000000000 0.000000000000000
7.680000000000000 0.000000000000000
7.690000000000000 0.000000000000000
7.700000000000000 -0.000000000000000
7.710000000000000 0.000000000000000
7.720000000000000 0.000000000000000
7.730000000000000 0.000000000000000
7.740000000000000 0.000000000000000
7.750000000000000 0.000000000000000
7.760000000000000 0.000000000000000
7.770000000000000 0.000000000000000
7.780000000000000 0.000000000000000
7.790000000000000 0.000000000000000
7.800000000000000 0.000000000000000
7.810000000000000 0.000000000000000
7.820000000000000 0.000000000000000
7.830000000000000 0.000000000000000
7.840000000000000 0.000000000000000
7.850000000000000 0.000000000000000
7.860000000000000 0.000000000000000
7.870000000000000 0.000000000000000
7.880000000000000 0.000000000000000
7.890000000000000 0.000000000000000
7.900000000000000 -0.000000000000000
7.910000000000000 0.000000000000000
7.920000000000000 0.000000000000000
7.930000000000000 0.000000000000000
7.940000000000000 0.000000000000000
7.950000000000000 0.000000000000000
7.960000000000000 0.000000000000000
7.970000000000000 0.000000000000000
7.980000000000000 0.000000000000000
7.990000000000000 0.000000000000000
8.000000000000000 -0.000000000000000
8.010000000000000 0.000000000000000
8.020000000000000 0.000000000000000
8.029999999999999 0.000000000000000
8.039999999999999 0.000000000000000
8.050000000000001 0.000000000000000
8.060000000000000 0.000000000000000
8.070000000000000 0.000000000000000
8.080000000000000 0.000000000000000
8.090000000000000 0.000000000000000
8.100000000000000 -0.000000000000000
8.109999999999999 0.000000000000000
8.119999999999999 0.000000000000000
8.130000000000001 0.000000000000000
8.140000000000001 0.000000000000000
8.150000000000000 0.000000000000000
8.160000000000000 0.000000000000000
8.170000000000000 0.000000000000000
8.180000000000000 0.000000000000000
8.190000000000000 0.000000000000000
8.199999999999999 0.000000000000000
8.210000000000001 0.000000000000000
8.220000000000001 0.000000000000000
8.230000000000000 0.000000000000000
8.240000000000000 0.000000000000000
8.250000000000000 0.000000000000000
8.260000000000000 0.000000000000000
8.270000000000000 0.000000000000000
8.279999999999999 0.000000000000000
8.289999999999999 0.000000000000000
8.300000000000001 -0.000000000000000
8.310000000000000 0.000000000000000
8.320000000000000 0.000000000000000
8.330000000000000 0.000000000000000
8.340000000000000 0.000000000000000
8.350000000000000 0.000000000000000
8.359999999999999 0.000000000000000
8.369999999999999 0.000000000000000
8.380000000000001 0.000000000000000
8.390000000000001 0.000000000000000
8.400000000000000 -0.000000000000000
8.410000000000000 0.000000000000000
8.420000000000000 0.000000000000000
8.430000000000000 0.000000000000000
8.440000000000000 0.000000000000000
8.449999999999999 0.000000000000000
8.460000000000001 0.000000000000000
8.470000000000001 0.000000000000000
8.480000000000000 0.000000000000000
8.490000000000000 0.000000000000000
8.500000000000000 -0.000000000000000
8.510000000000000 0.000000000000000
8.520000000000000 0.000000000000000
8.529999999999999 0.000000000000000
8.539999999999999 0.000000000000000
8.550000000000001 0.000000000000000
8.560000000000000 0.000000000000000
8.570000000000000 0.000000000000000
8.580000000000000 0.000000000000000
8.590000000000000 0.000000000000000
8.600000000000000 -0.000000000000000
8.609999999999999 0.000000000000000
8.619999999999999 0.000000000000000
8.630000000000001 0.000000000000000
8.640000000000001 0.000000000000000
8.650000000000000 0.000000000000000
8.660000000000000 0.000000000000000
8.670000000000000 0.000000000000000
8.680000000000000 0.000000000000000
8.690000000000000 0.000000000000000
8.699999999999999 -0.000000000000000
8.710000000000001 0.000000000000000
8.720000000000001 0.000000000000000
8.730000000000000 0.000000000000000
8.740000000000000 0.000000000000000
8.750000000000000 0.000000000000000
8.760000000000000 0.000000000000000
8.770000000000000 0.000000000000000
8.779999999999999 0.000000000000000
8.789999999999999 0.000000000000000
8.800000000000001 -0.000000000000000
8.810000000000000 0.000000000000000
8.820000000000000 0.000000000000000
8.830000000000000 0.000000000000000
8.840000000000000 0.000000000000000
8.850000000000000 0.000000000000000
8.859999999999999 0.000000000000000
8.869999999999999 0.000000000000000
8.880000000000001 0.000000000000000
8.890000000000001 0.000000000000000
8.900000000000000 -0.000000000000000
8.910000000000000 0.000000000000000
8.920000000000000 0.000000000000000
8.930000000000000 0.000000000000000
8.940000000000000 0.000000000000000
8.949999999999999 0.000000000000000
8.960000000000001 0.000000000000000
8.970000000000001 0.000000000000000
8.980000000000000 0.000000000000000
8.990000000000000 0.000000000000000
9.000000000000000 -0.000000000000000
9.010000000000000 0.000000000000000
9.020000000000000 0.000000000000000
9.029999999999999 0.000000000000000
9.039999999999999 0.000000000000000
9.050000000000001 0.000000000000000
9.060000000000000 0.000000000000000
9.070000000000000 0.000000000000000
9.080000000000000 0.000000000000000
9.090000000000000 0.000000000000000
9.100000000000000 -0.000000000000000
9.109999999999999 0.000000000000000
9.119999999999999 0.000000000000000
9.130000000000001 0.000000000000000
9.140000000000001 0.000000000000000
9.150000000000000 0.000000000000000
9.160000000000000 0.000000000000000
9.170000000000000 0.000000000000000
9.180000000000000 0.000000000000000
9.190000000000000 0.000000000000000
9.199999999999999 -0.000000000000000
9.210000000000001 0.000000000000000
9.220000000000001 0.000000000000000
9.230000000000000 0.000000000000000
9.240000000000000 0.000000000000000
9.250000000000000 0.000000000000000
9.260000000000000 0.000000000000000
9.270000000000000 0.000000000000000
9.279999999999999 0.000000000000000
9.289999999999999 0.000000000000000
9.300000000000001 -0.000000000000000
9.310000000000000 0.000000000000000
9.320000000000000 0.000000000000000
9.330000000000000 0.000000000000000
9.340000000000000 0.000000000000000
9.350000000000000 0.000000000000000
9.359999999999999 0.000000000000000
9.369999999999999 0.000000000000000
9.380000000000001 0.000000000000000
9.390000000000001 0.000000000000000
9.400000000000000 -0.000000000000000
9.410000000000000 0.000000000000000
9.420000000000000 0.000000000000000
9.430000000000000 0.000000000000000
9.440000000000000 0.000000000000000
9.449999999999999 0.000000000000000
9.460000000000001 0.000000000000000
9.470000000000001 0.000000000000000
9.480000000000000 0.000000000000000
9.490000000000000 0.000000000000000
9.500000000000000 -0.000000000000000
9.510000000000000 0.000000000000000
9.520000000000000 0.000000000000000
9.529999999999999 0.000000000000000
9.539999999999999 0.000000000000000
9.550000000000001 0.000000000000000
9.560000000000000 0.000000000000000
9.570000000000000 0.000000000000000
9.580000000000000 0.000000000000000
9.590000000000000 0.000000000000000
9.600000000000000 0.000000000000000
9.609999999999999 0.000000000000000
9.619999999999999 0.000000000000000
9.630000000000001 0.000000000000000
9.640000000000001 0.000000000000000
9.650000000000000 0.000000000000000
9.660000000000000 0.000000000000000
9.670000000000000 0.000000000000000
9.680000000000000 0.000000000000000
9.690000000000000 0.000000000000000
9.699999999999999 -0.000000000000000
9.710000000000001 0.000000000000000
9.720000000000001 0.000000000000000
9.730000000000000 0.000000000000000
9.740000000000000 0.000000000000000
9.750000000000000 0.000000000000000
9.760000000000000 0.000000000000000
9.770000000000000 0.000000000000000
9.779999999999999 0.000000000000000
9.789999999999999 0.000000000000000
9.800000000000001 -0.000000000000000
9.810000000000000 0.000000000000000
9.820000000000000 0.000000000000000
9.830000000000000 0.000000000000000
9.840000000000000 0.000000000000000
9.850000000000000 0.000000000000000
9.859999999999999 0.000000000000000
9.869999999999999 0.000000000000000
9.880000000000001 0.000000000000000
9.890000000000001 0.000000000000000
9.900000000000000 -0.000000000000000
9.910000000000000 0.000000000000000
9.920000000000000 0.000000000000000
9.930000000000000 0.000000000000000
9.940000000000000 0.000000000000000
9.949999999999999 0.000000000000000
9.960000000000001 0.000000000000000
9.970000000000001 0.000000000000000
9.980000000000000 0.000000000000000
9.990000000000000 0.000000000000000
10.000000000000000 -0.000000000000000
