0.000000000000000 0.000000000000000
0.010000000000000 0.000079106420375
0.020000000000000 0.000316335124120
0.030000000000000 0.000711451501596
0.040000000000000 0.001264092121762
0.050000000000000 0.001973768417467
0.060000000000000 0.002839870468440
0.070000000000000 0.003861670870813
0.080000000000000 0.005038328682057
0.090000000000000 0.006368893430407
0.100000000000000 0.007852309177981
0.110000000000000 0.009500574882604
0.120000000000000 0.011304001385820
0.130000000000000 0.013261748629975
0.140000000000000 0.015372865133183
0.150000000000000 0.017636292410106
0.160000000000000 0.020050869410347
0.170000000000000 0.022615336964462
0.180000000000000 0.025328342228007
0.190000000000000 0.028188443114407
0.200000000000000 0.031194112707841
0.210000000000000 0.034380985945952
0.220000000000000 0.037716621655115
0.230000000000000 0.041199559614509
0.240000000000000 0.044828255026771
0.250000000000000 0.048601083048939
0.260000000000000 0.052516343270043
0.270000000000000 0.056572264128607
0.280000000000000 0.060767007263777
0.290000000000000 0.065098671794293
0.300000000000000 0.069565298519954
0.310000000000000 0.074222698971548
0.320000000000000 0.079017337107217
0.330000000000000 0.083947242051903
0.340000000000000 0.089010389454953
0.350000000000000 0.094204705544718
0.360000000000000 0.099528071084631
0.370000000000000 0.104978325227805
0.380000000000000 0.110553269267604
0.390000000000000 0.116250670282033
0.400000000000000 0.122068264670183
0.410000000000000 0.128059923587546
0.420000000000000 0.134171500606875
0.430000000000000 0.140400699539019
0.440000000000000 0.146745201242133
0.450000000000000 0.153202666788617
0.460000000000000 0.159770740518740
0.470000000000000 0.166447052981123
0.480000000000000 0.173229223760487
0.490000000000000 0.180114864193343
0.500000000000000 0.187101579972491
0.510000000000000 0.194204729186930
0.520000000000000 0.201405174972187
0.530000000000000 0.208700521603650
0.540000000000000 0.216088376158285
0.550000000000000 0.223566350620535
0.560000000000000 0.231132063885436
0.570000000000000 0.238783143660941
0.580000000000000 0.246517228271529
0.590000000000000 0.254331968365300
0.600000000000000 0.262225028526828
0.610000000000000 0.270122602917041
0.620000000000000 0.278090726619963
0.630000000000000 0.286127129505098
0.640000000000000 0.294229562842828
0.650000000000000 0.302395800385357
0.660000000000000 0.310623639370676
0.670000000000000 0.318910901452100
0.680000000000000 0.327255433555917
0.690000000000000 0.335655108669715
0.700000000000000 0.344107826563887
0.710000000000000 0.352404992987167
0.720000000000000 0.360743932509171
0.730000000000000 0.369122692022936
0.740000000000000 0.377539350347599
0.750000000000000 0.385992018473472
0.760000000000000 0.394478839760741
0.770000000000000 0.402997990094045
0.780000000000000 0.411547677995084
0.790000000000000 0.420126144695407
0.800000000000000 0.428731664171425
0.810000000000000 0.436990308211766
0.820000000000000 0.445262352111175
0.830000000000000 0.453546291589531
0.840000000000000 0.461840657396242
0.850000000000000 0.470144014979398
0.860000000000000 0.478454964136145
0.870000000000000 0.486772138645782
0.880000000000000 0.495094205887003
0.890000000000000 0.503419866440662
0.900000000000000 0.511747853679370
0.910000000000000 0.519544930418554
0.920000000000000 0.527330005980981
0.930000000000000 0.535102082528590
0.940000000000000 0.542860194599170
0.950000000000000 0.550603408462984
0.960000000000000 0.558330821480872
0.970000000000000 0.566041561464557
0.980000000000000 0.573734786039807
0.990000000000000 0.581409682013074
1.000000000000000 0.589065464742184
1.010000000000000 0.596043200432696
1.020000000000000 0.602988358371841
1.030000000000000 0.609900435318481
1.040000000000000 0.616778954204489
1.050000000000000 0.623623463392801
1.060000000000000 0.630433535949016
1.070000000000000 0.637208768926625
1.080000000000000 0.643948782665966
1.090000000000000 0.650653220106915
1.100000000000000 0.657321746115367
1.110000000000000 0.663236737172130
1.120000000000000 0.669104523635684
1.130000000000000 0.674925029605989
1.140000000000000 0.680698197708233
1.150000000000000 0.686423988397735
1.160000000000000 0.692102379283464
1.170000000000000 0.697733364469869
1.180000000000000 0.703316953916731
1.190000000000000 0.708853172816750
1.200000000000000 0.714342060990530
1.210000000000000 0.719073741272396
1.220000000000000 0.723749526796650
1.230000000000000 0.728369672455519
1.240000000000000 0.732934444200488
1.250000000000000 0.737444118470438
1.260000000000000 0.741898981638672
1.270000000000000 0.746299329478350
1.280000000000000 0.750645466645897
1.290000000000000 0.754937706181896
1.300000000000000 0.759176369029064
1.310000000000000 0.762721684622712
1.320000000000000 0.766207648034339
1.330000000000000 0.769634740699528
1.340000000000000 0.773003448810792
1.350000000000000 0.776314262892944
1.360000000000000 0.779567677394959
1.370000000000000 0.782764190297850
1.380000000000000 0.785904302738055
1.390000000000000 0.788988518645892
1.400000000000000 0.792017344398580
1.410000000000000 0.794457831224867
1.420000000000000 0.796839536466172
1.430000000000000 0.799163074338784
1.440000000000000 0.801429059064727
1.450000000000000 0.803638104585350
1.460000000000000 0.805790824288032
1.470000000000000 0.807887830745514
1.480000000000000 0.809929735467485
1.490000000000000 0.811917148663962
1.500000000000000 0.813850679020070
1.510000000000000 0.815321176253843
1.520000000000000 0.816736225858009
1.530000000000000 0.818096499792638
1.540000000000000 0.819402666804671
1.550000000000000 0.820655392255127
1.560000000000000 0.821855337955989
1.570000000000000 0.823003162016411
1.580000000000000 0.824099518697919
1.590000000000000 0.825145058278236
1.600000000000000 0.826140426923424
1.610000000000000 0.826797239174402
1.620000000000000 0.827403562388270
1.630000000000000 0.827960072415656
1.640000000000000 0.828467439965423
1.650000000000000 0.828926330516919
1.660000000000000 0.829337404238984
1.670000000000000 0.829701315915434
1.680000000000000 0.830018714876772
1.690000000000000 0.830290244937843
1.700000000000000 0.830516544341203
1.710000000000000 0.830516052111406
1.720000000000000 0.830470773609290
1.730000000000000 0.830381353640719
1.740000000000000 0.830248430917871
1.750000000000000 0.830072638030484
1.760000000000000 0.829854601421572
1.770000000000000 0.829594941367390
1.780000000000000 0.829294271961476
1.790000000000000 0.828953201102563
1.800000000000000 0.828572330486200
1.810000000000000 0.828056728100728
1.820000000000000 0.827502168665568
1.830000000000000 0.826909246061174
1.840000000000000 0.826278547798800
1.850000000000000 0.825610655029812
1.860000000000000 0.824906142557763
1.870000000000000 0.824165578853110
1.880000000000000 0.823389526070412
1.890000000000000 0.822578540067916
1.900000000000000 0.821733170429372
1.910000000000000 0.820825211490670
1.920000000000000 0.819883868320941
1.930000000000000 0.818909674677732
1.940000000000000 0.817903158106296
1.950000000000000 0.816864839971439
1.960000000000000 0.815795235490964
1.970000000000000 0.814694853770607
1.980000000000000 0.813564197840379
1.990000000000000 0.812403764692236
2.000000000000000 0.811214045318979
2.010000000000000 0.810014980519919
2.020000000000000 0.808787635786148
2.030000000000000 0.807532482673175
2.040000000000000 0.806249986931246
2.050000000000000 0.804940608548941
2.060000000000000 0.803604801797586
2.070000000000000 0.802243015276396
2.080000000000000 0.800855691958306
2.090000000000000 0.799443269236422
2.100000000000000 0.798006178971039
2.110000000000000 0.796597555392383
2.120000000000000 0.795165196147130
2.130000000000000 0.793709512792798
2.140000000000000 0.792230911613429
2.150000000000000 0.790729793667844
2.160000000000000 0.789206554838193
2.170000000000000 0.787661585878761
2.180000000000000 0.786095272464986
2.190000000000000 0.784507995242667
2.200000000000000 0.782900129877313
2.210000000000000 0.781346188582089
2.220000000000000 0.779772478727801
2.230000000000000 0.778179356425285
2.240000000000000 0.776567173086813
2.250000000000000 0.774936275474578
2.260000000000000 0.773287005749147
2.270000000000000 0.771619701517891
2.280000000000000 0.769934695883333
2.290000000000000 0.768232317491416
2.300000000000000 0.766512890579672
2.310000000000000 0.764863339755046
2.320000000000000 0.763197436407620
2.330000000000000 0.761515486820264
2.340000000000000 0.759817793145437
2.350000000000000 0.758104653451308
2.360000000000000 0.756376361767689
2.370000000000000 0.754633208131748
2.380000000000000 0.752875478633505
2.390000000000000 0.751103455461089
2.400000000000000 0.749317416945744
2.410000000000000 0.747610271976326
2.420000000000000 0.745889687874959
2.430000000000000 0.744155926977473
2.440000000000000 0.742409248022691
2.450000000000000 0.740649906194848
2.460000000000000 0.738878153165721
2.470000000000000 0.737094237136473
2.480000000000000 0.735298402879169
2.490000000000000 0.733490891778010
2.500000000000000 0.731671941870223
2.510000000000000 0.729936091983964
2.520000000000000 0.728189270971217
2.530000000000000 0.726431702895731
2.540000000000000 0.724663608709260
2.550000000000000 0.722885206289716
2.560000000000000 0.721096710478983
2.570000000000000 0.719298333120410
2.580000000000000 0.717490283095964
2.590000000000000 0.715672766363043
2.600000000000000 0.713845985990956
2.610000000000000 0.712103190805678
2.620000000000000 0.710351505195304
2.630000000000000 0.708591120182855
2.640000000000000 0.706822224111130
2.650000000000000 0.705045002676481
2.660000000000000 0.703259638962263
2.670000000000000 0.701466313471943
2.680000000000000 0.699665204161879
2.690000000000000 0.697856486473763
2.700000000000000 0.696040333366725
2.710000000000000 0.694306693884413
2.720000000000000 0.692565912183624
2.730000000000000 0.690818150936833
2.740000000000000 0.689063570515050
2.750000000000000 0.687302329017418
2.760000000000000 0.685534582300479
2.770000000000000 0.683760484007131
2.780000000000000 0.681980185595264
2.790000000000000 0.680193836366081
2.800000000000000 0.678401583492095
2.810000000000000 0.676689042370683
2.820000000000000 0.674970824212364
2.830000000000000 0.673247067456811
2.840000000000000 0.671517908571252
2.850000000000000 0.669783482076190
2.860000000000000 0.668043920570841
2.870000000000000 0.666299354758277
2.880000000000000 0.664549913470260
2.890000000000000 0.662795723691810
2.900000000000000 0.661036910585463
2.910000000000000 0.659354079853558
2.920000000000000 0.657666797783134
2.930000000000000 0.655975182155347
2.940000000000000 0.654279349062696
2.950000000000000 0.652579412931274
2.960000000000000 0.650875486542756
2.970000000000000 0.649167681056110
2.980000000000000 0.647456106029052
2.990000000000000 0.645740869439249
3.000000000000000 0.644022077705242
3.010000000000000 0.642375134780464
3.020000000000000 0.640724764272171
3.030000000000000 0.639071066375260
3.040000000000000 0.637414139839632
3.050000000000000 0.635754081989353
3.060000000000000 0.634090988741594
3.070000000000000 0.632424954625331
3.080000000000000 0.630756072799802
3.090000000000000 0.629084435072754
3.100000000000000 0.627410131918437
3.110000000000000 0.625803297154058
3.120000000000000 0.624193888760532
3.130000000000000 0.622581991974306
3.140000000000000 0.620967690795330
3.150000000000000 0.619351068003541
3.160000000000000 0.617732205175124
3.170000000000000 0.616111182698581
3.180000000000000 0.614488079790589
3.190000000000000 0.612862974511655
3.200000000000000 0.611235943781568
3.210000000000000 0.609672044508764
3.220000000000000 0.608106282890236
3.230000000000000 0.606538731440739
3.240000000000000 0.604969461616618
3.250000000000000 0.603398543829957
3.260000000000000 0.601826047462537
3.270000000000000 0.600252040879612
3.280000000000000 0.598676591443511
3.290000000000000 0.597099765527067
3.300000000000000 0.595521628526862
3.310000000000000 0.594002384084579
3.320000000000000 0.592481868830473
3.330000000000000 0.590960144458001
3.340000000000000 0.589437271754144
3.350000000000000 0.587913310611541
3.360000000000000 0.586388320040450
3.370000000000000 0.584862358180563
3.380000000000000 0.583335482312660
3.390000000000000 0.581807748870115
3.400000000000000 0.580279213450252
3.410000000000000 0.578805535293131
3.420000000000000 0.577331077324652
3.430000000000000 0.575855892028869
3.440000000000000 0.574380031112924
3.450000000000000 0.572903545517442
3.460000000000000 0.571426485426782
3.470000000000000 0.569948900279167
3.480000000000000 0.568470838776663
3.490000000000000 0.566992348895046
3.500000000000000 0.565513477893522
3.510000000000000 0.564085516503952
3.520000000000000 0.562657182131437
3.530000000000000 0.561228519418664
3.540000000000000 0.559799572341855
3.550000000000000 0.558370384219672
3.560000000000000 0.556940997722016
3.570000000000000 0.555511454878694
3.580000000000000 0.554081797087986
3.590000000000000 0.552652065125089
3.600000000000000 0.551222299150458
3.610000000000000 0.549839855771058
3.620000000000000 0.548457375421040
3.630000000000000 0.547074896059992
3.640000000000000 0.545692455075251
3.650000000000000 0.544310089289540
3.660000000000000 0.542927834968506
3.670000000000000 0.541545727828161
3.680000000000000 0.540163803042218
3.690000000000000 0.538782095249339
3.700000000000000 0.537400638560281
3.710000000000000 0.536063193613311
3.720000000000000 0.534725988172913
3.730000000000000 0.533389054497676
3.740000000000000 0.532052424354360
3.750000000000000 0.530716129024444
3.760000000000000 0.529380199310597
3.770000000000000 0.528044665543060
3.780000000000000 0.526709557585946
3.790000000000000 0.525374904843452
3.800000000000000 0.524040736265991
3.810000000000000 0.522747380231225
3.820000000000000 0.521454490383096
3.830000000000000 0.520162094113497
3.840000000000000 0.518870218391172
3.850000000000000 0.517578889767342
3.860000000000000 0.516288134381257
3.870000000000000 0.514997977965679
3.880000000000000 0.513708445852289
3.890000000000000 0.512419562977025
3.900000000000000 0.511131353885348
3.910000000000000 0.509881092838391
3.920000000000000 0.508631482655327
3.930000000000000 0.507382546569218
3.940000000000000 0.506134307448696
3.950000000000000 0.504886787802814
3.960000000000000 0.503640009785805
3.970000000000000 0.502393995201807
3.980000000000000 0.501148765509501
3.990000000000000 0.499904341826703
4.000000000000000 0.498660744934892
4.010000000000000 0.497452372402433
4.020000000000000 0.496244800253153
4.030000000000000 0.495038048163423
4.040000000000000 0.493832135495451
4.050000000000000 0.492627081301444
4.060000000000000 0.491422904327717
4.070000000000000 0.490219623018745
4.080000000000000 0.489017255521163
4.090000000000000 0.487815819687714
4.100000000000000 0.486615333081142
4.110000000000000 0.485447571863140
4.120000000000000 0.484280730984387
4.130000000000000 0.483114827076869
4.140000000000000 0.481949876501473
4.150000000000000 0.480785895351579
4.160000000000000 0.479622899456592
4.170000000000000 0.478460904385436
4.180000000000000 0.477299925450003
4.190000000000000 0.476139977708545
4.200000000000000 0.474981075969041
4.210000000000000 0.473852634188010
4.220000000000000 0.472725207788220
4.230000000000000 0.471598810793649
4.240000000000000 0.470473456994133
4.250000000000000 0.469349159948456
4.260000000000000 0.468225932987400
4.270000000000000 0.467103789216758
4.280000000000000 0.465982741520305
4.290000000000000 0.464862802562730
4.300000000000000 0.463743984792531
4.310000000000000 0.462653518112954
4.320000000000000 0.461564140966912
4.330000000000000 0.460475865142718
4.340000000000000 0.459388702226282
4.350000000000000 0.458302663603786
4.360000000000000 0.457217760464310
4.370000000000000 0.456134003802440
4.380000000000000 0.455051404420825
4.390000000000000 0.453969972932718
4.400000000000000 0.452889719764470
4.410000000000000 0.451835892079431
4.420000000000000 0.450783210506752
4.430000000000000 0.449731684917097
4.440000000000000 0.448681325006030
4.450000000000000 0.447632140296329
4.460000000000000 0.446584140140252
4.470000000000000 0.445537333721796
4.480000000000000 0.444491730058904
4.490000000000000 0.443447338005664
4.500000000000000 0.442404166254465
4.510000000000000 0.441385574360931
4.520000000000000 0.440368170564202
4.530000000000000 0.439351963089276
4.540000000000000 0.438336960009559
4.550000000000000 0.437323169248870
4.560000000000000 0.436310598583399
4.570000000000000 0.435299255643664
4.580000000000000 0.434289147916422
4.590000000000000 0.433280282746570
4.600000000000000 0.432272667339012
4.610000000000000 0.431287950445114
4.620000000000000 0.430304451375670
4.630000000000000 0.429322176942812
4.640000000000000 0.428341133827351
4.650000000000000 0.427361328580507
4.660000000000000 0.426382767625616
4.670000000000000 0.425405457259817
4.680000000000000 0.424429403655714
4.690000000000000 0.423454612863021
4.700000000000000 0.422481090810180
4.710000000000000 0.421528934912329
4.720000000000000 0.420578016282441
4.730000000000000 0.419628340519328
4.740000000000000 0.418679913107981
4.750000000000000 0.417732739421068
4.760000000000000 0.416786824720416
4.770000000000000 0.415842174158475
4.780000000000000 0.414898792779758
4.790000000000000 0.413956685522270
4.800000000000000 0.413015857218914
4.810000000000000 0.412094941416884
4.820000000000000 0.411175273830176
4.830000000000000 0.410256859015469
4.840000000000000 0.409339701430746
4.850000000000000 0.408423805436591
4.860000000000000 0.407509175297479
4.870000000000000 0.406595815183045
4.880000000000000 0.405683729169337
4.890000000000000 0.404772921240056
4.900000000000000 0.403863395287777
4.910000000000000 0.402972455686195
4.920000000000000 0.402082768150357
4.930000000000000 0.401194336341875
4.940000000000000 0.400307163836744
4.950000000000000 0.399421254126482
4.960000000000000 0.398536610619242
4.970000000000000 0.397653236640921
4.980000000000000 0.396771135436248
4.990000000000000 0.395890310169864
5.000000000000000 0.395010763927379
5.010000000000000 0.394148580118319
5.020000000000000 0.393287646340543
5.030000000000000 0.392427965487056
5.040000000000000 0.391569540376575
5.050000000000000 0.390712373754568
5.060000000000000 0.389856468294143
5.070000000000000 0.389001826597068
5.080000000000000 0.388148451194704
5.090000000000000 0.387296344548944
5.100000000000000 0.386445509053139
5.110000000000000 0.385610902998015
5.120000000000000 0.384777540086138
5.130000000000000 0.383945422550776
5.140000000000000 0.383114552560751
5.150000000000000 0.382284932221301
5.160000000000000 0.381456563574929
5.170000000000000 0.380629448602236
5.180000000000000 0.379803589222755
5.190000000000000 0.378978987295764
5.200000000000000 0.378155644621095
5.210000000000000 0.377347474667575
5.220000000000000 0.376540537004135
5.230000000000000 0.375734833298082
5.240000000000000 0.374930365160815
5.250000000000000 0.374127134148577
5.260000000000000 0.373325141763189
5.270000000000000 0.372524389452788
5.280000000000000 0.371724878612543
5.290000000000000 0.370926610585375
5.300000000000000 0.370129586662652
5.310000000000000 0.369346726564034
5.320000000000000 0.368565084738641
5.330000000000000 0.367784662368596
5.340000000000000 0.367005460587532
5.350000000000000 0.366227480481243
5.360000000000000 0.365450723088337
5.370000000000000 0.364675189400871
5.380000000000000 0.363900880364981
5.390000000000000 0.363127796881506
5.400000000000000 0.362355939806601
5.410000000000000 0.361597316935886
5.420000000000000 0.360839895762355
5.430000000000000 0.360083677052648
5.440000000000000 0.359328661531373
5.450000000000000 0.358574849881667
5.460000000000000 0.357822242745771
5.470000000000000 0.357070840725582
5.480000000000000 0.356320644383204
5.490000000000000 0.355571654241498
5.500000000000000 0.354823870784612
5.510000000000000 0.354088473843060
5.520000000000000 0.353354259953149
5.530000000000000 0.352621229526284
5.540000000000000 0.351889382937452
5.550000000000000 0.351158720525719
5.560000000000000 0.350429242594730
5.570000000000000 0.349700949413193
5.580000000000000 0.348973841215361
5.590000000000000 0.348247918201511
5.600000000000000 0.347523180538412
5.610000000000000 0.346810041382092
5.620000000000000 0.346098065007951
5.630000000000000 0.345387251524216
5.640000000000000 0.344677601007595
5.650000000000000 0.343969113503709
5.660000000000000 0.343261789027527
5.670000000000000 0.342555627563795
5.680000000000000 0.341850629067458
5.690000000000000 0.341146793464075
5.700000000000000 0.340444120650231
5.710000000000000 0.339752288900055
5.720000000000000 0.339061598468060
5.730000000000000 0.338372049204220
5.740000000000000 0.337683640931252
5.750000000000000 0.336996373445009
5.760000000000000 0.336310246514852
5.770000000000000 0.335625259884027
5.780000000000000 0.334941413270038
5.790000000000000 0.334258706365008
5.800000000000000 0.333577138836042
5.810000000000000 0.332905714571182
5.820000000000000 0.332235409262201
5.830000000000000 0.331566222539689
5.840000000000000 0.330898154010709
5.850000000000000 0.330231203259138
5.860000000000000 0.329565369845992
5.870000000000000 0.328900653309765
5.880000000000000 0.328237053166743
5.890000000000000 0.327574568911332
5.900000000000000 0.326913200016372
5.910000000000000 0.326261313162100
5.920000000000000 0.325610522291046
5.930000000000000 0.324960826848006
5.940000000000000 0.324312226257505
5.950000000000000 0.323664719924092
5.960000000000000 0.323018307232633
5.970000000000000 0.322372987548599
5.980000000000000 0.321728760218352
5.990000000000000 0.321085624569424
6.000000000000000 0.320443579910796
6.010000000000000 0.319810381628941
6.020000000000000 0.319178256008025
6.030000000000000 0.318547202336030
6.040000000000000 0.317917219883512
6.050000000000000 0.317288307903861
6.060000000000000 0.316660465633556
6.070000000000000 0.316033692292419
6.080000000000000 0.315407987083864
6.090000000000000 0.314783349195147
6.100000000000000 0.314159777797605
6.110000000000000 0.313544470665263
6.120000000000000 0.312930212677266
6.130000000000000 0.312317002989904
6.140000000000000 0.311704840744526
6.150000000000000 0.311093725067772
6.160000000000000 0.310483655071796
6.170000000000000 0.309874629854489
6.180000000000000 0.309266648499695
6.190000000000000 0.308659710077435
6.200000000000000 0.308053813644117
6.210000000000000 0.307455754916485
6.220000000000000 0.306858721519612
6.230000000000000 0.306262712500350
6.240000000000000 0.305667726892788
6.250000000000000 0.305073763718451
6.260000000000000 0.304480821986503
6.270000000000000 0.303888900693935
6.280000000000000 0.303297998825765
6.290000000000000 0.302708115355225
6.300000000000000 0.302119249243948
6.310000000000000 0.301537548846284
6.320000000000000 0.300956850407230
6.330000000000000 0.300377152882287
6.340000000000000 0.299798455216096
6.350000000000000 0.299220756342617
6.360000000000000 0.298644055185300
6.370000000000000 0.298068350657260
6.380000000000000 0.297493641661445
6.390000000000000 0.296919927090802
6.400000000000000 0.296347205828448
6.410000000000000 0.295781191991091
6.420000000000000 0.295216156886392
6.430000000000000 0.294652099394845
6.440000000000000 0.294089018387752
6.450000000000000 0.293526912727380
6.460000000000000 0.292965781267114
6.470000000000000 0.292405622851604
6.480000000000000 0.291846436316918
6.490000000000000 0.291288220490690
6.500000000000000 0.290730974192262
6.510000000000000 0.290180019095032
6.520000000000000 0.289630019710785
6.530000000000000 0.289080974859213
6.540000000000000 0.288532883352276
6.550000000000000 0.287985743994339
6.560000000000000 0.287439555582307
6.570000000000000 0.286894316905757
6.580000000000000 0.286350026747069
6.590000000000000 0.285806683881560
6.600000000000000 0.285264287077604
6.610000000000000 0.284727752475096
6.620000000000000 0.284192150929656
6.630000000000000 0.283657481212279
6.640000000000000 0.283123742087510
6.650000000000000 0.282590932313559
6.660000000000000 0.282059050642425
6.670000000000000 0.281528095820005
6.680000000000000 0.280998066586219
6.690000000000000 0.280468961675116
6.700000000000000 0.279940779814992
6.710000000000000 0.279418027670550
6.720000000000000 0.278896186408154
6.730000000000000 0.278375254760419
6.740000000000000 0.277855231454626
6.750000000000000 0.277336115212830
6.760000000000000 0.276817904751962
6.770000000000000 0.276300598783935
6.780000000000000 0.275784196015743
6.790000000000000 0.275268695149561
6.800000000000000 0.274754094882846
6.810000000000000 0.274244518665310
6.820000000000000 0.273735831671010
6.830000000000000 0.273228032603061
6.840000000000000 0.272721120160229
6.850000000000000 0.272215093037020
6.860000000000000 0.271709949923774
6.870000000000000 0.271205689506754
6.880000000000000 0.270702310468237
6.890000000000000 0.270199811486602
6.900000000000000 0.269698191236416
6.910000000000000 0.269201288632976
6.920000000000000 0.268705253979058
6.930000000000000 0.268210085956272
6.940000000000000 0.267715783242736
6.950000000000000 0.267222344513160
6.960000000000000 0.266729768438923
6.970000000000000 0.266238053688152
6.980000000000000 0.265747198925806
6.990000000000000 0.265257202813748
7.000000000000000 0.264768064010825
7.010000000000000 0.264283257283219
7.020000000000000 0.263799297854800
7.030000000000000 0.263316184392109
7.040000000000000 0.262833915558950
7.050000000000000 0.262352490016456
7.060000000000000 0.261871906423166
7.070000000000000 0.261392163435090
7.080000000000000 0.260913259705781
7.090000000000000 0.260435193886405
7.100000000000000 0.259957964625803
7.110000000000000 0.259484780615945
7.120000000000000 0.259012423726684
7.130000000000000 0.258540892615357
7.140000000000000 0.258070185937218
7.150000000000000 0.257600302345506
7.160000000000000 0.257131240491503
7.170000000000000 0.256662999024596
7.180000000000000 0.256195576592340
7.190000000000000 0.255728971840516
7.200000000000000 0.255263183413191
7.210000000000000 0.254801104541211
7.220000000000000 0.254339833236335
7.230000000000000 0.253879368151421
7.240000000000000 0.253419707937820
7.250000000000000 0.252960851245436
7.260000000000000 0.252502796722775
7.270000000000000 0.252045543017007
7.280000000000000 0.251589088774011
7.290000000000000 0.251133432638432
7.300000000000000 0.250678573253733
7.310000000000000 0.250227108321031
7.320000000000000 0.249776432023866
7.330000000000000 0.249326543014645
7.340000000000000 0.248877439944776
7.350000000000000 0.248429121464712
7.360000000000000 0.247981586224004
7.370000000000000 0.247534832871346
7.380000000000000 0.247088860054620
7.390000000000000 0.246643666420946
7.400000000000000 0.246199250616723
7.410000000000000 0.245757985853309
7.420000000000000 0.245317491300780
7.430000000000000 0.244877765614767
7.440000000000000 0.244438807450339
7.450000000000000 0.244000615462048
7.460000000000000 0.243563188303970
7.470000000000000 0.243126524629744
7.480000000000000 0.242690623092617
7.490000000000000 0.242255482345483
7.500000000000000 0.241821101040920
7.510000000000000 0.241389536504169
7.520000000000000 0.240958724478492
7.530000000000000 0.240528663625376
7.540000000000000 0.240099352606135
7.550000000000000 0.239670790081944
7.560000000000000 0.239242974713874
7.570000000000000 0.238815905162930
7.580000000000000 0.238389580090090
7.590000000000000 0.237963998156332
7.600000000000000 0.237539158022678
7.610000000000000 0.237116954661288
7.620000000000000 0.236695486539536
7.630000000000000 0.236274752327598
7.640000000000000 0.235854750695808
7.650000000000000 0.235435480314693
7.660000000000000 0.235016939855001
7.670000000000000 0.234599127987736
7.680000000000000 0.234182043384187
7.690000000000000 0.233765684715959
7.700000000000000 0.233350050655006
7.710000000000000 0.232936718715715
7.720000000000000 0.232524105512051
7.730000000000000 0.232112209724510
7.740000000000000 0.231701030034045
7.750000000000000 0.231290565122081
7.760000000000000 0.230880813670555
7.770000000000000 0.230471774361936
7.780000000000000 0.230063445879253
7.790000000000000 0.229655826906126
7.800000000000000 0.229248916126788
7.810000000000000 0.228844110574281
7.820000000000000 0.228440007751314
7.830000000000000 0.228036606350582
7.840000000000000 0.227633905065485
7.850000000000000 0.227231902590150
7.860000000000000 0.226830597619459
7.870000000000000 0.226429988849067
7.880000000000000 0.226030074975433
7.890000000000000 0.225630854695837
7.900000000000000 0.225232326708407
7.910000000000000 0.224835666608733
7.920000000000000 0.224439693826500
7.930000000000000 0.224044407067924
7.940000000000000 0.223649805040145
7.950000000000000 0.223255886451250
7.960000000000000 0.222862650010289
7.970000000000000 0.222470094427303
7.980000000000000 0.222078218413335
7.990000000000000 0.221687020680462
8.000000000000000 0.221296499941802
8.010000000000000 0.220907597892255
8.020000000000000 0.220519368374327
8.029999999999999 0.220131810108716
8.039999999999999 0.219744921817231
8.050000000000001 0.219358702222817
8.060000000000000 0.218973150049568
8.070000000000000 0.218588264022750
8.080000000000000 0.218204042868812
8.090000000000000 0.217820485315411
8.100000000000000 0.217437590091420
8.109999999999999 0.217056094243222
8.119999999999999 0.216675256712208
8.130000000000001 0.216295076234380
8.140000000000001 0.215915551547018
8.150000000000000 0.215536681388698
8.160000000000000 0.215158464499306
8.170000000000000 0.214780899620055
8.180000000000000 0.214403985493499
8.190000000000000 0.214027720863549
8.199999999999999 0.213652104475484
8.210000000000001 0.213277731958391
8.220000000000001 0.212904003992760
8.230000000000000 0.212530919330770
8.240000000000000 0.212158476726026
8.250000000000000 0.211786674933562
8.260000000000000 0.211415512709863
8.270000000000000 0.211044988812874
8.279999999999999 0.210675102002016
8.289999999999999 0.210305851038192
8.300000000000001 0.209937234683809
8.310000000000000 0.209569635257765
8.320000000000000 0.209202667212959
8.330000000000000 0.208836329318091
8.340000000000000 0.208470620343401
8.350000000000000 0.208105539060686
8.359999999999999 0.207741084243309
8.369999999999999 0.207377254666205
8.380000000000001 0.207014049105903
8.390000000000001 0.206651466340524
8.400000000000000 0.206289505149801
8.410000000000000 0.205928353381390
8.420000000000000 0.205567820380529
8.430000000000000 0.205207904932683
8.440000000000000 0.204848605824963
8.449999999999999 0.204489921846136
8.460000000000001 0.204131851786637
8.470000000000001 0.203774394438574
8.480000000000000 0.203417548595741
8.490000000000000 0.203061313053623
8.500000000000000 0.202705686609411
8.510000000000000 0.202350631456371
8.520000000000000 0.201996183072283
8.529999999999999 0.201642340259332
8.539999999999999 0.201289101821437
8.550000000000001 0.200936466564262
8.560000000000000 0.200584433295222
8.570000000000000 0.200233000823492
8.580000000000000 0.199882167960014
8.590000000000000 0.199531933517504
8.600000000000000 0.199182296310462
8.609999999999999 0.198833161683530
8.619999999999999 0.198484622108102
8.630000000000001 0.198136676403652
8.640000000000001 0.197789323391466
8.650000000000000 0.197442561894643
8.660000000000000 0.197096390738108
8.670000000000000 0.196750808748614
8.680000000000000 0.196405814754752
8.690000000000000 0.196061407586952
8.699999999999999 0.195717586077495
8.710000000000001 0.195373967410073
8.720000000000001 0.195030932808867
8.730000000000000 0.194688481110063
8.740000000000000 0.194346611151721
8.750000000000000 0.194005321773779
8.760000000000000 0.193664611818062
8.770000000000000 0.193324480128282
8.779999999999999 0.192984925550047
8.789999999999999 0.192645946930863
8.800000000000001 0.192307543120140
8.810000000000000 0.191969234369497
8.820000000000000 0.191631499052001
8.830000000000000 0.191294336020721
8.840000000000000 0.190957744130654
8.850000000000000 0.190621722238727
8.859999999999999 0.190286269203800
8.869999999999999 0.189951383882773
8.880000000000001 0.189617065146212
8.890000000000001 0.189283311854882
8.900000000000000 0.188950122879244
8.910000000000000 0.188616795869954
8.920000000000000 0.188284032252442
8.930000000000000 0.187951830896193
8.940000000000000 0.187620190672663
8.949999999999999 0.187289110455279
8.960000000000001 0.186958589119447
8.970000000000001 0.186628625542550
8.980000000000000 0.186299218603955
8.990000000000000 0.185970367185014
9.000000000000000 0.185642070169063
9.010000000000000 0.185313471503050
9.020000000000000 0.184985426638462
9.029999999999999 0.184657934460960
9.039999999999999 0.184330993858211
9.050000000000001 0.184004603719891
9.060000000000000 0.183678762937686
9.070000000000000 0.183353470405293
9.080000000000000 0.183028725018425
9.090000000000000 0.182704525674812
9.100000000000000 0.182380871274200
9.109999999999999 0.182056754183312
9.119999999999999 0.181733181744561
9.130000000000001 0.181410152859490
9.140000000000001 0.181087666431678
9.150000000000000 0.180765721366739
9.160000000000000 0.180444316572323
9.170000000000000 0.180123450958122
9.180000000000000 0.179803123435865
9.190000000000000 0.179483332919325
9.199999999999999 0.179164078324314
9.210000000000001 0.178844191841784
9.220000000000001 0.178524841312970
9.230000000000000 0.178206025654912
9.240000000000000 0.177887743786707
9.250000000000000 0.177569994629509
9.260000000000000 0.177252777106534
9.270000000000000 0.176936090143054
9.279999999999999 0.176619932666403
9.289999999999999 0.176304303605975
9.300000000000001 0.175989201893225
9.310000000000000 0.175673326386410
9.320000000000000 0.175357978528159
9.330000000000000 0.175043157250687
9.340000000000000 0.174728861488288
9.350000000000000 0.174415090177329
9.359999999999999 0.174101842256252
9.369999999999999 0.173789116665575
9.380000000000001 0.173476912347888
9.390000000000001 0.173165228247860
9.400000000000000 0.172854063312230
9.410000000000000 0.172541944053863
9.420000000000000 0.172230344598629
9.430000000000000 0.171919263893405
9.440000000000000 0.171608700887152
9.449999999999999 0.171298654530920
9.460000000000001 0.170989123777847
9.470000000000001 0.170680107583155
9.480000000000000 0.170371604904153
9.490000000000000 0.170063614700234
9.500000000000000 0.169756135932875
9.510000000000000 0.169447458463842
9.520000000000000 0.169139293522333
9.529999999999999 0.168831640069069
9.539999999999999 0.168524497066868
9.550000000000001 0.168217863480644
9.560000000000000 0.167911738277407
9.570000000000000 0.167606120426262
9.580000000000000 0.167301008898407
9.590000000000000 0.166996402667134
9.600000000000000 0.166692300707822
9.609999999999999 0.166386968849791
9.619999999999999 0.166082142409321
9.630000000000001 0.165777820361020
9.640000000000001 0.165474001681595
9.650000000000000 0.165170685349859
9.660000000000000 0.164867870346721
9.670000000000000 0.164565555655192
9.680000000000000 0.164263740260378
9.690000000000000 0.163962423149480
9.699999999999999 0.163661603311793
9.710000000000001 0.163359245857701
9.720000000000001 0.163057387382892
9.730000000000000 0.162756026874746
9.740000000000000 0.162455163322747
9.750000000000000 0.162154795718485
9.760000000000000 0.161854923055651
9.770000000000000 0.161555544330040
9.779999999999999 0.161256658539545
9.789999999999999 0.160958264684158
9.800000000000001 0.160660361765963
9.810000000000000 0.160360830375786
9.820000000000000 0.160061791787746
9.830000000000000 0.159763245001748
9.840000000000000 0.159465189019808
9.850000000000000 0.159167622846045
9.859999999999999 0.158870545486683
9.869999999999999 0.158573955950046
9.880000000000001 0.158277853246558
9.890000000000001 0.157982236388737
9.900000000000000 0.157687104391199
9.910000000000000 0.157390126089699
9.920000000000000 0.157093634900414
9.930000000000000 0.156797629835012
9.940000000000000 0.156502109907268
9.949999999999999 0.156207074133064
9.960000000000001 0.155912521530380
9.970000000000001 0.155618451119299
9.980000000000000 0.155324861921998
9.990000000000000 0.155031752962750
10.000000000000000 0.154739123267920
