0.000000000000000 0.000000000000000
0.010000000000000 0.000091926824072
0.020000000000000 0.000367493132401
0.030000000000000 0.000826266974301
0.040000000000000 0.001467672140849
0.050000000000000 0.002290992447690
0.060000000000000 0.003295376123823
0.070000000000000 0.004479840293572
0.080000000000000 0.005843275539075
0.090000000000000 0.007384450530804
0.100000000000000 0.009102016713819
0.110000000000000 0.011006122272858
0.120000000000000 0.013087755598366
0.130000000000000 0.015345692797200
0.140000000000000 0.017778591927862
0.150000000000000 0.020384998005415
0.160000000000000 0.023163348015426
0.170000000000000 0.026111975926028
0.180000000000000 0.029229117687580
0.190000000000000 0.032512916209931
0.200000000000000 0.035961426307700
0.210000000000000 0.039602020738457
0.220000000000000 0.043408310943603
0.230000000000000 0.047378349582750
0.240000000000000 0.051510107057155
0.250000000000000 0.055801476433604
0.260000000000000 0.060250278297635
0.270000000000000 0.064854265529274
0.280000000000000 0.069611127994979
0.290000000000000 0.074518497150010
0.300000000000000 0.079573950545949
0.310000000000000 0.084810123386757
0.320000000000000 0.090193248144057
0.330000000000000 0.095720851027839
0.340000000000000 0.101390414600826
0.350000000000000 0.107199381935016
0.360000000000000 0.113145160652912
0.370000000000000 0.119225126851059
0.380000000000000 0.125436628903907
0.390000000000000 0.131776991146453
0.400000000000000 0.138243517434458
0.410000000000000 0.144845159207116
0.420000000000000 0.151568424323787
0.430000000000000 0.158410583498049
0.440000000000000 0.165368898865618
0.450000000000000 0.172440626965400
0.460000000000000 0.179623021597733
0.470000000000000 0.186913336560772
0.480000000000000 0.194308828266183
0.490000000000000 0.201806758235558
0.500000000000000 0.209404395479123
0.510000000000000 0.217044474419461
0.520000000000000 0.224775706177002
0.530000000000000 0.232595392337328
0.540000000000000 0.240500853070879
0.550000000000000 0.248489428838286
0.560000000000000 0.256558481993063
0.570000000000000 0.264705398284289
0.580000000000000 0.272927588261942
0.590000000000000 0.281222488587662
0.600000000000000 0.289587563253706
0.610000000000000 0.297849059328128
0.620000000000000 0.306168203728887
0.630000000000000 0.314542584105608
0.640000000000000 0.322969824023666
0.650000000000000 0.331447583535110
0.660000000000000 0.339973559681083
0.670000000000000 0.348545486928557
0.680000000000000 0.357161137544243
0.690000000000000 0.365818321908425
0.700000000000000 0.374514888771475
0.710000000000000 0.382927554230193
0.720000000000000 0.391364292928642
0.730000000000000 0.399823167825211
0.740000000000000 0.408302285225876
0.750000000000000 0.416799794514076
0.760000000000000 0.425313887847613
0.770000000000000 0.433842799824745
0.780000000000000 0.442384807121649
0.790000000000000 0.450938228103287
0.800000000000000 0.459501422409681
0.810000000000000 0.467592641259311
0.820000000000000 0.475677189910810
0.830000000000000 0.483753708622091
0.840000000000000 0.491820880265002
0.850000000000000 0.499877429549983
0.860000000000000 0.507922122246540
0.870000000000000 0.515953764400785
0.880000000000000 0.523971201551252
0.890000000000000 0.531973317944080
0.900000000000000 0.539959035748633
0.910000000000000 0.547310450955678
0.920000000000000 0.554629634479089
0.930000000000000 0.561915818153868
0.940000000000000 0.569168270169666
0.950000000000000 0.576386294087839
0.960000000000000 0.583569227873181
0.970000000000000 0.590716442940732
0.980000000000000 0.597827343217992
0.990000000000000 0.604901364222829
1.000000000000000 0.611937972157345
1.010000000000000 0.618246215307388
1.020000000000000 0.624503500613330
1.030000000000000 0.630709590310367
1.040000000000000 0.636864273949137
1.050000000000000 0.642967367424779
1.060000000000000 0.649018712029851
1.070000000000000 0.655018173530932
1.080000000000000 0.660965641268617
1.090000000000000 0.666861027280690
1.100000000000000 0.672704265448159
1.110000000000000 0.677793686334872
1.120000000000000 0.682820436990548
1.130000000000000 0.687784704970222
1.140000000000000 0.692686695653240
1.150000000000000 0.697526631410869
1.160000000000000 0.702304750799804
1.170000000000000 0.707021307781042
1.180000000000000 0.711676570963550
1.190000000000000 0.716270822872214
1.200000000000000 0.720804359239491
1.210000000000000 0.724636260404364
1.220000000000000 0.728400229682547
1.230000000000000 0.732096756155129
1.240000000000000 0.735726338314590
1.250000000000000 0.739289483422485
1.260000000000000 0.742786706890673
1.270000000000000 0.746218531685426
1.280000000000000 0.749585487753811
1.290000000000000 0.752888111471689
1.300000000000000 0.756126945112732
1.310000000000000 0.758768065183366
1.320000000000000 0.761341118745791
1.330000000000000 0.763846779274606
1.340000000000000 0.766285723065117
1.350000000000000 0.768658628780701
1.360000000000000 0.770966177019380
1.370000000000000 0.773209049899001
1.380000000000000 0.775387930660412
1.390000000000000 0.777503503288063
1.400000000000000 0.779556452147448
1.410000000000000 0.781142311580971
1.420000000000000 0.782663566287279
1.430000000000000 0.784120977561746
1.440000000000000 0.785515304884117
1.450000000000000 0.786847305627703
1.460000000000000 0.788117734783113
1.470000000000000 0.789327344695995
1.480000000000000 0.790476884818286
1.490000000000000 0.791567101472494
1.500000000000000 0.792598737628540
1.510000000000000 0.793292144722790
1.520000000000000 0.793926546306444
1.530000000000000 0.794502721350146
1.540000000000000 0.795021444084428
1.550000000000000 0.795483483833511
1.560000000000000 0.795889604859448
1.570000000000000 0.796240566216222
1.580000000000000 0.796537121613404
1.590000000000000 0.796780019288996
1.600000000000000 0.796970001891098
1.610000000000000 0.796942650742380
1.620000000000000 0.796862939701396
1.630000000000000 0.796731618423894
1.640000000000000 0.796549430243444
1.650000000000000 0.796317112093959
1.660000000000000 0.796035394439212
1.670000000000000 0.795705001209062
1.680000000000000 0.795326649742095
1.690000000000000 0.794901050734400
1.700000000000000 0.794428908194237
1.710000000000000 0.793837529130725
1.720000000000000 0.793200665966306
1.730000000000000 0.792519011921555
1.740000000000000 0.791793253261721
1.750000000000000 0.791024069278209
1.760000000000000 0.790212132274561
1.770000000000000 0.789358107556718
1.780000000000000 0.788462653427383
1.790000000000000 0.787526421184247
1.800000000000000 0.786550055121948
1.810000000000000 0.785535287342668
1.820000000000000 0.784481657269748
1.830000000000000 0.783389788110813
1.840000000000000 0.782260296113655
1.850000000000000 0.781093790584114
1.860000000000000 0.779890873906671
1.870000000000000 0.778652141567630
1.880000000000000 0.777378182180724
1.890000000000000 0.776069577515044
1.900000000000000 0.774726902525136
1.910000000000000 0.773401170971748
1.920000000000000 0.772042640884653
1.930000000000000 0.770651861982097
1.940000000000000 0.769229377386929
1.950000000000000 0.767775723664974
1.960000000000000 0.766291430864914
1.970000000000000 0.764777022559590
1.980000000000000 0.763233015888637
1.990000000000000 0.761659921602355
2.000000000000000 0.760058244106742
2.010000000000000 0.758511064263810
2.020000000000000 0.756936470049311
2.030000000000000 0.755334939967153
2.040000000000000 0.753706946483694
2.050000000000000 0.752052956075978
2.060000000000000 0.750373429280694
2.070000000000000 0.748668820743811
2.080000000000000 0.746939579270808
2.090000000000000 0.745186147877463
2.100000000000000 0.743408963841137
2.110000000000000 0.741711283909479
2.120000000000000 0.739990873853586
2.130000000000000 0.738248146260848
2.140000000000000 0.736483508319209
2.150000000000000 0.734697361868496
2.160000000000000 0.732890103451999
2.170000000000000 0.731062124368226
2.180000000000000 0.729213810722829
2.190000000000000 0.727345543480647
2.200000000000000 0.725457698517833
2.210000000000000 0.723663270536172
2.220000000000000 0.721850127602998
2.230000000000000 0.720018623181806
2.240000000000000 0.718169105983042
2.250000000000000 0.716301920014500
2.260000000000000 0.714417404631645
2.270000000000000 0.712515894587860
2.280000000000000 0.710597720084573
2.290000000000000 0.708663206821254
2.300000000000000 0.706712676045278
2.310000000000000 0.704864064567416
2.320000000000000 0.703000147155372
2.330000000000000 0.701121225183801
2.340000000000000 0.699227595890694
2.350000000000000 0.697319552424543
2.360000000000000 0.695397383891298
2.370000000000000 0.693461375401059
2.380000000000000 0.691511808114528
2.390000000000000 0.689548959289186
2.400000000000000 0.687573102325196
2.410000000000000 0.685700876667077
2.420000000000000 0.683816217149038
2.430000000000000 0.681919379977331
2.440000000000000 0.680010617785204
2.450000000000000 0.678090179675774
2.460000000000000 0.676158311264583
2.470000000000000 0.674215254721848
2.480000000000000 0.672261248814369
2.490000000000000 0.670296528947128
2.500000000000000 0.668321327204532
2.510000000000000 0.666448239624676
2.520000000000000 0.664565126308815
2.530000000000000 0.662672204649339
2.540000000000000 0.660769688968555
2.550000000000000 0.658857790556884
2.560000000000000 0.656936717710722
2.570000000000000 0.655006675769953
2.580000000000000 0.653067867155116
2.590000000000000 0.651120491404226
2.600000000000000 0.649164745209238
2.610000000000000 0.647307765201804
2.620000000000000 0.645442771691536
2.630000000000000 0.643569948912863
2.640000000000000 0.641689478471648
2.650000000000000 0.639801539378760
2.660000000000000 0.637906308083306
2.670000000000000 0.636003958505532
2.680000000000000 0.634094662069369
2.690000000000000 0.632178587734648
2.700000000000000 0.630255902028971
2.710000000000000 0.628427206223098
2.720000000000000 0.626592174144106
2.730000000000000 0.624750961822945
2.740000000000000 0.622903723045086
2.750000000000000 0.621050609379758
2.760000000000000 0.619191770208849
2.770000000000000 0.617327352755505
2.780000000000000 0.615457502112392
2.790000000000000 0.613582361269646
2.800000000000000 0.611702071142507
2.810000000000000 0.609910269187041
2.820000000000000 0.608113526427295
2.830000000000000 0.606311974968867
2.840000000000000 0.604505745001647
2.850000000000000 0.602694964825095
2.860000000000000 0.600879760873232
2.870000000000000 0.599060257739331
2.880000000000000 0.597236578200323
2.890000000000000 0.595408843240907
2.900000000000000 0.593577172077372
2.910000000000000 0.591828432736411
2.920000000000000 0.590075911766012
2.930000000000000 0.588319721000476
2.940000000000000 0.586559970640844
2.950000000000000 0.584796769276662
2.960000000000000 0.583030223907490
2.970000000000000 0.581260439964127
2.980000000000000 0.579487521329598
2.990000000000000 0.577711570359871
3.000000000000000 0.575932687904313
3.010000000000000 0.574230932073627
3.020000000000000 0.572526356342389
3.030000000000000 0.570819055387774
3.040000000000000 0.569109122494653
3.050000000000000 0.567396649574263
3.060000000000000 0.565681727182659
3.070000000000000 0.563964444538924
3.080000000000000 0.562244889543153
3.090000000000000 0.560523148794210
3.100000000000000 0.558799307607255
3.110000000000000 0.557147167628053
3.120000000000000 0.555493004369533
3.130000000000000 0.553836897985170
3.140000000000000 0.552178927441293
3.150000000000000 0.550519170533082
3.160000000000000 0.548857703900360
3.170000000000000 0.547194603043180
3.180000000000000 0.545529942337220
3.190000000000000 0.543863795048967
3.200000000000000 0.542196233350714
3.210000000000000 0.540595066886110
3.220000000000000 0.538992536052057
3.230000000000000 0.537388708707077
3.240000000000000 0.535783651696953
3.250000000000000 0.534177430868406
3.260000000000000 0.532570111082609
3.270000000000000 0.530961756228511
3.280000000000000 0.529352429235994
3.290000000000000 0.527742192088858
3.300000000000000 0.526131105837632
3.310000000000000 0.524581268404926
3.320000000000000 0.523030610808237
3.330000000000000 0.521479190494413
3.340000000000000 0.519927064045679
3.350000000000000 0.518374287191337
3.360000000000000 0.516820914819311
3.370000000000000 0.515267000987541
3.380000000000000 0.513712598935221
3.390000000000000 0.512157761093894
3.400000000000000 0.510602539098403
3.410000000000000 0.509103977561012
3.420000000000000 0.507605044064031
3.430000000000000 0.506105787227889
3.440000000000000 0.504606254934246
3.450000000000000 0.503106494335985
3.460000000000000 0.501606551867084
3.470000000000000 0.500106473252349
3.480000000000000 0.498606303517024
3.490000000000000 0.497106086996266
3.500000000000000 0.495605867344500
3.510000000000000 0.494158018659699
3.520000000000000 0.492710166089874
3.530000000000000 0.491262350767113
3.540000000000000 0.489814613191680
3.550000000000000 0.488366993240558
3.560000000000000 0.486919530175889
3.570000000000000 0.485472262653296
3.580000000000000 0.484025228730092
3.590000000000000 0.482578465873385
3.600000000000000 0.481132010968071
3.610000000000000 0.479733862971078
3.620000000000000 0.478336012400179
3.630000000000000 0.476938494029457
3.640000000000000 0.475541342092084
3.650000000000000 0.474144590287631
3.660000000000000 0.472748271789285
3.670000000000000 0.471352419250966
3.680000000000000 0.469957064814354
3.690000000000000 0.468562240115814
3.700000000000000 0.467167976293239
3.710000000000000 0.465818283274447
3.720000000000000 0.464469133224260
3.730000000000000 0.463120555513082
3.740000000000000 0.461772579047751
3.750000000000000 0.460425232277808
3.760000000000000 0.459078543201667
3.770000000000000 0.457732539372713
3.780000000000000 0.456387247905313
3.790000000000000 0.455042695480749
3.800000000000000 0.453698908353069
3.810000000000000 0.452396563904411
3.820000000000000 0.451094960809571
3.830000000000000 0.449794123840048
3.840000000000000 0.448494077369712
3.850000000000000 0.447194845380169
3.860000000000000 0.445896451466046
3.870000000000000 0.444598918840218
3.880000000000000 0.443302270338957
3.890000000000000 0.442006528427011
3.900000000000000 0.440711715202625
3.910000000000000 0.439455008702138
3.920000000000000 0.438199203324438
3.930000000000000 0.436944319926231
3.940000000000000 0.435690379022774
3.950000000000000 0.434437400792475
3.960000000000000 0.433185405081435
3.970000000000000 0.431934411407922
3.980000000000000 0.430684438966789
3.990000000000000 0.429435506633838
4.000000000000000 0.428187632970113
4.010000000000000 0.426974829861800
4.020000000000000 0.425763055385080
4.030000000000000 0.424552327060688
4.040000000000000 0.423342662115851
4.050000000000000 0.422134077488240
4.060000000000000 0.420926589829861
4.070000000000000 0.419720215510909
4.080000000000000 0.418514970623552
4.090000000000000 0.417310870985685
4.100000000000000 0.416107932144612
4.110000000000000 0.414937449729504
4.120000000000000 0.413768096201787
4.130000000000000 0.412599886236316
4.140000000000000 0.411432834255422
4.150000000000000 0.410266954432305
4.160000000000000 0.409102260694383
4.170000000000000 0.407938766726602
4.180000000000000 0.406776485974695
4.190000000000000 0.405615431648398
4.200000000000000 0.404455616724632
4.210000000000000 0.403326004925330
4.220000000000000 0.402197599204927
4.230000000000000 0.401070411808475
4.240000000000000 0.399944454763594
4.250000000000000 0.398819739883393
4.260000000000000 0.397696278769357
4.270000000000000 0.396574082814189
4.280000000000000 0.395453163204618
4.290000000000000 0.394333530924171
4.300000000000000 0.393215196755905
4.310000000000000 0.392124851852193
4.320000000000000 0.391035771225843
4.330000000000000 0.389947965046508
4.340000000000000 0.388861443296487
4.350000000000000 0.387776215773240
4.360000000000000 0.386692292091870
4.370000000000000 0.385609681687582
4.380000000000000 0.384528393818095
4.390000000000000 0.383448437566034
4.400000000000000 0.382369821841285
4.410000000000000 0.381316927103921
4.420000000000000 0.380265339495538
4.430000000000000 0.379215067412302
4.440000000000000 0.378166119088808
4.450000000000000 0.377118502600261
4.460000000000000 0.376072225864610
4.470000000000000 0.375027296644665
4.480000000000000 0.373983722550191
4.490000000000000 0.372941511039962
4.500000000000000 0.371900669423797
4.510000000000000 0.370883689417951
4.520000000000000 0.369868046195935
4.530000000000000 0.368853746637468
4.540000000000000 0.367840797482859
4.550000000000000 0.366829205334886
4.560000000000000 0.365818976660648
4.570000000000000 0.364810117793390
4.580000000000000 0.363802634934310
4.590000000000000 0.362796534154337
4.600000000000000 0.361791821395888
4.610000000000000 0.360809299389268
4.620000000000000 0.359828132768397
4.630000000000000 0.358848327116058
4.640000000000000 0.357869887894695
4.650000000000000 0.356892820448037
4.660000000000000 0.355917130002696
4.670000000000000 0.354942821669752
4.680000000000000 0.353969900446313
4.690000000000000 0.352998371217052
4.700000000000000 0.352028238755730
4.710000000000000 0.351078574030764
4.720000000000000 0.350130274516042
4.730000000000000 0.349183344684911
4.740000000000000 0.348237788906797
4.750000000000000 0.347293611448613
4.760000000000000 0.346350816476143
4.770000000000000 0.345409408055414
4.780000000000000 0.344469390154045
4.790000000000000 0.343530766642583
4.800000000000000 0.342593541295818
4.810000000000000 0.341675304618169
4.820000000000000 0.340758435520552
4.830000000000000 0.339842937527321
4.840000000000000 0.338928814073070
4.850000000000000 0.338016068503852
4.860000000000000 0.337104704078385
4.870000000000000 0.336194723969234
4.880000000000000 0.335286131263988
4.890000000000000 0.334378928966411
4.900000000000000 0.333473119997590
4.910000000000000 0.332584878625647
4.920000000000000 0.331698001196015
4.930000000000000 0.330812490421379
4.940000000000000 0.329928348936889
4.950000000000000 0.329045579301222
4.960000000000000 0.328164183997623
4.970000000000000 0.327284165434938
4.980000000000000 0.326405525948628
4.990000000000000 0.325528267801774
5.000000000000000 0.324652393186073
5.010000000000000 0.323792841506301
5.020000000000000 0.322934645083024
5.030000000000000 0.322077805935108
5.040000000000000 0.321222326014446
5.050000000000000 0.320368207206923
5.060000000000000 0.319515451333253
5.070000000000000 0.318664060149921
5.080000000000000 0.317814035350055
5.090000000000000 0.316965378564300
5.100000000000000 0.316118091361679
5.110000000000000 0.315285878302244
5.120000000000000 0.314455007921386
5.130000000000000 0.313625481645070
5.140000000000000 0.312797300841443
5.150000000000000 0.311970466821635
5.160000000000000 0.311144980840551
5.170000000000000 0.310320844097644
5.180000000000000 0.309498057737689
5.190000000000000 0.308676622851540
5.200000000000000 0.307856540476882
5.210000000000000 0.307050463152555
5.220000000000000 0.306245712624326
5.230000000000000 0.305442289812126
5.240000000000000 0.304640195585995
5.250000000000000 0.303839430766777
5.260000000000000 0.303039996126807
5.270000000000000 0.302241892390591
5.280000000000000 0.301445120235474
5.290000000000000 0.300649680292302
5.300000000000000 0.299855573146075
5.310000000000000 0.299074349495828
5.320000000000000 0.298294434408980
5.330000000000000 0.297515828373715
5.340000000000000 0.296738531835201
5.350000000000000 0.295962545196185
5.360000000000000 0.295187868817600
5.370000000000000 0.294414503019156
5.380000000000000 0.293642448079918
5.390000000000000 0.292871704238889
5.400000000000000 0.292102271695577
5.410000000000000 0.291344877535547
5.420000000000000 0.290588771466917
5.430000000000000 0.289833953610610
5.440000000000000 0.289080424050497
5.450000000000000 0.288328182833918
5.460000000000000 0.287577229972212
5.470000000000000 0.286827565441227
5.480000000000000 0.286079189181836
5.490000000000000 0.285332101100433
5.500000000000000 0.284586301069435
5.510000000000000 0.283851469597582
5.520000000000000 0.283117904616320
5.530000000000000 0.282385605933878
5.540000000000000 0.281654573326611
5.550000000000000 0.280924806539456
5.560000000000000 0.280196305286396
5.570000000000000 0.279469069250907
5.580000000000000 0.278743098086401
5.590000000000000 0.278018391416670
5.600000000000000 0.277294948836316
5.610000000000000 0.276581780726181
5.620000000000000 0.275869856076015
5.630000000000000 0.275159174429338
5.640000000000000 0.274449735302300
5.650000000000000 0.273741538184088
5.660000000000000 0.273034582537321
5.670000000000000 0.272328867798446
5.680000000000000 0.271624393378128
5.690000000000000 0.270921158661629
5.700000000000000 0.270219163009195
5.710000000000000 0.269526572953906
5.720000000000000 0.268835202737339
5.730000000000000 0.268145051678871
5.740000000000000 0.267456119074430
5.750000000000000 0.266768404196852
5.760000000000000 0.266081906296226
5.770000000000000 0.265396624600239
5.780000000000000 0.264712558314518
5.790000000000000 0.264029706622963
5.800000000000000 0.263348068688081
5.810000000000000 0.262675168814514
5.820000000000000 0.262003464511854
5.830000000000000 0.261332954910807
5.840000000000000 0.260663639122048
5.850000000000000 0.259995516236528
5.860000000000000 0.259328585325782
5.870000000000000 0.258662845442228
5.880000000000000 0.257998295619465
5.890000000000000 0.257334934872565
5.900000000000000 0.256672762198368
5.910000000000000 0.256018557021464
5.920000000000000 0.255365523060690
5.930000000000000 0.254713659288077
5.940000000000000 0.254062964658604
5.950000000000000 0.253413438110463
5.960000000000000 0.252765078565325
5.970000000000000 0.252117884928611
5.980000000000000 0.251471856089744
5.990000000000000 0.250826990922415
6.000000000000000 0.250183288284827
6.010000000000000 0.249546823186248
6.020000000000000 0.248911505054493
6.030000000000000 0.248277332728681
6.040000000000000 0.247644305033470
6.050000000000000 0.247012420779291
6.060000000000000 0.246381678762590
6.070000000000000 0.245752077766048
6.080000000000000 0.245123616558819
6.090000000000000 0.244496293896751
6.100000000000000 0.243870108522607
6.110000000000000 0.243250715149445
6.120000000000000 0.242632444220815
6.130000000000000 0.242015294466106
6.140000000000000 0.241399264602507
6.150000000000000 0.240784353335223
6.160000000000000 0.240170559357670
6.170000000000000 0.239557881351687
6.180000000000000 0.238946317987728
6.190000000000000 0.238335867925067
6.200000000000000 0.237726529811985
6.210000000000000 0.237123329923840
6.220000000000000 0.236521228352817
6.230000000000000 0.235920223737586
6.240000000000000 0.235320314706597
6.250000000000000 0.234721499878258
6.260000000000000 0.234123777861124
6.270000000000000 0.233527147254065
6.280000000000000 0.232931606646447
6.290000000000000 0.232337154618305
6.300000000000000 0.231743789740509
6.310000000000000 0.231156092413884
6.320000000000000 0.230569469450428
6.330000000000000 0.229983919415059
6.340000000000000 0.229399440864197
6.350000000000000 0.228816032345931
6.360000000000000 0.228233692400173
6.370000000000000 0.227652419558811
6.380000000000000 0.227072212345866
6.390000000000000 0.226493069277646
6.400000000000000 0.225914988862889
6.410000000000000 0.225341962638073
6.420000000000000 0.224769987459429
6.430000000000000 0.224199061831975
6.440000000000000 0.223629184253742
6.450000000000000 0.223060353215918
6.460000000000000 0.222492567202978
6.470000000000000 0.221925824692827
6.480000000000000 0.221360124156932
6.490000000000000 0.220795464060456
6.500000000000000 0.220231842862386
6.510000000000000 0.219672834175816
6.520000000000000 0.219114853611070
6.530000000000000 0.218557899625750
6.540000000000000 0.218001970671788
6.550000000000000 0.217447065195567
6.560000000000000 0.216893181638048
6.570000000000000 0.216340318434881
6.580000000000000 0.215788474016531
6.590000000000000 0.215237646808390
6.600000000000000 0.214687835230892
6.610000000000000 0.214142150680145
6.620000000000000 0.213597471926144
6.630000000000000 0.213053797389486
6.640000000000000 0.212511125486252
6.650000000000000 0.211969454628107
6.660000000000000 0.211428783222415
6.670000000000000 0.210889109672335
6.680000000000000 0.210350432376933
6.690000000000000 0.209812749731277
6.700000000000000 0.209276060126541
6.710000000000000 0.208743152054969
6.720000000000000 0.208211227848257
6.730000000000000 0.207680285899434
6.740000000000000 0.207150324598017
6.750000000000000 0.206621342330104
6.760000000000000 0.206093337478467
6.770000000000000 0.205566308422641
6.780000000000000 0.205040253539018
6.790000000000000 0.204515171200935
6.800000000000000 0.203991059778762
6.810000000000000 0.203470189754081
6.820000000000000 0.202950282553510
6.830000000000000 0.202431336549629
6.840000000000000 0.201913350112386
6.850000000000000 0.201396321609172
6.860000000000000 0.200880249404910
6.870000000000000 0.200365131862131
6.880000000000000 0.199850967341054
6.890000000000000 0.199337754199666
6.900000000000000 0.198825490793797
6.910000000000000 0.198316114073197
6.920000000000000 0.197807679694561
6.930000000000000 0.197300186016770
6.940000000000000 0.196793631396839
6.950000000000000 0.196288014189987
6.960000000000000 0.195783332749707
6.970000000000000 0.195279585427842
6.980000000000000 0.194776770574648
6.990000000000000 0.194274886538863
7.000000000000000 0.193773931667780
7.010000000000000 0.193275581138753
7.020000000000000 0.192778152934387
7.030000000000000 0.192281645405880
7.040000000000000 0.191786056903236
7.050000000000000 0.191291385775321
7.060000000000000 0.190797630369931
7.070000000000000 0.190304789033851
7.080000000000000 0.189812860112913
7.090000000000000 0.189321841952059
7.100000000000000 0.188831732895399
7.110000000000000 0.188343796716720
7.120000000000000 0.187856763675490
7.130000000000000 0.187370632119605
7.140000000000000 0.186885400396349
7.150000000000000 0.186401066852449
7.160000000000000 0.185917629834127
7.170000000000000 0.185435087687155
7.180000000000000 0.184953438756909
7.190000000000000 0.184472681388417
7.200000000000000 0.183992813926417
7.210000000000000 0.183514751088256
7.220000000000000 0.183037572933029
7.230000000000000 0.182561277809190
7.240000000000000 0.182085864065092
7.250000000000000 0.181611330049032
7.260000000000000 0.181137674109301
7.270000000000000 0.180664894594230
7.280000000000000 0.180192989852234
7.290000000000000 0.179721958231860
7.300000000000000 0.179251798081828
7.310000000000000 0.178783154244537
7.320000000000000 0.178315377232795
7.330000000000000 0.177848465399142
7.340000000000000 0.177382417096459
7.350000000000000 0.176917230678013
7.360000000000000 0.176452904497496
7.370000000000000 0.175989436909063
7.380000000000000 0.175526826267378
7.390000000000000 0.175065070927647
7.400000000000000 0.174604169245660
7.410000000000000 0.174144507956965
7.420000000000000 0.173685696236527
7.430000000000000 0.173227732443931
7.440000000000000 0.172770614939493
7.450000000000000 0.172314342084293
7.460000000000000 0.171858912240214
7.470000000000000 0.171404323769974
7.480000000000000 0.170950575037162
7.490000000000000 0.170497664406271
7.500000000000000 0.170045590242734
7.510000000000000 0.169594443326121
7.520000000000000 0.169144129420524
7.530000000000000 0.168694646894816
7.540000000000000 0.168245994118937
7.550000000000000 0.167798169463925
7.560000000000000 0.167351171301946
7.570000000000000 0.166904998006325
7.580000000000000 0.166459647951575
7.590000000000000 0.166015119513425
7.600000000000000 0.165571411068852
7.610000000000000 0.165128216700545
7.620000000000000 0.164685839706675
7.630000000000000 0.164244278466710
7.640000000000000 0.163803531361477
7.650000000000000 0.163363596773188
7.660000000000000 0.162924473085473
7.670000000000000 0.162486158683396
7.680000000000000 0.162048651953488
7.690000000000000 0.161611951283770
7.700000000000000 0.161176055063777
7.710000000000000 0.160740548879963
7.720000000000000 0.160305844770628
7.730000000000000 0.159871941128082
7.740000000000000 0.159438836346246
7.750000000000000 0.159006528820679
7.760000000000000 0.158575016948598
7.770000000000000 0.158144299128900
7.780000000000000 0.157714373762189
7.790000000000000 0.157285239250790
7.800000000000000 0.156856893998774
7.810000000000000 0.156428614614346
7.820000000000000 0.156001122765958
7.830000000000000 0.155574416859706
7.840000000000000 0.155148495303521
7.850000000000000 0.154723356507185
7.860000000000000 0.154298998882352
7.870000000000000 0.153875420842570
7.880000000000000 0.153452620803293
7.890000000000000 0.153030597181905
7.900000000000000 0.152609348397735
7.910000000000000 0.152187910008112
7.920000000000000 0.151767245242214
7.930000000000000 0.151347352520881
7.940000000000000 0.150928230266977
7.950000000000000 0.150509876905407
7.960000000000000 0.150092290863131
7.970000000000000 0.149675470569182
7.980000000000000 0.149259414454680
7.990000000000000 0.148844120952848
8.000000000000000 0.148429588499028
8.010000000000000 0.148014581899943
8.020000000000000 0.147600335701201
8.029999999999999 0.147186848338938
8.039999999999999 0.146774118251477
8.050000000000001 0.146362143879343
8.060000000000000 0.145950923665277
8.070000000000000 0.145540456054245
8.080000000000000 0.145130739493457
8.090000000000000 0.144721772432377
8.100000000000000 0.144313553322734
8.109999999999999 0.143904625720203
8.119999999999999 0.143496445883451
8.130000000000001 0.143089012264459
8.140000000000001 0.142682323317531
8.150000000000000 0.142276377499314
8.160000000000000 0.141871173268807
8.170000000000000 0.141466709087369
8.180000000000000 0.141062983418732
8.190000000000000 0.140659994729012
8.199999999999999 0.140257741486718
8.210000000000001 0.139854555373209
8.220000000000001 0.139452104960908
8.230000000000000 0.139050388718020
8.240000000000000 0.138649405115200
8.250000000000000 0.138249152625561
8.260000000000000 0.137849629724682
8.270000000000000 0.137450834890622
8.279999999999999 0.137052766603921
8.289999999999999 0.136655423347615
8.300000000000001 0.136258803607242
8.310000000000000 0.135861048520449
8.320000000000000 0.135464017596637
8.330000000000000 0.135067709320542
8.340000000000000 0.134672122179452
8.350000000000000 0.134277254663213
8.359999999999999 0.133883105264239
8.369999999999999 0.133489672477516
8.380000000000001 0.133096954800611
8.390000000000001 0.132704950733679
8.400000000000000 0.132313658779468
8.410000000000000 0.131920950788488
8.420000000000000 0.131528956101526
8.430000000000000 0.131137673219644
8.440000000000000 0.130747100646542
8.449999999999999 0.130357236888568
8.460000000000001 0.129968080454717
8.470000000000001 0.129579629856644
8.480000000000000 0.129191883608664
8.490000000000000 0.128804840227758
8.500000000000000 0.128418498233579
8.510000000000000 0.128030518216519
8.520000000000000 0.127643241202014
8.529999999999999 0.127256665707381
8.539999999999999 0.126870790252653
8.550000000000001 0.126485613360580
8.560000000000000 0.126101133556632
8.570000000000000 0.125717349369008
8.580000000000000 0.125334259328635
8.590000000000000 0.124951861969174
8.600000000000000 0.124570155827024
8.609999999999999 0.124186617460524
8.619999999999999 0.123803772293971
8.630000000000001 0.123421618860879
8.640000000000001 0.123040155697536
8.650000000000000 0.122659381343012
8.660000000000000 0.122279294339153
8.670000000000000 0.121899893230595
8.680000000000000 0.121521176564755
8.690000000000000 0.121143142891845
8.699999999999999 0.120765790764865
8.710000000000001 0.120386341102470
8.720000000000001 0.120007575469705
8.730000000000000 0.119629492415801
8.740000000000000 0.119252090492823
8.750000000000000 0.118875368255660
8.760000000000000 0.118499324262037
8.770000000000000 0.118123957072508
8.779999999999999 0.117749265250465
8.789999999999999 0.117375247362133
8.800000000000001 0.117001901976576
8.810000000000000 0.116626256205232
8.820000000000000 0.116251285796108
8.830000000000000 0.115876989313880
8.840000000000000 0.115503365326096
8.850000000000000 0.115130412403173
8.859999999999999 0.114758129118402
8.869999999999999 0.114386514045599
8.880000000000001 0.114015565768516
8.890000000000001 0.113645282866698
8.900000000000000 0.113275663927222
8.910000000000000 0.112903576344776
8.920000000000000 0.112532155887671
8.930000000000000 0.112161401135822
8.940000000000000 0.111791310672050
8.949999999999999 0.111421883082081
8.960000000000001 0.111053116954547
8.970000000000001 0.110685010880985
8.980000000000000 0.110317563455837
8.990000000000000 0.109950773276448
9.000000000000000 0.109584638943067
9.010000000000000 0.109215800131708
9.020000000000000 0.108847620763027
9.029999999999999 0.108480099431622
9.039999999999999 0.108113234735021
9.050000000000001 0.107747025273689
9.060000000000000 0.107381469651020
9.070000000000000 0.107016566473342
9.080000000000000 0.106652314349910
9.090000000000000 0.106288711892910
9.100000000000000 0.105925757717454
9.109999999999999 0.105559837264325
9.119999999999999 0.105194569165060
9.130000000000001 0.104829952028222
9.140000000000001 0.104465984465332
9.150000000000000 0.104102665090864
9.160000000000000 0.103739992522250
9.170000000000000 0.103377965379870
9.180000000000000 0.103016582287057
9.190000000000000 0.102655841870091
9.199999999999999 0.102295742758197
9.210000000000001 0.101932498116218
9.220000000000001 0.101569899166457
9.230000000000000 0.101207944531044
9.240000000000000 0.100846632835085
9.250000000000000 0.100485962706661
9.260000000000000 0.100125932776820
9.270000000000000 0.099766541679579
9.279999999999999 0.099407788051922
9.289999999999999 0.099049670533792
9.300000000000001 0.098692187768096
9.310000000000000 0.098331372913848
9.320000000000000 0.097971197524158
9.330000000000000 0.097611660234259
9.340000000000000 0.097252759682371
9.350000000000000 0.096894494509698
9.359999999999999 0.096536863360431
9.369999999999999 0.096179864881736
9.380000000000001 0.095823497723757
9.390000000000001 0.095467760539612
9.400000000000000 0.095112651985386
9.410000000000000 0.094753915464097
9.420000000000000 0.094395812809442
9.430000000000000 0.094038342668803
9.440000000000000 0.093681503692563
9.449999999999999 0.093325294534100
9.460000000000001 0.092969713849783
9.470000000000001 0.092614760298971
9.480000000000000 0.092260432544006
9.490000000000000 0.091906729250212
9.500000000000000 0.091553649085890
9.510000000000000 0.091196827982571
9.520000000000000 0.090840635425110
9.529999999999999 0.090485070072837
9.539999999999999 0.090130130588087
9.550000000000001 0.089775815636195
9.560000000000000 0.089422123885496
9.570000000000000 0.089069054007316
9.580000000000000 0.088716604675971
9.590000000000000 0.088364774568762
9.600000000000000 0.088013562365973
9.609999999999999 0.087658305177687
9.619999999999999 0.087303671839463
9.630000000000001 0.086949661021563
9.640000000000001 0.086596271397260
9.650000000000000 0.086243501642833
9.660000000000000 0.085891350437562
9.670000000000000 0.085539816463722
9.680000000000000 0.085188898406584
9.690000000000000 0.084838594954404
9.699999999999999 0.084488904798423
9.710000000000001 0.084134997063921
9.720000000000001 0.083781708853254
9.730000000000000 0.083429038847140
9.740000000000000 0.083076985729309
9.750000000000000 0.082725548186498
9.760000000000000 0.082374724908448
9.770000000000000 0.082024514587899
9.779999999999999 0.081674915920581
9.789999999999999 0.081325927605217
9.800000000000001 0.080977548343509
9.810000000000000 0.080624696666554
9.820000000000000 0.080272460699067
9.830000000000000 0.079920839131403
9.840000000000000 0.079569830656928
9.850000000000000 0.079219433972019
9.859999999999999 0.078869647776055
9.869999999999999 0.078520470771412
9.880000000000001 0.078171901663461
9.890000000000001 0.077823939160559
9.900000000000000 0.077476581974046
9.910000000000000 0.077124525371779
9.920000000000000 0.076773081114027
9.930000000000000 0.076422247900077
9.940000000000000 0.076072024432230
9.949999999999999 0.075722409415793
9.960000000000001 0.075373401559074
9.970000000000001 0.075024999573380
9.980000000000000 0.074677202173010
9.990000000000000 0.074330008075245
10.000000000000000 0.073983416000352
