0.000000000000000 0.000000000000000
0.010000000000000 0.000181373899687
0.020000000000000 0.000716626590405
0.030000000000000 0.001592552226227
0.040000000000000 0.002796082203813
0.050000000000000 0.004314293632059
0.060000000000000 0.006134417425109
0.070000000000000 0.008243846009027
0.080000000000000 0.010630140633988
0.090000000000000 0.013281038285399
0.100000000000000 0.016184458188852
0.110000000000000 0.019346045127047
0.120000000000000 0.022742857347379
0.130000000000000 0.026364072239659
0.140000000000000 0.030199041294816
0.150000000000000 0.034237294875402
0.160000000000000 0.038468546609179
0.170000000000000 0.042882697408180
0.180000000000000 0.047469839116624
0.190000000000000 0.052220257792092
0.200000000000000 0.057124436625247
0.210000000000000 0.062218653333514
0.220000000000000 0.067456136803092
0.230000000000000 0.072828336820620
0.240000000000000 0.078326887645540
0.250000000000000 0.083943609639663
0.260000000000000 0.089670510595296
0.270000000000000 0.095499786770609
0.280000000000000 0.101423823641284
0.290000000000000 0.107435196377928
0.300000000000000 0.113526670059013
0.310000000000000 0.119763180378654
0.320000000000000 0.126073798681464
0.330000000000000 0.132452031481123
0.340000000000000 0.138891559797133
0.350000000000000 0.145386238579471
0.360000000000000 0.151930095933550
0.370000000000000 0.158517332155391
0.380000000000000 0.165142318586954
0.390000000000000 0.171799596301504
0.400000000000000 0.178483874628838
0.410000000000000 0.185282655584068
0.420000000000000 0.192105495867238
0.430000000000000 0.198947664136241
0.440000000000000 0.205804581228985
0.450000000000000 0.212671818336047
0.460000000000000 0.219545095066534
0.470000000000000 0.226420277415450
0.480000000000000 0.233293375640687
0.490000000000000 0.240160542057491
0.500000000000000 0.247018068758054
0.510000000000000 0.253968627884641
0.520000000000000 0.260908626119342
0.530000000000000 0.267834766433592
0.540000000000000 0.274743876551150
0.550000000000000 0.281632906622782
0.560000000000000 0.288498926862416
0.570000000000000 0.295339125150452
0.580000000000000 0.302150804609713
0.590000000000000 0.308931381159230
0.600000000000000 0.315678381050838
0.610000000000000 0.322503420885055
0.620000000000000 0.329295276627092
0.630000000000000 0.336051767196560
0.640000000000000 0.342770808868897
0.650000000000000 0.349450412946206
0.660000000000000 0.356088683431559
0.670000000000000 0.362683814710048
0.680000000000000 0.369234089239706
0.690000000000000 0.375737875255191
0.700000000000000 0.382193624486934
0.710000000000000 0.388716686739444
0.720000000000000 0.395192902661943
0.730000000000000 0.401620925300187
0.740000000000000 0.407999480648016
0.750000000000000 0.414327365579503
0.760000000000000 0.420603445805713
0.770000000000000 0.426826653857642
0.780000000000000 0.432995987096721
0.790000000000000 0.439110505754168
0.800000000000000 0.445169331000333
0.810000000000000 0.451287282049761
0.820000000000000 0.457351156801391
0.830000000000000 0.463360209561236
0.840000000000000 0.469313747398972
0.850000000000000 0.475211128444235
0.860000000000000 0.481051760214947
0.870000000000000 0.486835097978108
0.880000000000000 0.492560643143446
0.890000000000000 0.498227941690180
0.900000000000000 0.503836582627145
0.910000000000000 0.509497103057475
0.920000000000000 0.515100745966392
0.930000000000000 0.520647184484368
0.940000000000000 0.526136128669427
0.950000000000000 0.531567324173455
0.960000000000000 0.536940550940171
0.970000000000000 0.542255621934624
0.980000000000000 0.547512381904038
0.990000000000000 0.552710706169784
1.000000000000000 0.557850499450223
1.010000000000000 0.563037915771446
1.020000000000000 0.568168627331342
1.030000000000000 0.573242588088033
1.040000000000000 0.578259776976329
1.050000000000000 0.583220196902683
1.060000000000000 0.588123873767811
1.070000000000000 0.592970855516545
1.080000000000000 0.597761211214549
1.090000000000000 0.602495030151437
1.100000000000000 0.607172420969893
1.110000000000000 0.611890222486944
1.120000000000000 0.616553308625705
1.130000000000000 0.621161814506682
1.140000000000000 0.625715891484453
1.150000000000000 0.630215706411950
1.160000000000000 0.634661440927247
1.170000000000000 0.639053290762369
1.180000000000000 0.643391465073689
1.190000000000000 0.647676185793424
1.200000000000000 0.651907687001783
1.210000000000000 0.656175661424418
1.220000000000000 0.660392012815589
1.230000000000000 0.664556986127209
1.240000000000000 0.668670836310853
1.250000000000000 0.672733827792408
1.260000000000000 0.676746233964198
1.270000000000000 0.680708336694129
1.280000000000000 0.684620425851465
1.290000000000000 0.688482798848771
1.300000000000000 0.692295760199643
1.310000000000000 0.696138283952007
1.320000000000000 0.699932816024698
1.330000000000000 0.703679662587071
1.340000000000000 0.707379135459392
1.350000000000000 0.711031551745961
1.360000000000000 0.714637233481380
1.370000000000000 0.718196507289591
1.380000000000000 0.721709704055328
1.390000000000000 0.725177158607630
1.400000000000000 0.728599209415076
1.410000000000000 0.732046608247836
1.420000000000000 0.735449872123424
1.430000000000000 0.738809335191563
1.440000000000000 0.742125334290030
1.450000000000000 0.745398208694292
1.460000000000000 0.748628299876787
1.470000000000000 0.751815951275550
1.480000000000000 0.754961508071908
1.490000000000000 0.758065316976977
1.500000000000000 0.761127726026659
1.510000000000000 0.764208005615643
1.520000000000000 0.767247983898854
1.530000000000000 0.770248001802606
1.540000000000000 0.773208400966490
1.550000000000000 0.776129523576956
1.560000000000000 0.779011712207842
1.570000000000000 0.781855309667620
1.580000000000000 0.784660658853164
1.590000000000000 0.787428102609799
1.600000000000000 0.790157983597443
1.610000000000000 0.792899681412789
1.620000000000000 0.795604771774786
1.630000000000000 0.798273588795855
1.640000000000000 0.800906466025556
1.650000000000000 0.803503736343726
1.660000000000000 0.806065731858544
1.670000000000000 0.808592783809351
1.680000000000000 0.811085222474066
1.690000000000000 0.813543377081042
1.700000000000000 0.815967575725196
1.710000000000000 0.818396348327903
1.720000000000000 0.820791988373137
1.730000000000000 0.823154815151462
1.740000000000000 0.825485146597289
1.750000000000000 0.827783299223695
1.760000000000000 0.830049588060680
1.770000000000000 0.832284326596735
1.780000000000000 0.834487826723613
1.790000000000000 0.836660398684166
1.800000000000000 0.838802351023159
1.810000000000000 0.840942434092051
1.820000000000000 0.843052611200625
1.830000000000000 0.845133182313521
1.840000000000000 0.847184445577544
1.850000000000000 0.849206697285262
1.860000000000000 0.851200231840947
1.870000000000000 0.853165341728799
1.880000000000000 0.855102317483342
1.890000000000000 0.857011447661929
1.900000000000000 0.858893018819261
1.910000000000000 0.860764688667450
1.920000000000000 0.862609415474530
1.930000000000000 0.864427477933737
1.940000000000000 0.866219152679707
1.950000000000000 0.867984714271661
1.960000000000000 0.869724435178175
1.970000000000000 0.871438585763469
1.980000000000000 0.873127434275156
1.990000000000000 0.874791246833399
2.000000000000000 0.876430287421401
2.010000000000000 0.878051089195069
2.020000000000000 0.879647654106001
2.030000000000000 0.881220239139163
2.040000000000000 0.882769099125757
2.050000000000000 0.884294486739518
2.060000000000000 0.885796652494070
2.070000000000000 0.887275844741251
2.080000000000000 0.888732309670405
2.090000000000000 0.890166291308569
2.100000000000000 0.891578031521536
2.110000000000000 0.892964364491011
2.120000000000000 0.894328927827668
2.130000000000000 0.895671957185887
2.140000000000000 0.896993686066632
2.150000000000000 0.898294345822346
2.160000000000000 0.899574165662481
2.170000000000000 0.900833372659661
2.180000000000000 0.902072191756426
2.190000000000000 0.903290845772541
2.200000000000000 0.904489555412834
2.210000000000000 0.905653578684426
2.220000000000000 0.906798075931623
2.230000000000000 0.907923262557340
2.240000000000000 0.909029351868853
2.250000000000000 0.910116555088145
2.260000000000000 0.911185081362631
2.270000000000000 0.912235137776240
2.280000000000000 0.913266929360838
2.290000000000000 0.914280659107968
2.300000000000000 0.915276527980895
2.310000000000000 0.916229245361338
2.320000000000000 0.917164479936163
2.330000000000000 0.918082428135375
2.340000000000000 0.918983284385955
2.350000000000000 0.919867241125491
2.360000000000000 0.920734488816010
2.370000000000000 0.921585215957994
2.380000000000000 0.922419609104549
2.390000000000000 0.923237852875742
2.400000000000000 0.924040129973069
2.410000000000000 0.924791384336393
2.420000000000000 0.925527019962318
2.430000000000000 0.926247215669499
2.440000000000000 0.926952148385660
2.450000000000000 0.927641993163046
2.460000000000000 0.928316923193931
2.470000000000000 0.928977109826197
2.480000000000000 0.929622722578944
2.490000000000000 0.930253929158162
2.500000000000000 0.930870895472412
2.510000000000000 0.931427732290954
2.520000000000000 0.931970654607251
2.530000000000000 0.932499825070669
2.540000000000000 0.933015404559622
2.550000000000000 0.933517552197849
2.560000000000000 0.934006425370659
2.570000000000000 0.934482179741163
2.580000000000000 0.934944969266470
2.590000000000000 0.935394946213846
2.600000000000000 0.935832261176834
2.610000000000000 0.936199502417031
2.620000000000000 0.936554392999825
2.630000000000000 0.936897080819242
2.640000000000000 0.937227712119111
2.650000000000000 0.937546431509508
2.660000000000000 0.937853381983132
2.670000000000000 0.938148704931595
2.680000000000000 0.938432540161639
2.690000000000000 0.938705025911256
2.700000000000000 0.938966298865732
2.710000000000000 0.939151000910086
2.720000000000000 0.939324792052368
2.730000000000000 0.939487806624149
2.740000000000000 0.939640177426639
2.750000000000000 0.939782035746867
2.760000000000000 0.939913511373735
2.770000000000000 0.940034732613969
2.780000000000000 0.940145826307956
2.790000000000000 0.940246917845463
2.800000000000000 0.940338131181227
2.810000000000000 0.940342475092303
2.820000000000000 0.940337239920188
2.830000000000000 0.940322547673060
2.840000000000000 0.940298518942555
2.850000000000000 0.940265272919409
2.860000000000000 0.940222927408969
2.870000000000000 0.940171598846573
2.880000000000000 0.940111402312792
2.890000000000000 0.940042451548540
2.900000000000000 0.939964858970047
2.910000000000000 0.939793702977026
2.920000000000000 0.939614203176584
2.930000000000000 0.939426470272372
2.940000000000000 0.939230613660072
2.950000000000000 0.939026741442321
2.960000000000000 0.938814960443520
2.970000000000000 0.938595376224474
2.980000000000000 0.938368093096894
2.990000000000000 0.938133214137775
3.000000000000000 0.937890841203597
3.010000000000000 0.937546711101710
3.020000000000000 0.937195388241410
3.030000000000000 0.936836972993550
3.040000000000000 0.936471564522685
3.050000000000000 0.936099260801208
3.060000000000000 0.935720158623349
3.070000000000000 0.935334353619024
3.080000000000000 0.934941940267526
3.090000000000000 0.934543011911091
3.100000000000000 0.934137660768293
3.110000000000000 0.933623828109456
3.120000000000000 0.933103878065358
3.130000000000000 0.932577901521344
3.140000000000000 0.932045988251607
3.150000000000000 0.931508226932496
3.160000000000000 0.930964705155664
3.170000000000000 0.930415509441081
3.180000000000000 0.929860725249895
3.190000000000000 0.929300436997148
3.200000000000000 0.928734728064341
3.210000000000000 0.928053794319940
3.220000000000000 0.927367751359545
3.230000000000000 0.926676681353675
3.240000000000000 0.925980665450228
3.250000000000000 0.925279783786935
3.260000000000000 0.924574115503665
3.270000000000000 0.923863738754593
3.280000000000000 0.923148730720221
3.290000000000000 0.922429167619257
3.300000000000000 0.921705124720356
3.310000000000000 0.920859605416445
3.320000000000000 0.920009924662817
3.330000000000000 0.919156156605940
3.340000000000000 0.918298374451855
3.350000000000000 0.917436650477790
3.360000000000000 0.916571056043641
3.370000000000000 0.915701661603306
3.380000000000000 0.914828536715885
3.390000000000000 0.913951750056744
3.400000000000000 0.913071369428447
3.410000000000000 0.912065603314358
3.420000000000000 0.911056565970498
3.430000000000000 0.910044324117450
3.440000000000000 0.909028943612102
3.450000000000000 0.908010489458442
3.460000000000000 0.906989025818218
3.470000000000000 0.905964616021471
3.480000000000000 0.904937322576932
3.490000000000000 0.903907207182295
3.500000000000000 0.902874330734358
3.510000000000000 0.901712795946411
3.520000000000000 0.900548826670410
3.530000000000000 0.899382482747831
3.540000000000000 0.898213823227965
3.550000000000000 0.897042906377915
3.560000000000000 0.895869789692476
3.570000000000000 0.894694529903887
3.580000000000000 0.893517182991460
3.590000000000000 0.892337804191090
3.600000000000000 0.891156448004643
3.610000000000000 0.889843220877268
3.620000000000000 0.888528346939820
3.630000000000000 0.887211879660992
3.640000000000000 0.885893871783719
3.650000000000000 0.884574375334426
3.660000000000000 0.883253441632159
3.670000000000000 0.881931121297597
3.680000000000000 0.880607464261949
3.690000000000000 0.879282519775741
3.700000000000000 0.877956336417488
3.710000000000000 0.876496175468431
3.720000000000000 0.875035108485466
3.730000000000000 0.873573183024576
3.740000000000000 0.872110445977769
3.750000000000000 0.870646943581600
3.760000000000000 0.869182721425598
3.770000000000000 0.867717824460580
3.780000000000000 0.866252297006848
3.790000000000000 0.864786182762300
3.800000000000000 0.863319524810416
3.810000000000000 0.861719822737906
3.820000000000000 0.860119906475600
3.830000000000000 0.858519818077509
3.840000000000000 0.856919598991491
3.850000000000000 0.855319290067097
3.860000000000000 0.853718931563312
3.870000000000000 0.852118563156211
3.880000000000000 0.850518223946498
3.890000000000000 0.848917952466955
3.900000000000000 0.847317786689798
3.910000000000000 0.845585398996088
3.920000000000000 0.843853443090985
3.930000000000000 0.842121955918899
3.940000000000000 0.840390973871965
3.950000000000000 0.838660532797251
3.960000000000000 0.836930668003862
3.970000000000000 0.835201414269963
3.980000000000000 0.833472805849703
3.990000000000000 0.831744876480051
4.000000000000000 0.830017659387539
4.010000000000000 0.828161309133489
4.020000000000000 0.826305989156387
4.030000000000000 0.824451731654469
4.040000000000000 0.822598568324053
4.050000000000000 0.820746530366131
4.060000000000000 0.818895648492883
4.070000000000000 0.817045952934100
4.080000000000000 0.815197473443523
4.090000000000000 0.813350239305101
4.100000000000000 0.811504279339165
4.110000000000000 0.809533251566167
4.120000000000000 0.807563805550713
4.130000000000000 0.805595969091317
4.140000000000000 0.803629769531550
4.150000000000000 0.801665233766075
4.160000000000000 0.799702388246586
4.170000000000000 0.797741258987674
4.180000000000000 0.795781871572620
4.190000000000000 0.793824251159105
4.200000000000000 0.791868422484853
4.210000000000000 0.789793418186668
4.220000000000000 0.787720498730679
4.230000000000000 0.785649687845366
4.240000000000000 0.783581008848130
4.250000000000000 0.781514484650777
4.260000000000000 0.779450137764930
4.270000000000000 0.777387990307372
4.280000000000000 0.775328064005322
4.290000000000000 0.773270380201634
4.300000000000000 0.771214959859934
4.310000000000000 0.769044202761249
4.320000000000000 0.766875991564474
4.330000000000000 0.764710346249305
4.340000000000000 0.762547286424912
4.350000000000000 0.760386831334930
4.360000000000000 0.758228999862373
4.370000000000000 0.756073810534500
4.380000000000000 0.753921281527597
4.390000000000000 0.751771430671715
4.400000000000000 0.749624275455333
4.410000000000000 0.747370340232630
4.420000000000000 0.745119362436830
4.430000000000000 0.742871358601019
4.440000000000000 0.740626344925558
4.450000000000000 0.738384337282605
4.460000000000000 0.736145351220571
4.470000000000000 0.733909401968525
4.480000000000000 0.731676504440531
4.490000000000000 0.729446673239943
4.500000000000000 0.727219922663625
4.510000000000000 0.724895566086550
4.520000000000000 0.722574529624900
4.530000000000000 0.720256826659291
4.540000000000000 0.717942470272711
4.550000000000000 0.715631473254617
4.560000000000000 0.713323848104954
4.570000000000000 0.711019607038136
4.580000000000000 0.708718761986968
4.590000000000000 0.706421324606519
4.600000000000000 0.704127306277943
4.610000000000000 0.701744971608016
4.620000000000000 0.699366272679903
4.630000000000000 0.696991220006698
4.640000000000000 0.694619823836329
4.650000000000000 0.692252094155236
4.660000000000000 0.689888040691992
4.670000000000000 0.687527672920898
4.680000000000000 0.685171000065505
4.690000000000000 0.682818031102112
4.700000000000000 0.680468774763204
4.710000000000000 0.678041612886687
4.720000000000000 0.675618354962450
4.730000000000000 0.673199008911565
4.740000000000000 0.670783582419869
4.750000000000000 0.668372082941272
4.760000000000000 0.665964517701014
4.770000000000000 0.663560893698880
4.780000000000000 0.661161217712381
4.790000000000000 0.658765496299878
4.800000000000000 0.656373735803679
4.810000000000000 0.653914823095150
4.820000000000000 0.651460036421670
4.830000000000000 0.649009381377854
4.840000000000000 0.646562863350594
4.850000000000000 0.644120487522011
4.860000000000000 0.641682258872381
4.870000000000000 0.639248182183008
4.880000000000000 0.636818262039071
4.890000000000000 0.634392502832422
4.900000000000000 0.631970908764363
4.910000000000000 0.629492875553300
4.920000000000000 0.627019146441890
4.930000000000000 0.624549724952581
4.940000000000000 0.622084614425264
4.950000000000000 0.619623818019909
4.960000000000000 0.617167338719163
4.970000000000000 0.614715179330933
4.980000000000000 0.612267342490910
4.990000000000000 0.609823830665080
5.000000000000000 0.607384646152190
5.010000000000000 0.604899738379535
5.020000000000000 0.602419270753226
5.030000000000000 0.599943244965799
5.040000000000000 0.597471662550129
5.050000000000000 0.595004524881868
5.060000000000000 0.592541833181627
5.070000000000000 0.590083588517355
5.080000000000000 0.587629791806570
5.090000000000000 0.585180443818586
5.100000000000000 0.582735545176713
5.110000000000000 0.580255610759344
5.120000000000000 0.577780212550747
5.130000000000000 0.575309350643232
5.140000000000000 0.572843024990268
5.150000000000000 0.570381235408561
5.160000000000000 0.567923981580107
5.170000000000000 0.565471263054228
5.180000000000000 0.563023079249568
5.190000000000000 0.560579429456067
5.200000000000000 0.558140312836918
5.210000000000000 0.555676594936463
5.220000000000000 0.553217471799095
5.230000000000000 0.550762942133171
5.240000000000000 0.548313004526983
5.250000000000000 0.545867657450595
5.260000000000000 0.543426899257667
5.270000000000000 0.540990728187243
5.280000000000000 0.538559142365523
5.290000000000000 0.536132139807612
5.300000000000000 0.533709718419238
5.310000000000000 0.531272829023395
5.320000000000000 0.528840557956768
5.330000000000000 0.526412902746252
5.340000000000000 0.523989860815557
5.350000000000000 0.521571429486830
5.360000000000000 0.519157605982258
5.370000000000000 0.516748387425652
5.380000000000000 0.514343770843997
5.390000000000000 0.511943753169007
5.400000000000000 0.509548331238630
5.410000000000000 0.507147728056958
5.420000000000000 0.504751735422373
5.430000000000000 0.502360349867155
5.440000000000000 0.499973567835495
5.450000000000000 0.497591385684916
5.460000000000000 0.495213799687690
5.470000000000000 0.492840806032216
5.480000000000000 0.490472400824403
5.490000000000000 0.488108580089012
5.500000000000000 0.485749339771002
5.510000000000000 0.483394032216224
5.520000000000000 0.481043298144146
5.530000000000000 0.478697133265826
5.540000000000000 0.476355533217668
5.550000000000000 0.474018493562676
5.560000000000000 0.471686009791686
5.570000000000000 0.469358077324584
5.580000000000000 0.467034691511505
5.590000000000000 0.464715847634022
5.600000000000000 0.462401540906310
5.610000000000000 0.460099016638787
5.620000000000000 0.457801003874704
5.630000000000000 0.455507497660224
5.640000000000000 0.453218492978755
5.650000000000000 0.450933984752038
5.660000000000000 0.448653967841231
5.670000000000000 0.446378437047966
5.680000000000000 0.444107387115401
5.690000000000000 0.441840812729253
5.700000000000000 0.439578708518824
5.710000000000000 0.437335568381500
5.720000000000000 0.435096855784424
5.730000000000000 0.432862565250394
5.740000000000000 0.430632691249924
5.750000000000000 0.428407228202200
5.760000000000000 0.426186170476015
5.770000000000000 0.423969512390698
5.780000000000000 0.421757248217027
5.790000000000000 0.419549372178126
5.800000000000000 0.417345878450362
5.810000000000000 0.415167954266243
5.820000000000000 0.412994354287013
5.830000000000000 0.410825072639686
5.840000000000000 0.408660103408177
5.850000000000000 0.406499440634122
5.860000000000000 0.404343078317698
5.870000000000000 0.402191010418422
5.880000000000000 0.400043230855949
5.890000000000000 0.397899733510851
5.900000000000000 0.395760512225392
5.910000000000000 0.393652523620187
5.920000000000000 0.391548739807410
5.930000000000000 0.389449154631047
5.940000000000000 0.387353761899976
5.950000000000000 0.385262555388686
5.960000000000000 0.383175528837982
5.970000000000000 0.381092675955677
5.980000000000000 0.379013990417284
5.990000000000000 0.376939465866692
6.000000000000000 0.374869095916831
6.010000000000000 0.372834754775271
6.020000000000000 0.370804485934110
6.030000000000000 0.368778283053060
6.040000000000000 0.366756139763656
6.050000000000000 0.364738049669871
6.060000000000000 0.362724006348727
6.070000000000000 0.360714003350893
6.080000000000000 0.358708034201280
6.090000000000000 0.356706092399624
6.100000000000000 0.354708171421066
6.110000000000000 0.352749754012379
6.120000000000000 0.350795267186704
6.130000000000000 0.348844704502913
6.140000000000000 0.346898059497660
6.150000000000000 0.344955325685917
6.160000000000000 0.343016496561493
6.170000000000000 0.341081565597557
6.180000000000000 0.339150526247142
6.190000000000000 0.337223371943655
6.200000000000000 0.335300096101366
6.210000000000000 0.333420108335486
6.220000000000000 0.331543900373805
6.230000000000000 0.329671465750211
6.240000000000000 0.327802797981482
6.250000000000000 0.325937890567741
6.260000000000000 0.324076736992908
6.270000000000000 0.322219330725141
6.280000000000000 0.320365665217279
6.290000000000000 0.318515733907266
6.300000000000000 0.316669530218585
6.310000000000000 0.314868982006235
6.320000000000000 0.313072057593215
6.330000000000000 0.311278750549972
6.340000000000000 0.309489054434182
6.350000000000000 0.307702962791142
6.360000000000000 0.305920469154157
6.370000000000000 0.304141567044918
6.380000000000000 0.302366249973874
6.390000000000000 0.300594511440605
6.400000000000000 0.298826344934188
6.410000000000000 0.297105561489572
6.420000000000000 0.295388242618610
6.430000000000000 0.293674381979612
6.440000000000000 0.291963973221782
6.450000000000000 0.290257009985554
6.460000000000000 0.288553485902920
6.470000000000000 0.286853394597754
6.480000000000000 0.285156729686130
6.490000000000000 0.283463484776641
6.500000000000000 0.281773653470704
6.510000000000000 0.280132403825724
6.520000000000000 0.278494457968582
6.530000000000000 0.276859809687749
6.540000000000000 0.275228452765662
6.550000000000000 0.273600380979011
6.560000000000000 0.271975588099019
6.570000000000000 0.270354067891714
6.580000000000000 0.268735814118201
6.590000000000000 0.267120820534936
6.600000000000000 0.265509080893981
6.610000000000000 0.263946552321089
6.620000000000000 0.262387166841995
6.630000000000000 0.260830918409144
6.640000000000000 0.259277800971503
6.650000000000000 0.257727808474803
6.660000000000000 0.256180934861774
6.670000000000000 0.254637174072378
6.680000000000000 0.253096520044042
6.690000000000000 0.251558966711882
6.700000000000000 0.250024508008931
6.710000000000000 0.248539410334715
6.720000000000000 0.247057296520378
6.730000000000000 0.245578160708746
6.740000000000000 0.244101997041268
6.750000000000000 0.242628799658225
6.760000000000000 0.241158562698925
6.770000000000000 0.239691280301903
6.780000000000000 0.238226946605114
6.790000000000000 0.236765555746128
6.800000000000000 0.235307101862319
6.810000000000000 0.233897762453221
6.820000000000000 0.232491250241055
6.830000000000000 0.231087559579032
6.840000000000000 0.229686684820701
6.850000000000000 0.228288620320121
6.860000000000000 0.226893360432033
6.870000000000000 0.225500899512023
6.880000000000000 0.224111231916686
6.890000000000000 0.222724352003791
6.900000000000000 0.221340254132438
6.910000000000000 0.220004735649173
6.920000000000000 0.218671891082527
6.930000000000000 0.217341715010784
6.940000000000000 0.216014202013948
6.950000000000000 0.214689346673887
6.960000000000000 0.213367143574471
6.970000000000000 0.212047587301717
6.980000000000000 0.210730672443922
6.990000000000000 0.209416393591801
7.000000000000000 0.208104745338622
7.010000000000000 0.206840797703314
7.020000000000000 0.205579374956117
7.030000000000000 0.204320471910043
7.040000000000000 0.203064083380913
7.050000000000000 0.201810204187482
7.060000000000000 0.200558829151558
7.070000000000000 0.199309953098115
7.080000000000000 0.198063570855411
7.090000000000000 0.196819677255103
7.100000000000000 0.195578267132351
7.110000000000000 0.194383498552557
7.120000000000000 0.193191110553039
7.130000000000000 0.192001098187390
7.140000000000000 0.190813456512867
7.150000000000000 0.189628180590489
7.160000000000000 0.188445265485137
7.170000000000000 0.187264706265650
7.180000000000000 0.186086498004923
7.190000000000000 0.184910635780000
7.200000000000000 0.183737114672166
7.210000000000000 0.182608898628626
7.220000000000000 0.181482924207582
7.230000000000000 0.180359186705258
7.240000000000000 0.179237681422182
7.250000000000000 0.178118403663274
7.260000000000000 0.177001348737927
7.270000000000000 0.175886511960087
7.280000000000000 0.174773888648334
7.290000000000000 0.173663474125957
7.300000000000000 0.172555263721032
7.310000000000000 0.171490898240017
7.320000000000000 0.170428641038764
7.330000000000000 0.169368487655467
7.340000000000000 0.168310433633100
7.350000000000000 0.167254474519488
7.360000000000000 0.166200605867370
7.370000000000000 0.165148823234469
7.380000000000000 0.164099122183557
7.390000000000000 0.163051498282516
7.400000000000000 0.162005947104408
7.410000000000000 0.161002735965281
7.420000000000000 0.160001505449570
7.430000000000000 0.159002251334798
7.440000000000000 0.158004969403598
7.450000000000000 0.157009655443768
7.460000000000000 0.156016305248324
7.470000000000000 0.155024914615561
7.480000000000000 0.154035479349098
7.490000000000000 0.153047995257937
7.500000000000000 0.152062458156513
7.510000000000000 0.151117590813235
7.520000000000000 0.150174582421479
7.530000000000000 0.149233428993198
7.540000000000000 0.148294126545665
7.550000000000000 0.147356671101518
7.560000000000000 0.146421058688800
7.570000000000000 0.145487285341012
7.580000000000000 0.144555347097149
7.590000000000000 0.143625240001747
7.600000000000000 0.142696960104923
7.610000000000000 0.141807701859365
7.620000000000000 0.140920186764530
7.630000000000000 0.140034411060793
7.640000000000000 0.139150370993960
7.650000000000000 0.138268062815303
7.660000000000000 0.137387482781597
7.670000000000000 0.136508627155157
7.680000000000000 0.135631492203868
7.690000000000000 0.134756074201227
7.700000000000000 0.133882369426373
7.710000000000000 0.133045916375799
7.720000000000000 0.132211096715089
7.730000000000000 0.131377906905473
7.740000000000000 0.130546343413642
7.750000000000000 0.129716402711780
7.760000000000000 0.128888081277590
7.770000000000000 0.128061375594325
7.780000000000000 0.127236282150816
7.790000000000000 0.126412797441497
7.800000000000000 0.125590917966432
7.810000000000000 0.124804594374745
7.820000000000000 0.124019800204302
7.830000000000000 0.123236532129175
7.840000000000000 0.122454786828868
7.850000000000000 0.121674560988334
7.860000000000000 0.120895851298007
7.870000000000000 0.120118654453815
7.880000000000000 0.119342967157210
7.890000000000000 0.118568786115185
7.900000000000000 0.117796108040296
7.910000000000000 0.117057250296428
7.920000000000000 0.116319823776103
7.930000000000000 0.115583825357414
7.940000000000000 0.114849251923798
7.950000000000000 0.114116100364059
7.960000000000000 0.113384367572385
7.970000000000000 0.112654050448362
7.980000000000000 0.111925145896996
7.990000000000000 0.111197650828726
8.000000000000000 0.110471562159443
8.010000000000000 0.109777585089083
8.020000000000000 0.109084946650894
8.029999999999999 0.108393643917806
8.039999999999999 0.107703673967971
8.050000000000001 0.107015033884784
8.060000000000000 0.106327720756890
8.070000000000000 0.105641731678200
8.080000000000000 0.104957063747903
8.090000000000000 0.104273714070481
8.100000000000000 0.103591679755717
8.109999999999999 0.102940098519407
8.119999999999999 0.102289768715507
8.130000000000001 0.101640687602471
8.140000000000001 0.100992852443828
8.150000000000000 0.100346260508185
8.160000000000000 0.099700909069247
8.170000000000000 0.099056795405819
8.180000000000000 0.098413916801817
8.190000000000000 0.097772270546280
8.199999999999999 0.097131853933376
8.210000000000001 0.096520314100453
8.220000000000001 0.095909943613016
8.230000000000000 0.095300739905846
8.240000000000000 0.094692700418618
8.250000000000000 0.094085822595913
8.260000000000000 0.093480103887222
8.270000000000000 0.092875541746955
8.279999999999999 0.092272133634446
8.289999999999999 0.091669877013961
8.300000000000001 0.091068769354704
8.310000000000000 0.090494969730796
8.320000000000000 0.089922262349847
8.330000000000000 0.089350644813609
8.340000000000000 0.088780114728542
8.350000000000000 0.088210669705812
8.359999999999999 0.087642307361305
8.369999999999999 0.087075025315621
8.380000000000001 0.086508821194089
8.390000000000001 0.085943692626762
8.400000000000000 0.085379637248429
8.410000000000000 0.084841340007011
8.420000000000000 0.084304062738061
8.430000000000000 0.083767803200934
8.440000000000000 0.083232559159486
8.449999999999999 0.082698328382078
8.460000000000001 0.082165108641584
8.470000000000001 0.081632897715386
8.480000000000000 0.081101693385383
8.490000000000000 0.080571493437989
8.500000000000000 0.080042295664137
8.510000000000000 0.079537371536941
8.520000000000000 0.079033399700297
8.529999999999999 0.078530378062030
8.539999999999999 0.078028304534261
8.550000000000001 0.077527177033406
8.560000000000000 0.077026993480181
8.570000000000000 0.076527751799600
8.580000000000000 0.076029449920977
8.590000000000000 0.075532085777927
8.600000000000000 0.075035657308369
8.609999999999999 0.074562213779211
8.619999999999999 0.074089658954274
8.630000000000001 0.073617990881589
8.640000000000001 0.073147207613272
8.650000000000000 0.072677307205522
8.660000000000000 0.072208287718622
8.670000000000000 0.071740147216939
8.680000000000000 0.071272883768921
8.690000000000000 0.070806495447104
8.699999999999999 0.070340980328102
8.710000000000001 0.069897015069543
8.720000000000001 0.069453879206543
8.730000000000000 0.069011570918452
8.740000000000000 0.068570088388492
8.750000000000000 0.068129429803757
8.760000000000000 0.067689593355213
8.770000000000000 0.067250577237697
8.779999999999999 0.066812379649912
8.789999999999999 0.066374998794431
8.800000000000001 0.065938432877693
8.810000000000000 0.065522198538213
8.820000000000000 0.065106738036641
8.830000000000000 0.064692049675775
8.840000000000000 0.064278131762078
8.850000000000000 0.063864982605674
8.859999999999999 0.063452600520348
8.869999999999999 0.063040983822250
8.880000000000001 0.062630130835085
8.890000000000001 0.062220039882300
8.900000000000000 0.061810709293557
8.910000000000000 0.061420468303500
8.920000000000000 0.061030949293755
8.930000000000000 0.060642150682672
8.940000000000000 0.060254070892062
8.949999999999999 0.059866708347193
8.960000000000001 0.059480061476790
8.970000000000001 0.059094128713028
8.980000000000000 0.058708908491537
8.990000000000000 0.058324399251389
9.000000000000000 0.057940599435106
9.010000000000000 0.057574754019055
9.020000000000000 0.057209582125577
9.029999999999999 0.056845082281246
9.039999999999999 0.056481253015895
9.050000000000001 0.056118092862616
9.060000000000000 0.055755600357757
9.070000000000000 0.055393774040920
9.080000000000000 0.055032612454953
9.090000000000000 0.054672114145955
9.100000000000000 0.054312277663264
9.109999999999999 0.053969313482511
9.119999999999999 0.053626977576124
9.130000000000001 0.053285268571905
9.140000000000001 0.052944185100723
9.150000000000000 0.052603725796515
9.160000000000000 0.052263889296279
9.170000000000000 0.051924674240072
9.180000000000000 0.051586079271008
9.190000000000000 0.051248103035253
9.199999999999999 0.050910744182022
9.210000000000001 0.050589257051722
9.220000000000001 0.050268355917984
9.230000000000000 0.049948039503310
9.240000000000000 0.049628306533087
9.250000000000000 0.049309155735579
9.260000000000000 0.048990585841929
9.270000000000000 0.048672595586152
9.279999999999999 0.048355183705132
9.289999999999999 0.048038348938619
9.300000000000001 0.047722090029229
9.310000000000000 0.047420751539316
9.320000000000000 0.047119959566468
9.330000000000000 0.046819712921688
9.340000000000000 0.046520010418687
9.350000000000000 0.046220850873878
9.359999999999999 0.045922233106370
9.369999999999999 0.045624155937970
9.380000000000001 0.045326618193174
9.390000000000001 0.045029618699166
9.400000000000000 0.044733156285815
9.410000000000000 0.044450667866382
9.420000000000000 0.044168689197813
9.430000000000000 0.043887219173568
9.440000000000000 0.043606256689639
9.449999999999999 0.043325800644555
9.460000000000001 0.043045849939371
9.470000000000001 0.042766403477667
9.480000000000000 0.042487460165546
9.490000000000000 0.042209018911628
9.500000000000000 0.041931078627046
9.510000000000000 0.041666231300568
9.520000000000000 0.041401859476614
9.529999999999999 0.041137962125454
9.539999999999999 0.040874538219731
9.550000000000001 0.040611586734461
9.560000000000000 0.040349106647026
9.570000000000000 0.040087096937174
9.580000000000000 0.039825556587011
9.590000000000000 0.039564484581003
9.600000000000000 0.039303879905965
9.609999999999999 0.039055627141822
9.619999999999999 0.038807817822757
9.630000000000001 0.038560450990910
9.640000000000001 0.038313525690645
9.650000000000000 0.038067040968540
9.660000000000000 0.037820995873389
9.670000000000000 0.037575389456198
9.680000000000000 0.037330220770177
9.690000000000000 0.037085488870742
9.699999999999999 0.036841192815507
9.710000000000001 0.036608407423339
9.720000000000001 0.036376035732879
9.730000000000000 0.036144076852916
9.740000000000000 0.035912529894314
9.750000000000000 0.035681393970013
9.760000000000000 0.035450668195020
9.770000000000000 0.035220351686410
9.779999999999999 0.034990443563320
9.789999999999999 0.034760942946947
9.800000000000001 0.034531848960541
9.810000000000000 0.034313580431066
9.820000000000000 0.034095697825372
9.830000000000000 0.033878200314435
9.840000000000000 0.033661087071167
9.850000000000000 0.033444357270421
9.859999999999999 0.033228010088982
9.869999999999999 0.033012044705562
9.880000000000001 0.032796460300804
9.890000000000001 0.032581256057269
9.900000000000000 0.032366431159440
9.910000000000000 0.032161728608053
9.920000000000000 0.031957386145774
9.930000000000000 0.031753403001350
9.940000000000000 0.031549778405340
9.949999999999999 0.031346511590109
9.960000000000001 0.031143601789830
9.970000000000001 0.030941048240475
9.980000000000000 0.030738850179814
9.990000000000000 0.030537006847412
10.000000000000000 0.030335517484625
