0.000000000000000 0.000000000000000
0.010000000000000 0.000226545939888
0.020000000000000 0.000894399764383
0.030000000000000 0.001986033896540
0.040000000000000 0.003484127450761
0.050000000000000 0.005371576813478
0.060000000000000 0.007631505704443
0.070000000000000 0.010247274707781
0.080000000000000 0.013202490264062
0.090000000000000 0.016481013116655
0.100000000000000 0.020066966207618
0.110000000000000 0.023965614399959
0.120000000000000 0.028148244962983
0.130000000000000 0.032600614453296
0.140000000000000 0.037308731915581
0.150000000000000 0.042258864403737
0.160000000000000 0.047437541997229
0.170000000000000 0.052831562317644
0.180000000000000 0.058427994551792
0.190000000000000 0.064214182988899
0.200000000000000 0.070177750080605
0.210000000000000 0.076360018389757
0.220000000000000 0.082705055967813
0.230000000000000 0.089201756674278
0.240000000000000 0.095839275769215
0.250000000000000 0.102607031231907
0.260000000000000 0.109494704688344
0.270000000000000 0.116492241960302
0.280000000000000 0.123589853249277
0.290000000000000 0.130778012968942
0.300000000000000 0.138047459240145
0.310000000000000 0.145470872816762
0.320000000000000 0.152966809755810
0.330000000000000 0.160526989338184
0.340000000000000 0.168143373771587
0.350000000000000 0.175808166646634
0.360000000000000 0.183513811145558
0.370000000000000 0.191252988017309
0.380000000000000 0.199018613332773
0.390000000000000 0.206803836033706
0.400000000000000 0.214602035288829
0.410000000000000 0.222507191769062
0.420000000000000 0.230420501701320
0.430000000000000 0.238336087629659
0.440000000000000 0.246248280580183
0.450000000000000 0.254151616977080
0.460000000000000 0.262040835438337
0.470000000000000 0.269910873462246
0.480000000000000 0.277756864015433
0.490000000000000 0.285574132032863
0.500000000000000 0.293358190839847
0.510000000000000 0.301215025421058
0.520000000000000 0.309036544356495
0.530000000000000 0.316818810131488
0.540000000000000 0.324558053218046
0.550000000000000 0.332250668476928
0.560000000000000 0.339893211529846
0.570000000000000 0.347482395109110
0.580000000000000 0.355015085391626
0.590000000000000 0.362488298323829
0.600000000000000 0.369899195943757
0.610000000000000 0.377355616631164
0.620000000000000 0.384749336791037
0.630000000000000 0.392077911988025
0.640000000000000 0.399339026300395
0.650000000000000 0.406530488858764
0.660000000000000 0.413650230408281
0.670000000000000 0.420696299898137
0.680000000000000 0.427666861102089
0.690000000000000 0.434560189273335
0.700000000000000 0.441374667836842
0.710000000000000 0.448202692511206
0.720000000000000 0.454952198065696
0.730000000000000 0.461621844329213
0.740000000000000 0.468210385192067
0.750000000000000 0.474716665605099
0.760000000000000 0.481139618627170
0.770000000000000 0.487478262522564
0.780000000000000 0.493731697909654
0.790000000000000 0.499899104962029
0.800000000000000 0.505979740663085
0.810000000000000 0.512057373128918
0.820000000000000 0.518049304149809
0.830000000000000 0.523954977165053
0.840000000000000 0.529773901428552
0.850000000000000 0.535505649587494
0.860000000000000 0.541149855315788
0.870000000000000 0.546706211002391
0.880000000000000 0.552174465494543
0.890000000000000 0.557554421895818
0.900000000000000 0.562845935418851
0.910000000000000 0.568107076191500
0.920000000000000 0.573280932617666
0.930000000000000 0.578367484982663
0.940000000000000 0.583366757486572
0.950000000000000 0.588278816385349
0.960000000000000 0.593103768183215
0.970000000000000 0.597841757875737
0.980000000000000 0.602492967242965
0.990000000000000 0.607057613191938
1.000000000000000 0.611535946147845
1.010000000000000 0.615958528456233
1.020000000000000 0.620295944054917
1.030000000000000 0.624548525568722
1.040000000000000 0.628716633172420
1.050000000000000 0.632800653219883
1.060000000000000 0.636800996916736
1.070000000000000 0.640718099035635
1.080000000000000 0.644552416673310
1.090000000000000 0.648304428048492
1.100000000000000 0.651974631339838
1.110000000000000 0.655572789896365
1.120000000000000 0.659090329898767
1.130000000000000 0.662527800275615
1.140000000000000 0.665885765660154
1.150000000000000 0.669164805416016
1.160000000000000 0.672365512697542
1.170000000000000 0.675488493543819
1.180000000000000 0.678534366005584
1.190000000000000 0.681503759304111
1.200000000000000 0.684397313021247
1.210000000000000 0.687186833456800
1.220000000000000 0.689901468606641
1.230000000000000 0.692541891668971
1.240000000000000 0.695108783203965
1.250000000000000 0.697602830465093
1.260000000000000 0.700024726756861
1.270000000000000 0.702375170818151
1.280000000000000 0.704654866230425
1.290000000000000 0.706864520850037
1.300000000000000 0.709004846263915
1.310000000000000 0.711019703209164
1.320000000000000 0.712966091311576
1.330000000000000 0.714844742698739
1.340000000000000 0.716656391148651
1.350000000000000 0.718401771649878
1.360000000000000 0.720081619981167
1.370000000000000 0.721696672309895
1.380000000000000 0.723247664808697
1.390000000000000 0.724735333289703
1.400000000000000 0.726160412855767
1.410000000000000 0.727439012455890
1.420000000000000 0.728655790291188
1.430000000000000 0.729811493656251
1.440000000000000 0.730906867711183
1.450000000000000 0.731942655208544
1.460000000000000 0.732919596234249
1.470000000000000 0.733838427961869
1.480000000000000 0.734699884419901
1.490000000000000 0.735504696271504
1.500000000000000 0.736253590606259
1.510000000000000 0.736828037069869
1.520000000000000 0.737347200571593
1.530000000000000 0.737811816452902
1.540000000000000 0.738222615500200
1.550000000000000 0.738580323790636
1.560000000000000 0.738885662547613
1.570000000000000 0.739139348005618
1.580000000000000 0.739342091284019
1.590000000000000 0.739494598269457
1.600000000000000 0.739597569506514
1.610000000000000 0.739509637177195
1.620000000000000 0.739372768497724
1.630000000000000 0.739187668400246
1.640000000000000 0.738955035820962
1.650000000000000 0.738675563628905
1.660000000000000 0.738349938561261
1.670000000000000 0.737978841164946
1.680000000000000 0.737562945744186
1.690000000000000 0.737102920313827
1.700000000000000 0.736599426558139
1.710000000000000 0.735877475137088
1.720000000000000 0.735112573746984
1.730000000000000 0.734305387603808
1.740000000000000 0.733456575143554
1.750000000000000 0.732566788007698
1.760000000000000 0.731636671032904
1.770000000000000 0.730666862244773
1.780000000000000 0.729657992855430
1.790000000000000 0.728610687264772
1.800000000000000 0.727525563065200
1.810000000000000 0.726211504308078
1.820000000000000 0.724860155218854
1.830000000000000 0.723472134724675
1.840000000000000 0.722048054662146
1.850000000000000 0.720588519800330
1.860000000000000 0.719094127866332
1.870000000000000 0.717565469573310
1.880000000000000 0.716003128650805
1.890000000000000 0.714407681877236
1.900000000000000 0.712779699114453
1.910000000000000 0.710902720559749
1.920000000000000 0.708993713400421
1.930000000000000 0.707053248456367
1.940000000000000 0.705081889446139
1.950000000000000 0.703080193033923
1.960000000000000 0.701048708877919
1.970000000000000 0.698987979680053
1.980000000000000 0.696898541236904
1.990000000000000 0.694780922491766
2.000000000000000 0.692635645587775
2.010000000000000 0.690241223168522
2.020000000000000 0.687819685838153
2.030000000000000 0.685371554887630
2.040000000000000 0.682897344715696
2.050000000000000 0.680397562889972
2.060000000000000 0.677872710208680
2.070000000000000 0.675323280762893
2.080000000000000 0.672749761999267
2.090000000000000 0.670152634783207
2.100000000000000 0.667532373462384
2.110000000000000 0.664653011959330
2.120000000000000 0.661751066416295
2.130000000000000 0.658827009916230
2.140000000000000 0.655881308982531
2.150000000000000 0.652914423647574
2.160000000000000 0.649926807521315
2.170000000000000 0.646918907859916
2.180000000000000 0.643891165634342
2.190000000000000 0.640844015598915
2.200000000000000 0.637777886359773
2.210000000000000 0.634460839136788
2.220000000000000 0.631125391639740
2.230000000000000 0.627771969830444
2.240000000000000 0.624400993533180
2.250000000000000 0.621012876505839
2.260000000000000 0.617608026510768
2.270000000000000 0.614186845385317
2.280000000000000 0.610749729112022
2.290000000000000 0.607297067888449
2.300000000000000 0.603829246196645
2.310000000000000 0.600124935742413
2.320000000000000 0.596406061892626
2.330000000000000 0.592673005238963
2.340000000000000 0.588926140709031
2.350000000000000 0.585165837636809
2.360000000000000 0.581392459832573
2.370000000000000 0.577606365652304
2.380000000000000 0.573807908066560
2.390000000000000 0.569997434728806
2.400000000000000 0.566175288043191
2.410000000000000 0.562139306364383
2.420000000000000 0.558092253030560
2.430000000000000 0.554034465356001
2.440000000000000 0.549966275490655
2.450000000000000 0.545888010487630
2.460000000000000 0.541799992370064
2.470000000000000 0.537702538197359
2.480000000000000 0.533595960130781
2.490000000000000 0.529480565498414
2.500000000000000 0.525356656859474
2.510000000000000 0.521058315024078
2.520000000000000 0.516752047631277
2.530000000000000 0.512438150671356
2.540000000000000 0.508116915484959
2.550000000000000 0.503788628826092
2.560000000000000 0.499453572924446
2.570000000000000 0.495112025547042
2.580000000000000 0.490764260059204
2.590000000000000 0.486410545484852
2.600000000000000 0.482051146566120
2.610000000000000 0.477559994778571
2.620000000000000 0.473063708653835
2.630000000000000 0.468562545323837
2.640000000000000 0.464056757781718
2.650000000000000 0.459546594939433
2.660000000000000 0.455032301684675
2.670000000000000 0.450514118937118
2.680000000000000 0.445992283703997
2.690000000000000 0.441467029135011
2.700000000000000 0.436938584576564
2.710000000000000 0.432346570120855
2.720000000000000 0.427751843817704
2.730000000000000 0.423154625966747
2.740000000000000 0.418555133236917
2.750000000000000 0.413953578717993
2.760000000000000 0.409350171971507
2.770000000000000 0.404745119081008
2.780000000000000 0.400138622701690
2.790000000000000 0.395530882109388
2.800000000000000 0.390922093248949
2.810000000000000 0.386315787083821
2.820000000000000 0.381708812337111
2.830000000000000 0.377101355146644
2.840000000000000 0.372493598508446
2.850000000000000 0.367885722322024
2.860000000000000 0.363277903435077
2.870000000000000 0.358670315687603
2.880000000000000 0.354063129955437
2.890000000000000 0.349456514193206
2.900000000000000 0.344850633476713
2.910000000000000 0.340324754608813
2.920000000000000 0.335799860753706
2.930000000000000 0.331276106577964
2.940000000000000 0.326753644072227
2.950000000000000 0.322232622590230
2.960000000000000 0.317713188887310
2.970000000000000 0.313195487158384
2.980000000000000 0.308679659075418
2.990000000000000 0.304165843824385
3.000000000000000 0.299654178141719
3.010000000000000 0.295304438426360
3.020000000000000 0.290956943493545
3.030000000000000 0.286611819405668
3.040000000000000 0.282269189986264
3.050000000000000 0.277929176852955
3.060000000000000 0.273591899449950
3.070000000000000 0.269257475080085
3.080000000000000 0.264926018936431
3.090000000000000 0.260597644133456
3.100000000000000 0.256272461737753
3.110000000000000 0.252183891163220
3.120000000000000 0.248098445246045
3.130000000000000 0.244016224615587
3.140000000000000 0.239937328062676
3.150000000000000 0.235861852566862
3.160000000000000 0.231789893323280
3.170000000000000 0.227721543769146
3.180000000000000 0.223656895609870
3.190000000000000 0.219596038844809
3.200000000000000 0.215539061792658
3.210000000000000 0.211783780764934
3.220000000000000 0.208032150821482
3.230000000000000 0.204284250468484
3.240000000000000 0.200540156732313
3.250000000000000 0.196799945181585
3.260000000000000 0.193063689948909
3.270000000000000 0.189331463752320
3.280000000000000 0.185603337916409
3.290000000000000 0.181879382393162
3.300000000000000 0.178159665782488
3.310000000000000 0.174791084633616
3.320000000000000 0.171426370165589
3.330000000000000 0.168065582127791
3.340000000000000 0.164708779103320
3.350000000000000 0.161356018526458
3.360000000000000 0.158007356699886
3.370000000000000 0.154662848811653
3.380000000000000 0.151322548951905
3.390000000000000 0.147986510129372
3.400000000000000 0.144654784287624
3.410000000000000 0.141703769571262
3.420000000000000 0.138756582692643
3.430000000000000 0.135813267948389
3.440000000000000 0.132873868735506
3.450000000000000 0.129938427564910
3.460000000000000 0.127006986074760
3.470000000000000 0.124079585043600
3.480000000000000 0.121156264403311
3.490000000000000 0.118237063251882
3.500000000000000 0.115322019865990
3.510000000000000 0.112795909776813
3.520000000000000 0.110273398898045
3.530000000000000 0.107754519182659
3.540000000000000 0.105239301904406
3.550000000000000 0.102727777668054
3.560000000000000 0.100219976419504
3.570000000000000 0.097715927455740
3.580000000000000 0.095215659434650
3.590000000000000 0.092719200384701
3.600000000000000 0.090226577714469
3.610000000000000 0.088112592118419
3.620000000000000 0.086001850628407
3.630000000000000 0.083894375637058
3.640000000000000 0.081790189034970
3.650000000000000 0.079689312218318
3.660000000000000 0.077591766096353
3.670000000000000 0.075497571098785
3.680000000000000 0.073406747183072
3.690000000000000 0.071319313841590
3.700000000000000 0.069235290108711
3.710000000000000 0.067504806102105
3.720000000000000 0.065777141793059
3.730000000000000 0.064052312398127
3.740000000000000 0.062330332770541
3.750000000000000 0.060611217405744
3.760000000000000 0.058894980446831
3.770000000000000 0.057181635689918
3.780000000000000 0.055471196589436
3.790000000000000 0.053763676263344
3.800000000000000 0.052059087498265
3.810000000000000 0.050672563374857
3.820000000000000 0.049288412538586
3.830000000000000 0.047906644989040
3.840000000000000 0.046527270468276
3.850000000000000 0.045150298464760
3.860000000000000 0.043775738217243
3.870000000000000 0.042403598718580
3.880000000000000 0.041033888719498
3.890000000000000 0.039666616732313
3.900000000000000 0.038301791034583
3.910000000000000 0.037214184087309
3.920000000000000 0.036128516617521
3.930000000000000 0.035044794952173
3.940000000000000 0.033963025239447
3.950000000000000 0.032883213451509
3.960000000000000 0.031805365387202
3.970000000000000 0.030729486674722
3.980000000000000 0.029655582774241
3.990000000000000 0.028583658980501
4.000000000000000 0.027513720425363
4.010000000000000 0.026678483283652
4.020000000000000 0.025844787756728
4.030000000000000 0.025012637672462
4.040000000000000 0.024182036737238
4.050000000000000 0.023352988537822
4.060000000000000 0.022525496543219
4.070000000000000 0.021699564106492
4.080000000000000 0.020875194466558
4.090000000000000 0.020052390749962
4.100000000000000 0.019231155972620
4.110000000000000 0.018603940632386
4.120000000000000 0.017977917220358
4.130000000000000 0.017353087924006
4.140000000000000 0.016729454850090
4.150000000000000 0.016107020025916
4.160000000000000 0.015485785400575
4.170000000000000 0.014865752846157
4.180000000000000 0.014246924158961
4.190000000000000 0.013629301060672
4.200000000000000 0.013012885199537
4.210000000000000 0.012552918317110
4.220000000000000 0.012093847574707
4.230000000000000 0.011635674127971
4.240000000000000 0.011178399080216
4.250000000000000 0.010722023483257
4.260000000000000 0.010266548338212
4.270000000000000 0.009811974596302
4.280000000000000 0.009358303159638
4.290000000000000 0.008905534881994
4.300000000000000 0.008453670569571
4.310000000000000 0.008125125954489
4.320000000000000 0.007797235298434
4.330000000000000 0.007469999140705
4.340000000000000 0.007143417987599
4.350000000000000 0.006817492312935
4.360000000000000 0.006492222558570
4.370000000000000 0.006167609134904
4.380000000000000 0.005843652421385
4.390000000000000 0.005520352766997
4.400000000000000 0.005197710490752
4.410000000000000 0.004969952284126
4.420000000000000 0.004742655952972
4.430000000000000 0.004515821693148
4.440000000000000 0.004289449680350
4.450000000000000 0.004063540070432
4.460000000000000 0.003838092999725
4.470000000000000 0.003613108585352
4.480000000000000 0.003388586925536
4.490000000000000 0.003164528099908
4.500000000000000 0.002940932169805
4.510000000000000 0.002788450381431
4.520000000000000 0.002636282959251
4.530000000000000 0.002484429926657
4.540000000000000 0.002332891295174
4.550000000000000 0.002181667064652
4.560000000000000 0.002030757223460
4.570000000000000 0.001880161748669
4.580000000000000 0.001729880606242
4.590000000000000 0.001579913751211
4.600000000000000 0.001430261127860
4.610000000000000 0.001332275519976
4.620000000000000 0.001234495003039
4.630000000000000 0.001136919528614
4.640000000000000 0.001039549041593
4.650000000000000 0.000942383480306
4.660000000000000 0.000845422776629
4.670000000000000 0.000748666856092
4.680000000000000 0.000652115637982
4.690000000000000 0.000555769035452
4.700000000000000 0.000459626955621
4.710000000000000 0.000413222203253
4.720000000000000 0.000366915830585
4.730000000000000 0.000320707788028
4.740000000000000 0.000274598023235
4.750000000000000 0.000228586481145
4.760000000000000 0.000182673104032
4.770000000000000 0.000136857831547
4.780000000000000 0.000091140600766
4.790000000000000 0.000045521346232
4.800000000000000 0.000000000000000
4.810000000000000 0.000000000000000
4.820000000000000 0.000000000000000
4.830000000000000 0.000000000000000
4.840000000000000 0.000000000000000
4.850000000000000 0.000000000000000
4.860000000000000 0.000000000000000
4.870000000000000 0.000000000000000
4.880000000000000 0.000000000000000
4.890000000000000 0.000000000000000
4.900000000000000 -0.000000000000000
4.910000000000000 0.000000000000000
4.920000000000000 0.000000000000000
4.930000000000000 0.000000000000000
4.940000000000000 0.000000000000000
4.950000000000000 0.000000000000000
4.960000000000000 0.000000000000000
4.970000000000000 0.000000000000000
4.980000000000000 0.000000000000000
4.990000000000000 0.000000000000000
5.000000000000000 -0.000000000000000
5.010000000000000 0.000000000000000
5.020000000000000 0.000000000000000
5.030000000000000 0.000000000000000
5.040000000000000 0.000000000000000
5.050000000000000 0.000000000000000
5.060000000000000 0.000000000000000
5.070000000000000 0.000000000000000
5.080000000000000 0.000000000000000
5.090000000000000 0.000000000000000
5.100000000000000 -0.000000000000000
5.110000000000000 0.000000000000000
5.120000000000000 0.000000000000000
5.130000000000000 0.000000000000000
5.140000000000000 0.000000000000000
5.150000000000000 0.000000000000000
5.160000000000000 0.000000000000000
5.170000000000000 0.000000000000000
5.180000000000000 0.000000000000000
5.190000000000000 0.000000000000000
5.200000000000000 -0.000000000000000
5.210000000000000 0.000000000000000
5.220000000000000 0.000000000000000
5.230000000000000 0.000000000000000
5.240000000000000 0.000000000000000
5.250000000000000 0.000000000000000
5.260000000000000 0.000000000000000
5.270000000000000 0.000000000000000
5.280000000000000 0.000000000000000
5.290000000000000 0.000000000000000
5.300000000000000 0.000000000000000
5.310000000000000 0.000000000000000
5.320000000000000 0.000000000000000
5.330000000000000 0.000000000000000
5.340000000000000 0.000000000000000
5.350000000000000 0.000000000000000
5.360000000000000 0.000000000000000
5.370000000000000 0.000000000000000
5.380000000000000 0.000000000000000
5.390000000000000 0.000000000000000
5.400000000000000 -0.000000000000000
5.410000000000000 0.000000000000000
5.420000000000000 0.000000000000000
5.430000000000000 0.000000000000000
5.440000000000000 0.000000000000000
5.450000000000000 0.000000000000000
5.460000000000000 0.000000000000000
5.470000000000000 0.000000000000000
5.480000000000000 0.000000000000000
5.490000000000000 0.000000000000000
5.500000000000000 -0.000000000000000
5.510000000000000 0.000000000000000
5.520000000000000 0.000000000000000
5.530000000000000 0.000000000000000
5.540000000000000 0.000000000000000
5.550000000000000 0.000000000000000
5.560000000000000 0.000000000000000
5.570000000000000 0.000000000000000
5.580000000000000 0.000000000000000
5.590000000000000 0.000000000000000
5.600000000000000 -0.000000000000000
5.610000000000000 0.000000000000000
5.620000000000000 0.000000000000000
5.630000000000000 0.000000000000000
5.640000000000000 0.000000000000000
5.650000000000000 0.000000000000000
5.660000000000000 0.000000000000000
5.670000000000000 0.000000000000000
5.680000000000000 0.000000000000000
5.690000000000000 0.000000000000000
5.700000000000000 -0.000000000000000
5.710000000000000 0.000000000000000
5.720000000000000 0.000000000000000
5.730000000000000 0.000000000000000
5.740000000000000 0.000000000000000
5.750000000000000 0.000000000000000
5.760000000000000 0.000000000000000
5.770000000000000 0.000000000000000
5.780000000000000 0.000000000000000
5.790000000000000 0.000000000000000
5.800000000000000 0.000000000000000
5.810000000000000 0.000000000000000
5.820000000000000 0.000000000000000
5.830000000000000 0.000000000000000
5.840000000000000 0.000000000000000
5.850000000000000 0.000000000000000
5.860000000000000 0.000000000000000
5.870000000000000 0.000000000000000
5.880000000000000 0.000000000000000
5.890000000000000 0.000000000000000
5.900000000000000 -0.000000000000000
5.910000000000000 0.000000000000000
5.920000000000000 0.000000000000000
5.930000000000000 0.000000000000000
5.940000000000000 0.000000000000000
5.950000000000000 0.000000000000000
5.960000000000000 0.000000000000000
5.970000000000000 0.000000000000000
5.980000000000000 0.000000000000000
5.990000000000000 0.000000000000000
6.000000000000000 -0.000000000000000
6.010000000000000 0.000000000000000
6.020000000000000 0.000000000000000
6.030000000000000 0.000000000000000
6.040000000000000 0.000000000000000
6.050000000000000 0.000000000000000
6.060000000000000 0.000000000000000
6.070000000000000 0.000000000000000
6.080000000000000 0.000000000000000
6.090000000000000 0.000000000000000
6.100000000000000 -0.000000000000000
6.110000000000000 0.000000000000000
6.120000000000000 0.000000000000000
6.130000000000000 0.000000000000000
6.140000000000000 0.000000000000000
6.150000000000000 0.000000000000000
6.160000000000000 0.000000000000000
6.170000000000000 0.000000000000000
6.180000000000000 0.000000000000000
6.190000000000000 0.000000000000000
6.200000000000000 -0.000000000000000
6.210000000000000 0.000000000000000
6.220000000000000 0.000000000000000
6.230000000000000 0.000000000000000
6.240000000000000 0.000000000000000
6.250000000000000 0.000000000000000
6.260000000000000 0.000000000000000
6.270000000000000 0.000000000000000
6.280000000000000 0.000000000000000
6.290000000000000 0.000000000000000
6.300000000000000 0.000000000000000
6.310000000000000 0.000000000000000
6.320000000000000 0.000000000000000
6.330000000000000 0.000000000000000
6.340000000000000 0.000000000000000
6.350000000000000 0.000000000000000
6.360000000000000 0.000000000000000
6.370000000000000 0.000000000000000
6.380000000000000 0.000000000000000
6.390000000000000 0.000000000000000
6.400000000000000 -0.000000000000000
6.410000000000000 0.000000000000000
6.420000000000000 0.000000000000000
6.430000000000000 0.000000000000000
6.440000000000000 0.000000000000000
6.450000000000000 0.000000000000000
6.460000000000000 0.000000000000000
6.470000000000000 0.000000000000000
6.480000000000000 0.000000000000000
6.490000000000000 0.000000000000000
6.500000000000000 -0.000000000000000
6.510000000000000 0.000000000000000
6.520000000000000 0.000000000000000
6.530000000000000 0.000000000000000
6.540000000000000 0.000000000000000
6.550000000000000 0.000000000000000
6.560000000000000 0.000000000000000
6.570000000000000 0.000000000000000
6.580000000000000 0.000000000000000
6.590000000000000 0.000000000000000
6.600000000000000 -0.000000000000000
6.610000000000000 0.000000000000000
6.620000000000000 0.000000000000000
6.630000000000000 0.000000000000000
6.640000000000000 0.000000000000000
6.650000000000000 0.000000000000000
6.660000000000000 0.000000000000000
6.670000000000000 0.000000000000000
6.680000000000000 0.000000000000000
6.690000000000000 0.000000000000000
6.700000000000000 -0.000000000000000
6.710000000000000 0.000000000000000
6.720000000000000 0.000000000000000
6.730000000000000 0.000000000000000
6.740000000000000 0.000000000000000
6.750000000000000 0.000000000000000
6.760000000000000 0.000000000000000
6.770000000000000 0.000000000000000
6.780000000000000 0.000000000000000
6.790000000000000 0.000000000000000
6.800000000000000 0.000000000000000
6.810000000000000 0.000000000000000
6.820000000000000 0.000000000000000
6.830000000000000 0.000000000000000
6.840000000000000 0.000000000000000
6.850000000000000 0.000000000000000
6.860000000000000 0.000000000000000
6.870000000000000 0.000000000000000
6.880000000000000 0.000000000000000
6.890000000000000 0.000000000000000
6.900000000000000 -0.000000000000000
6.910000000000000 0.000000000000000
6.920000000000000 0.000000000000000
6.930000000000000 0.000000000000000
6.940000000000000 0.000000000000000
6.950000000000000 0.000000000000000
6.960000000000000 0.000000000000000
6.970000000000000 0.000000000000000
6.980000000000000 0.000000000000000
6.990000000000000 0.000000000000000
7.000000000000000 -0.000000000000000
7.010000000000000 0.000000000000000
7.020000000000000 0.000000000000000
7.030000000000000 0.000000000000000
7.040000000000000 0.000000000000000
7.050000000000000 0.000000000000000
7.060000000000000 0.000000000000000
7.070000000000000 0.000000000000000
7.080000000000000 0.000000000000000
7.090000000000000 0.000000000000000
7.100000000000000 -0.000000000000000
7.110000000000000 0.000000000000000
7.120000000000000 0.000000000000000
7.130000000000000 0.000000000000000
7.140000000000000 0.000000000000000
7.150000000000000 0.000000000000000
7.160000000000000 0.000000000000000
7.170000000000000 0.000000000000000
7.180000000000000 0.000000000000000
7.190000000000000 0.000000000000000
7.200000000000000 -0.000000000000000
7.210000000000000 0.000000000000000
7.220000000000000 0.000000000000000
7.230000000000000 0.000000000000000
7.240000000000000 0.000000000000000
7.250000000000000 0.000000000000000
7.260000000000000 0.000000000000000
7.270000000000000 0.000000000000000
7.280000000000000 0.000000000000000
7.290000000000000 0.000000000000000
7.300000000000000 0.000000000000000
7.310000000000000 0.000000000000000
7.320000000000000 0.000000000000000
7.330000000000000 0.000000000000000
7.340000000000000 0.000000000000000
7.350000000000000 0.000000000000000
7.360000000000000 0.000000000000000
7.370000000000000 0.000000000000000
7.380000000000000 0.000000000000000
7.390000000000000 0.000000000000000
7.400000000000000 -0.000000000000000
7.410000000000000 0.000000000000000
7.420000000000000 0.000000000000000
7.430000000000000 0.000000000000000
7.440000000000000 0.000000000000000
7.450000000000000 0.000000000000000
7.460000000000000 0.000000000000000
7.470000000000000 0.000000000000000
7.480000000000000 0.000000000000000
7.490000000000000 0.000000000000000
7.500000000000000 -0.000000000000000
7.510000000000000 0.000000000000000
7.520000000000000 0.000000000000000
7.530000000000000 0.000000000000000
7.540000000000000 0.000000000000000
7.550000000000000 0.000000000000000
7.560000000000000 0.000000000000000
7.570000000000000 0.000000000000000
7.580000000000000 0.000000000000000
7.590000000000000 0.000000000000000
7.600000000000000 -0.000000000000000
7.610000000000000 0.000000000000000
7.620000000000000 0.000000000000000
7.630000000000000 0.000000000000000
7.640000000000000 0.000000000000000
7.650000000000000 0.000000000000000
7.660000000000000 0.000000000000000
7.670000000000000 0.000000000000000
7.680000000000000 0.000000000000000
7.690000000000000 0.000000000000000
7.700000000000000 -0.000000000000000
7.710000000000000 0.000000000000000
7.720000000000000 0.000000000000000
7.730000000000000 0.000000000000000
7.740000000000000 0.000000000000000
7.750000000000000 0.000000000000000
7.760000000000000 0.000000000000000
7.770000000000000 0.000000000000000
7.780000000000000 0.000000000000000
7.790000000000000 0.000000000000000
7.800000000000000 0.000000000000000
7.810000000000000 0.000000000000000
7.820000000000000 0.000000000000000
7.830000000000000 0.000000000000000
7.840000000000000 0.000000000000000
7.850000000000000 0.000000000000000
7.860000000000000 0.000000000000000
7.870000000000000 0.000000000000000
7.880000000000000 0.000000000000000
7.890000000000000 0.000000000000000
7.900000000000000 -0.000000000000000
7.910000000000000 0.000000000000000
7.920000000000000 0.000000000000000
7.930000000000000 0.000000000000000
7.940000000000000 0.000000000000000
7.950000000000000 0.000000000000000
7.960000000000000 0.000000000000000
7.970000000000000 0.000000000000000
7.980000000000000 0.000000000000000
7.990000000000000 0.000000000000000
8.000000000000000 -0.000000000000000
8.010000000000000 0.000000000000000
8.020000000000000 0.000000000000000
8.029999999999999 0.000000000000000
8.039999999999999 0.000000000000000
8.050000000000001 0.000000000000000
8.060000000000000 0.000000000000000
8.070000000000000 0.000000000000000
8.080000000000000 0.000000000000000
8.090000000000000 0.000000000000000
8.100000000000000 -0.000000000000000
8.109999999999999 0.000000000000000
8.119999999999999 0.000000000000000
8.130000000000001 0.000000000000000
8.140000000000001 0.000000000000000
8.150000000000000 0.000000000000000
8.160000000000000 0.000000000000000
8.170000000000000 0.000000000000000
8.180000000000000 0.000000000000000
8.190000000000000 0.000000000000000
8.199999999999999 0.000000000000000
8.210000000000001 0.000000000000000
8.220000000000001 0.000000000000000
8.230000000000000 0.000000000000000
8.240000000000000 0.000000000000000
8.250000000000000 0.000000000000000
8.260000000000000 0.000000000000000
8.270000000000000 0.000000000000000
8.279999999999999 0.000000000000000
8.289999999999999 0.000000000000000
8.300000000000001 -0.000000000000000
8.310000000000000 0.000000000000000
8.320000000000000 0.000000000000000
8.330000000000000 0.000000000000000
8.340000000000000 0.000000000000000
8.350000000000000 0.000000000000000
8.359999999999999 0.000000000000000
8.369999999999999 0.000000000000000
8.380000000000001 0.000000000000000
8.390000000000001 0.000000000000000
8.400000000000000 -0.000000000000000
8.410000000000000 0.000000000000000
8.420000000000000 0.000000000000000
8.430000000000000 0.000000000000000
8.440000000000000 0.000000000000000
8.449999999999999 0.000000000000000
8.460000000000001 0.000000000000000
8.470000000000001 0.000000000000000
8.480000000000000 0.000000000000000
8.490000000000000 0.000000000000000
8.500000000000000 -0.000000000000000
8.510000000000000 0.000000000000000
8.520000000000000 0.000000000000000
8.529999999999999 0.000000000000000
8.539999999999999 0.000000000000000
8.550000000000001 0.000000000000000
8.560000000000000 0.000000000000000
8.570000000000000 0.000000000000000
8.580000000000000 0.000000000000000
8.590000000000000 0.000000000000000
8.600000000000000 -0.000000000000000
8.609999999999999 0.000000000000000
8.619999999999999 0.000000000000000
8.630000000000001 0.000000000000000
8.640000000000001 0.000000000000000
8.650000000000000 0.000000000000000
8.660000000000000 0.000000000000000
8.670000000000000 0.000000000000000
8.680000000000000 0.000000000000000
8.690000000000000 0.000000000000000
8.699999999999999 -0.000000000000000
8.710000000000001 0.000000000000000
8.720000000000001 0.000000000000000
8.730000000000000 0.000000000000000
8.740000000000000 0.000000000000000
8.750000000000000 0.000000000000000
8.760000000000000 0.000000000000000
8.770000000000000 0.000000000000000
8.779999999999999 0.000000000000000
8.789999999999999 0.000000000000000
8.800000000000001 -0.000000000000000
8.810000000000000 0.000000000000000
8.820000000000000 0.000000000000000
8.830000000000000 0.000000000000000
8.840000000000000 0.000000000000000
8.850000000000000 0.000000000000000
8.859999999999999 0.000000000000000
8.869999999999999 0.000000000000000
8.880000000000001 0.000000000000000
8.890000000000001 0.000000000000000
8.900000000000000 -0.000000000000000
8.910000000000000 0.000000000000000
8.920000000000000 0.000000000000000
8.930000000000000 0.000000000000000
8.940000000000000 0.000000000000000
8.949999999999999 0.000000000000000
8.960000000000001 0.000000000000000
8.970000000000001 0.000000000000000
8.980000000000000 0.000000000000000
8.990000000000000 0.000000000000000
9.000000000000000 -0.000000000000000
9.010000000000000 0.000000000000000
9.020000000000000 0.000000000000000
9.029999999999999 0.000000000000000
9.039999999999999 0.000000000000000
9.050000000000001 0.000000000000000
9.060000000000000 0.000000000000000
9.070000000000000 0.000000000000000
9.080000000000000 0.000000000000000
9.090000000000000 0.000000000000000
9.100000000000000 -0.000000000000000
9.109999999999999 0.000000000000000
9.119999999999999 0.000000000000000
9.130000000000001 0.000000000000000
9.140000000000001 0.000000000000000
9.150000000000000 0.000000000000000
9.160000000000000 0.000000000000000
9.170000000000000 0.000000000000000
9.180000000000000 0.000000000000000
9.190000000000000 0.000000000000000
9.199999999999999 -0.000000000000000
9.210000000000001 0.000000000000000
9.220000000000001 0.000000000000000
9.230000000000000 0.000000000000000
9.240000000000000 0.000000000000000
9.250000000000000 0.000000000000000
9.260000000000000 0.000000000000000
9.270000000000000 0.000000000000000
9.279999999999999 0.000000000000000
9.289999999999999 0.000000000000000
9.300000000000001 -0.000000000000000
9.310000000000000 0.000000000000000
9.320000000000000 0.000000000000000
9.330000000000000 0.000000000000000
9.340000000000000 0.000000000000000
9.350000000000000 0.000000000000000
9.359999999999999 0.000000000000000
9.369999999999999 0.000000000000000
9.380000000000001 0.000000000000000
9.390000000000001 0.000000000000000
9.400000000000000 -0.000000000000000
9.410000000000000 0.000000000000000
9.420000000000000 0.000000000000000
9.430000000000000 0.000000000000000
9.440000000000000 0.000000000000000
9.449999999999999 0.000000000000000
9.460000000000001 0.000000000000000
9.470000000000001 0.000000000000000
9.480000000000000 0.000000000000000
9.490000000000000 0.000000000000000
9.500000000000000 -0.000000000000000
9.510000000000000 0.000000000000000
9.520000000000000 0.000000000000000
9.529999999999999 0.000000000000000
9.539999999999999 0.000000000000000
9.550000000000001 0.000000000000000
9.560000000000000 0.000000000000000
9.570000000000000 0.000000000000000
9.580000000000000 0.000000000000000
9.590000000000000 0.000000000000000
9.600000000000000 0.000000000000000
9.609999999999999 0.000000000000000
9.619999999999999 0.000000000000000
9.630000000000001 0.000000000000000
9.640000000000001 0.000000000000000
9.650000000000000 0.000000000000000
9.660000000000000 0.000000000000000
9.670000000000000 0.000000000000000
9.680000000000000 0.000000000000000
9.690000000000000 0.000000000000000
9.699999999999999 -0.000000000000000
9.710000000000001 0.000000000000000
9.720000000000001 0.000000000000000
9.730000000000000 0.000000000000000
9.740000000000000 0.000000000000000
9.750000000000000 0.000000000000000
9.760000000000000 0.000000000000000
9.770000000000000 0.000000000000000
9.779999999999999 0.000000000000000
9.789999999999999 0.000000000000000
9.800000000000001 -0.000000000000000
9.810000000000000 0.000000000000000
9.820000000000000 0.000000000000000
9.830000000000000 0.000000000000000
9.840000000000000 0.000000000000000
9.850000000000000 0.000000000000000
9.859999999999999 0.000000000000000
9.869999999999999 0.000000000000000
9.880000000000001 0.000000000000000
9.890000000000001 0.000000000000000
9.900000000000000 -0.000000000000000
9.910000000000000 0.000000000000000
9.920000000000000 0.000000000000000
9.930000000000000 0.000000000000000
9.940000000000000 0.000000000000000
9.949999999999999 0.000000000000000
9.960000000000001 0.000000000000000
9.970000000000001 0.000000000000000
9.980000000000000 0.000000000000000
9.990000000000000 0.000000000000000
10.000000000000000 -0.000000000000000
