0.000000000000000 0.000000000000000
0.010000000000000 0.000188069264135
0.020000000000000 0.000742969139027
0.030000000000000 0.001650843193429
0.040000000000000 0.002897982874557
0.050000000000000 0.004470836290649
0.060000000000000 0.006356016595261
0.070000000000000 0.008540309963419
0.080000000000000 0.011010683151432
0.090000000000000 0.013754290633761
0.100000000000000 0.016758481311908
0.110000000000000 0.020028829136604
0.120000000000000 0.023541534629534
0.130000000000000 0.027285261216313
0.140000000000000 0.031248858377209
0.150000000000000 0.035421366524706
0.160000000000000 0.039792021484890
0.170000000000000 0.044350258585413
0.180000000000000 0.049085716353915
0.190000000000000 0.053988239831765
0.200000000000000 0.059047883508958
0.210000000000000 0.064301623679741
0.220000000000000 0.069701364311822
0.230000000000000 0.075238172195811
0.240000000000000 0.080903310298664
0.250000000000000 0.086688239340202
0.260000000000000 0.092584619054757
0.270000000000000 0.098584309147229
0.280000000000000 0.104679369953256
0.290000000000000 0.110862062813612
0.300000000000000 0.117124850173242
0.310000000000000 0.123533918299813
0.320000000000000 0.130016685193940
0.330000000000000 0.136566391246894
0.340000000000000 0.143176461704506
0.350000000000000 0.149840505941219
0.360000000000000 0.156552316527396
0.370000000000000 0.163305868100383
0.380000000000000 0.170095316049847
0.390000000000000 0.176914995027810
0.400000000000000 0.183759417293784
0.410000000000000 0.190717355174734
0.420000000000000 0.197696840665634
0.430000000000000 0.204692973307532
0.440000000000000 0.211701013276537
0.450000000000000 0.218716379364885
0.460000000000000 0.225734646853302
0.470000000000000 0.232751545283400
0.480000000000000 0.239762956138602
0.490000000000000 0.246764910441838
0.500000000000000 0.253753586278028
0.510000000000000 0.260832671805087
0.520000000000000 0.267897415054973
0.530000000000000 0.274944425727909
0.540000000000000 0.281970444720146
0.550000000000000 0.288972341606943
0.560000000000000 0.295947112088401
0.570000000000000 0.302891875404082
0.580000000000000 0.309803871722110
0.590000000000000 0.316680459508145
0.600000000000000 0.323519112879390
0.610000000000000 0.330431093327496
0.620000000000000 0.337305429328208
0.630000000000000 0.344139902615319
0.640000000000000 0.350932396900507
0.650000000000000 0.357680895374567
0.660000000000000 0.364383478215135
0.670000000000000 0.371038320104313
0.680000000000000 0.377643687759365
0.690000000000000 0.384197937479460
0.700000000000000 0.390699512711211
0.710000000000000 0.397261812753284
0.720000000000000 0.403772555167433
0.730000000000000 0.410230395377249
0.740000000000000 0.416634064852913
0.750000000000000 0.422982368905247
0.760000000000000 0.429274184507927
0.770000000000000 0.435508458149411
0.780000000000000 0.441684203715967
0.790000000000000 0.447800500407068
0.800000000000000 0.453856490684276
0.810000000000000 0.459962736626152
0.820000000000000 0.466010223917015
0.830000000000000 0.471998235856674
0.840000000000000 0.477926110412667
0.850000000000000 0.483793238410756
0.860000000000000 0.489599061760812
0.870000000000000 0.495343071718503
0.880000000000000 0.501024807183096
0.890000000000000 0.506643853031604
0.900000000000000 0.512199838489436
0.910000000000000 0.517798862421859
0.920000000000000 0.523336589969491
0.930000000000000 0.528812739386291
0.940000000000000 0.534227066856319
0.950000000000000 0.539579365083901
0.960000000000000 0.544869461918328
0.970000000000000 0.550097219012851
0.980000000000000 0.555262530517762
0.990000000000000 0.560365321807236
1.000000000000000 0.565405548239647
1.010000000000000 0.570478710032550
1.020000000000000 0.575491041172993
1.030000000000000 0.580442550914739
1.040000000000000 0.585333273851255
1.050000000000000 0.590163268857786
1.060000000000000 0.594932618063375
1.070000000000000 0.599641425852365
1.080000000000000 0.604289817894916
1.090000000000000 0.608877940206030
1.100000000000000 0.613405958232601
1.110000000000000 0.617960277248190
1.120000000000000 0.622456162126368
1.130000000000000 0.626893807681619
1.140000000000000 0.631273424879777
1.150000000000000 0.635595240068152
1.160000000000000 0.639859494229890
1.170000000000000 0.644066442262048
1.180000000000000 0.648216352276864
1.190000000000000 0.652309504925696
1.200000000000000 0.656346192745122
1.210000000000000 0.660401204522778
1.220000000000000 0.664401280933522
1.230000000000000 0.668346728136066
1.240000000000000 0.672237861908071
1.250000000000000 0.676075007100455
1.260000000000000 0.679858497110442
1.270000000000000 0.683588673372875
1.280000000000000 0.687265884869310
1.290000000000000 0.690890487654421
1.300000000000000 0.694462844399270
1.310000000000000 0.698047436503249
1.320000000000000 0.701581170969493
1.330000000000000 0.705064413765678
1.340000000000000 0.708497535946535
1.350000000000000 0.711880913276822
1.360000000000000 0.715214925868310
1.370000000000000 0.718499957830391
1.380000000000000 0.721736396933915
1.390000000000000 0.724924634287857
1.400000000000000 0.728065064028441
1.410000000000000 0.731204667765345
1.420000000000000 0.734297645185888
1.430000000000000 0.737344388816057
1.440000000000000 0.740345293186775
1.450000000000000 0.743300754580387
1.460000000000000 0.746211170787402
1.470000000000000 0.749076940873150
1.480000000000000 0.751898464954066
1.490000000000000 0.754676143983278
1.500000000000000 0.757410379545205
1.510000000000000 0.760138151363635
1.520000000000000 0.762823531869701
1.530000000000000 0.765466917227406
1.540000000000000 0.768068703574630
1.550000000000000 0.770629286858474
1.560000000000000 0.773149062677936
1.570000000000000 0.775628426133678
1.580000000000000 0.778067771684643
1.590000000000000 0.780467493011277
1.600000000000000 0.782827982885159
1.610000000000000 0.785174380676942
1.620000000000000 0.787482466136627
1.630000000000000 0.789752624930729
1.640000000000000 0.791985241405995
1.650000000000000 0.794180698487546
1.660000000000000 0.796339377582175
1.670000000000000 0.798461658486598
1.680000000000000 0.800547919300501
1.690000000000000 0.802598536344207
1.700000000000000 0.804613884080780
1.710000000000000 0.806608721139322
1.720000000000000 0.808569096322118
1.730000000000000 0.810495376234419
1.740000000000000 0.812387925381425
1.750000000000000 0.814247106110089
1.760000000000000 0.816073278554479
1.770000000000000 0.817866800584536
1.780000000000000 0.819628027758133
1.790000000000000 0.821357313276268
1.800000000000000 0.823055007941315
1.810000000000000 0.824717682381771
1.820000000000000 0.826349446698408
1.830000000000000 0.827950644703290
1.840000000000000 0.829521617664317
1.850000000000000 0.831062704277022
1.860000000000000 0.832574240638769
1.870000000000000 0.834056560225228
1.880000000000000 0.835509993869052
1.890000000000000 0.836934869740676
1.900000000000000 0.838331513331117
1.910000000000000 0.839681449861022
1.920000000000000 0.841003744008372
1.930000000000000 0.842298715002453
1.940000000000000 0.843566679313419
1.950000000000000 0.844807950644356
1.960000000000000 0.846022839924893
1.970000000000000 0.847211655306318
1.980000000000000 0.848374702158117
1.990000000000000 0.849512283065871
2.000000000000000 0.850624697830467
2.010000000000000 0.851688743934588
2.020000000000000 0.852728164246509
2.030000000000000 0.853743252254928
2.040000000000000 0.854734298639354
2.050000000000000 0.855701591275399
2.060000000000000 0.856645415241034
2.070000000000000 0.857566052823777
2.080000000000000 0.858463783528769
2.090000000000000 0.859338884087686
2.100000000000000 0.860191628468449
2.110000000000000 0.860984208007158
2.120000000000000 0.861754909959775
2.130000000000000 0.862504002952246
2.140000000000000 0.863231752844681
2.150000000000000 0.863938422745094
2.160000000000000 0.864624273023715
2.170000000000000 0.865289561327832
2.180000000000000 0.865934542597141
2.190000000000000 0.866559469079579
2.200000000000000 0.867164590347583
2.210000000000000 0.867702278388864
2.220000000000000 0.868220598808815
2.230000000000000 0.868719796426133
2.240000000000000 0.869200113399097
2.250000000000000 0.869661789244418
2.260000000000000 0.870105060856353
2.270000000000000 0.870530162526108
2.280000000000000 0.870937325961465
2.290000000000000 0.871326780306648
2.300000000000000 0.871698752162387
2.310000000000000 0.871988132816432
2.320000000000000 0.872260430951589
2.330000000000000 0.872515869445003
2.340000000000000 0.872754668646781
2.350000000000000 0.872977046401753
2.360000000000000 0.873183218071310
2.370000000000000 0.873373396555332
2.380000000000000 0.873547792314178
2.390000000000000 0.873706613390732
2.400000000000000 0.873850065432487
2.410000000000000 0.873905086856386
2.420000000000000 0.873945118971904
2.430000000000000 0.873970364084174
2.440000000000000 0.873981022126189
2.450000000000000 0.873977290681873
2.460000000000000 0.873959365009104
2.470000000000000 0.873927438062716
2.480000000000000 0.873881700517428
2.490000000000000 0.873822340790732
2.500000000000000 0.873749545065697
2.510000000000000 0.873582197065937
2.520000000000000 0.873401777541720
2.530000000000000 0.873208469708040
2.540000000000000 0.873002454571570
2.550000000000000 0.872783910953991
2.560000000000000 0.872553015515190
2.570000000000000 0.872309942776349
2.580000000000000 0.872054865142901
2.590000000000000 0.871787952927349
2.600000000000000 0.871509374371961
2.610000000000000 0.871125640192173
2.620000000000000 0.870730594600065
2.630000000000000 0.870324403382816
2.640000000000000 0.869907230280875
2.650000000000000 0.869479237010893
2.660000000000000 0.869040583288490
2.670000000000000 0.868591426850846
2.680000000000000 0.868131923479126
2.690000000000000 0.867662227020718
2.700000000000000 0.867182489411302
2.710000000000000 0.866592444308249
2.720000000000000 0.865992707053739
2.730000000000000 0.865383427365994
2.740000000000000 0.864764753075317
2.750000000000000 0.864136830146194
2.760000000000000 0.863499802699184
2.770000000000000 0.862853813032617
2.780000000000000 0.862199001644088
2.790000000000000 0.861535507251754
2.800000000000000 0.860863466815420
2.810000000000000 0.860076398935342
2.820000000000000 0.859281130406968
2.830000000000000 0.858477796172678
2.840000000000000 0.857666529439790
2.850000000000000 0.856847461701537
2.860000000000000 0.856020722757838
2.870000000000000 0.855186440735850
2.880000000000000 0.854344742110305
2.890000000000000 0.853495751723645
2.900000000000000 0.852639592805932
2.910000000000000 0.851659661149631
2.920000000000000 0.850672908485518
2.930000000000000 0.849679456306795
2.940000000000000 0.848679424514424
2.950000000000000 0.847672931436871
2.960000000000000 0.846660093849638
2.970000000000000 0.845641026994578
2.980000000000000 0.844615844598988
2.990000000000000 0.843584658894502
3.000000000000000 0.842547580635750
3.010000000000000 0.841386899740926
3.020000000000000 0.840220669684913
3.030000000000000 0.839048999513252
3.040000000000000 0.837871996815566
3.050000000000000 0.836689767743958
3.060000000000000 0.835502417031228
3.070000000000000 0.834310048008852
3.080000000000000 0.833112762624755
3.090000000000000 0.831910661460884
3.100000000000000 0.830703843750557
3.110000000000000 0.829364828362224
3.120000000000000 0.828021446137380
3.130000000000000 0.826673794811887
3.140000000000000 0.825321970790790
3.150000000000000 0.823966069165427
3.160000000000000 0.822606183730317
3.170000000000000 0.821242406999850
3.180000000000000 0.819874830224778
3.190000000000000 0.818503543408494
3.200000000000000 0.817128635323109
3.210000000000000 0.815622102319314
3.220000000000000 0.814112294190084
3.230000000000000 0.812599298224623
3.240000000000000 0.811083200498979
3.250000000000000 0.809564085891836
3.260000000000000 0.808042038100105
3.270000000000000 0.806517139654326
3.280000000000000 0.804989471933870
3.290000000000000 0.803459115181950
3.300000000000000 0.801926148520448
3.310000000000000 0.800263417993570
3.320000000000000 0.798598417918328
3.330000000000000 0.796931225942559
3.340000000000000 0.795261918611117
3.350000000000000 0.793590571380381
3.360000000000000 0.791917258632581
3.370000000000000 0.790242053689933
3.380000000000000 0.788565028828598
3.390000000000000 0.786886255292456
3.400000000000000 0.785205803306710
3.410000000000000 0.783393798279094
3.420000000000000 0.781580454546682
3.430000000000000 0.779765840928345
3.440000000000000 0.777950025241430
3.450000000000000 0.776133074315057
3.460000000000000 0.774315054003232
3.470000000000000 0.772496029197802
3.480000000000000 0.770676063841227
3.490000000000000 0.768855220939197
3.500000000000000 0.767033562573076
3.510000000000000 0.765083260686483
3.520000000000000 0.763132475085772
3.530000000000000 0.761181266459900
3.540000000000000 0.759229694590585
3.550000000000000 0.757277818364438
3.560000000000000 0.755325695784943
3.570000000000000 0.753373383984268
3.580000000000000 0.751420939234926
3.590000000000000 0.749468416961286
3.600000000000000 0.747515871750922
3.610000000000000 0.745440709406197
3.620000000000000 0.743365842003850
3.630000000000000 0.741291322738905
3.640000000000000 0.739217203986990
3.650000000000000 0.737143537315377
3.660000000000000 0.735070373493867
3.670000000000000 0.732997762505535
3.680000000000000 0.730925753557325
3.690000000000000 0.728854395090518
3.700000000000000 0.726783734791041
3.710000000000000 0.724595171979802
3.720000000000000 0.722407612839139
3.730000000000000 0.720221103691689
3.740000000000000 0.718035690121824
3.750000000000000 0.715851416985650
3.760000000000000 0.713668328420879
3.770000000000000 0.711486467856575
3.780000000000000 0.709305878022757
3.790000000000000 0.707126600959881
3.800000000000000 0.704948678028196
3.810000000000000 0.702654148498843
3.820000000000000 0.700361272082580
3.830000000000000 0.698070088836602
3.840000000000000 0.695780638153865
3.850000000000000 0.693492958772138
3.860000000000000 0.691207088782944
3.870000000000000 0.688923065640376
3.880000000000000 0.686640926169800
3.890000000000000 0.684360706576434
3.900000000000000 0.682082442453815
3.910000000000000 0.679699678358847
3.920000000000000 0.677319141693940
3.930000000000000 0.674940866758612
3.940000000000000 0.672564887257216
3.950000000000000 0.670191236307113
3.960000000000000 0.667819946446720
3.970000000000000 0.665451049643468
3.980000000000000 0.663084577301642
3.990000000000000 0.660720560270114
4.000000000000000 0.658359028849977
4.010000000000000 0.655906505935912
4.020000000000000 0.653456709808642
4.030000000000000 0.651009669504325
4.040000000000000 0.648565413528181
4.050000000000000 0.646123969861823
4.060000000000000 0.643685365970491
4.070000000000000 0.641249628810189
4.080000000000000 0.638816784834716
4.090000000000000 0.636386860002623
4.100000000000000 0.633959879784049
4.110000000000000 0.631452687766599
4.120000000000000 0.628948655286373
4.130000000000000 0.626447806607530
4.140000000000000 0.623950165522289
4.150000000000000 0.621455755357493
4.160000000000000 0.618964598981080
4.170000000000000 0.616476718808466
4.180000000000000 0.613992136808842
4.190000000000000 0.611510874511387
4.200000000000000 0.609032953011399
4.210000000000000 0.606479521274617
4.220000000000000 0.603929630870338
4.230000000000000 0.601383301769971
4.240000000000000 0.598840553526303
4.250000000000000 0.596301405279360
4.260000000000000 0.593765875762187
4.270000000000000 0.591233983306554
4.280000000000000 0.588705745848585
4.290000000000000 0.586181180934307
4.300000000000000 0.583660305725128
4.310000000000000 0.581076737963905
4.320000000000000 0.578497029502797
4.330000000000000 0.575921196451260
4.340000000000000 0.573349254549005
4.350000000000000 0.570781219171211
4.360000000000000 0.568217105333680
4.370000000000000 0.565656927697907
4.380000000000000 0.563100700576101
4.390000000000000 0.560548437936117
4.400000000000000 0.558000153406341
4.410000000000000 0.555405547367309
4.420000000000000 0.552815050379854
4.430000000000000 0.550228675101815
4.440000000000000 0.547646433866173
4.450000000000000 0.545068338685689
4.460000000000000 0.542494401257457
4.470000000000000 0.539924632967410
4.480000000000000 0.537359044894761
4.490000000000000 0.534797647816384
4.500000000000000 0.532240452211133
4.510000000000000 0.529646627618417
4.520000000000000 0.527057110478245
4.530000000000000 0.524471910392007
4.540000000000000 0.521891036676742
4.550000000000000 0.519314498369234
4.560000000000000 0.516742304230042
4.570000000000000 0.514174462747479
4.580000000000000 0.511610982141543
4.590000000000000 0.509051870367784
4.600000000000000 0.506497135121131
4.610000000000000 0.503919591023685
4.620000000000000 0.501346495793818
4.630000000000000 0.498777856346628
4.640000000000000 0.496213679349577
4.650000000000000 0.493653971226091
4.660000000000000 0.491098738159113
4.670000000000000 0.488547986094608
4.680000000000000 0.486001720745017
4.690000000000000 0.483459947592675
4.700000000000000 0.480922671893172
4.710000000000000 0.478374535954797
4.720000000000000 0.475830940170792
4.730000000000000 0.473291889117402
4.740000000000000 0.470757387156252
4.750000000000000 0.468227438437505
4.760000000000000 0.465702046902984
4.770000000000000 0.463181216289242
4.780000000000000 0.460664950130602
4.790000000000000 0.458153251762151
4.800000000000000 0.455646124322692
4.810000000000000 0.453139118611546
4.820000000000000 0.450636699112127
4.830000000000000 0.448138868384351
4.840000000000000 0.445645628803047
4.850000000000000 0.443156982560721
4.860000000000000 0.440672931670289
4.870000000000000 0.438193477967761
4.880000000000000 0.435718623114903
4.890000000000000 0.433248368601850
4.900000000000000 0.430782715749697
4.910000000000000 0.428328635012555
4.920000000000000 0.425879143004238
4.930000000000000 0.423434240568065
4.940000000000000 0.420993928388621
4.950000000000000 0.418558206994165
4.960000000000000 0.416127076759008
4.970000000000000 0.413700537905862
4.980000000000000 0.411278590508152
4.990000000000000 0.408861234492301
5.000000000000000 0.406448469639980
5.010000000000000 0.404057471849273
5.020000000000000 0.401671027048613
5.030000000000000 0.399289134639474
5.040000000000000 0.396911793887955
5.050000000000000 0.394539003926933
5.060000000000000 0.392170763758032
5.070000000000000 0.389807072253730
5.080000000000000 0.387447928159349
5.090000000000000 0.385093330095041
5.100000000000000 0.382743276557743
5.110000000000000 0.380422573821422
5.120000000000000 0.378106358183692
5.130000000000000 0.375794627849859
5.140000000000000 0.373487380910434
5.150000000000000 0.371184615342944
5.160000000000000 0.368886329013725
5.170000000000000 0.366592519679683
5.180000000000000 0.364303184990039
5.190000000000000 0.362018322488046
5.200000000000000 0.359737929612686
5.210000000000000 0.357495062883509
5.220000000000000 0.355256588143145
5.230000000000000 0.353022502625319
5.240000000000000 0.350792803467021
5.250000000000000 0.348567487710072
5.260000000000000 0.346346552302663
5.270000000000000 0.344129994100886
5.280000000000000 0.341917809870237
5.290000000000000 0.339709996287095
5.300000000000000 0.337506549940192
5.310000000000000 0.335348456335681
5.320000000000000 0.333194633214987
5.330000000000000 0.331045077043390
5.340000000000000 0.328899784205231
5.350000000000000 0.326758751005247
5.360000000000000 0.324621973669910
5.370000000000000 0.322489448348734
5.380000000000000 0.320361171115571
5.390000000000000 0.318237137969883
5.400000000000000 0.316117344838007
5.410000000000000 0.314048246711125
5.420000000000000 0.311983278503253
5.430000000000000 0.309922436087073
5.440000000000000 0.307865715268019
5.450000000000000 0.305813111785432
5.460000000000000 0.303764621313704
5.470000000000000 0.301720239463400
5.480000000000000 0.299679961782370
5.490000000000000 0.297643783756840
5.500000000000000 0.295611700812498
5.510000000000000 0.293635802311046
5.520000000000000 0.291663875457416
5.530000000000000 0.289695915689445
5.540000000000000 0.287731918389563
5.550000000000000 0.285771878885785
5.560000000000000 0.283815792452680
5.570000000000000 0.281863654312340
5.580000000000000 0.279915459635320
5.590000000000000 0.277971203541583
5.600000000000000 0.276030881101415
5.610000000000000 0.274148547658150
5.620000000000000 0.272270019477124
5.630000000000000 0.270395291688613
5.640000000000000 0.268524359377623
5.650000000000000 0.266657217584731
5.660000000000000 0.264793861306918
5.670000000000000 0.262934285498389
5.680000000000000 0.261078485071379
5.690000000000000 0.259226454896956
5.700000000000000 0.257378189805806
5.710000000000000 0.255590989094219
5.720000000000000 0.253807417609903
5.730000000000000 0.252027470291317
5.740000000000000 0.250251142040305
5.750000000000000 0.248478427722820
5.760000000000000 0.246709322169627
5.770000000000000 0.244943820177002
5.780000000000000 0.243181916507417
5.790000000000000 0.241423605890222
5.800000000000000 0.239668883022314
5.810000000000000 0.237977041886504
5.820000000000000 0.236288648187309
5.830000000000000 0.234603696768015
5.840000000000000 0.232922182442650
5.850000000000000 0.231244099996589
5.860000000000000 0.229569444187156
5.870000000000000 0.227898209744214
5.880000000000000 0.226230391370747
5.890000000000000 0.224565983743440
5.900000000000000 0.222904981513240
5.910000000000000 0.221307991097924
5.920000000000000 0.219714263036012
5.930000000000000 0.218123792156614
5.940000000000000 0.216536573265783
5.950000000000000 0.214952601147032
5.960000000000000 0.213371870561839
5.970000000000000 0.211794376250149
5.980000000000000 0.210220112930864
5.990000000000000 0.208649075302331
6.000000000000000 0.207081258042820
6.010000000000000 0.205577504505357
6.020000000000000 0.204076828106746
6.030000000000000 0.202579223726898
6.040000000000000 0.201084686227874
6.050000000000000 0.199593210454310
6.060000000000000 0.198104791233847
6.070000000000000 0.196619423377555
6.080000000000000 0.195137101680345
6.090000000000000 0.193657820921379
6.100000000000000 0.192181575864479
6.110000000000000 0.190768297299862
6.120000000000000 0.189357913678475
6.130000000000000 0.187950419980793
6.140000000000000 0.186545811173765
6.150000000000000 0.185144082211179
6.160000000000000 0.183745228034016
6.170000000000000 0.182349243570810
6.180000000000000 0.180956123737993
6.190000000000000 0.179565863440243
6.200000000000000 0.178178457570824
6.210000000000000 0.176853220935018
6.220000000000000 0.175530699912085
6.230000000000000 0.174210889625052
6.240000000000000 0.172893785187001
6.250000000000000 0.171579381701369
6.260000000000000 0.170267674262258
6.270000000000000 0.168958657954724
6.280000000000000 0.167652327855075
6.290000000000000 0.166348679031160
6.300000000000000 0.165047706542649
6.310000000000000 0.163807476675439
6.320000000000000 0.162569787738068
6.330000000000000 0.161334635027503
6.340000000000000 0.160102013833702
6.350000000000000 0.158871919439875
6.360000000000000 0.157644347122730
6.370000000000000 0.156419292152725
6.380000000000000 0.155196749794314
6.390000000000000 0.153976715306185
6.400000000000000 0.152759183941499
6.410000000000000 0.151600655423686
6.420000000000000 0.150444498785831
6.430000000000000 0.149290709522037
6.440000000000000 0.148139283121792
6.450000000000000 0.146990215070183
6.460000000000000 0.145843500848106
6.470000000000000 0.144699135932474
6.480000000000000 0.143557115796422
6.490000000000000 0.142417435909506
6.500000000000000 0.141280091737904
6.510000000000000 0.140199514897334
6.520000000000000 0.139121147810190
6.530000000000000 0.138044986182812
6.540000000000000 0.136971025718856
6.550000000000000 0.135899262119470
6.560000000000000 0.134829691083470
6.570000000000000 0.133762308307512
6.580000000000000 0.132697109486263
6.590000000000000 0.131634090312568
6.600000000000000 0.130573246477614
6.610000000000000 0.129566643920862
6.620000000000000 0.128562096674488
6.630000000000000 0.127559600665842
6.640000000000000 0.126559151821128
6.650000000000000 0.125560746065556
6.660000000000000 0.124564379323483
6.670000000000000 0.123570047518555
6.680000000000000 0.122577746573852
6.690000000000000 0.121587472412024
6.700000000000000 0.120599220955426
6.710000000000000 0.119662995984421
6.720000000000000 0.118728678970998
6.730000000000000 0.117796266069510
6.740000000000000 0.116865753434377
6.750000000000000 0.115937137220210
6.760000000000000 0.115010413581931
6.770000000000000 0.114085578674887
6.780000000000000 0.113162628654972
6.790000000000000 0.112241559678739
6.800000000000000 0.111322367903512
6.810000000000000 0.110452524153239
6.820000000000000 0.109584449126642
6.830000000000000 0.108718139205368
6.840000000000000 0.107853590772071
6.850000000000000 0.106990800210516
6.860000000000000 0.106129763905675
6.870000000000000 0.105270478243828
6.880000000000000 0.104412939612653
6.890000000000000 0.103557144401328
6.900000000000000 0.102703089000616
6.910000000000000 0.101895797830532
6.920000000000000 0.101090144048589
6.930000000000000 0.100286124261495
6.940000000000000 0.099483735077688
6.950000000000000 0.098682973107410
6.960000000000000 0.097883834962791
6.970000000000000 0.097086317257930
6.980000000000000 0.096290416608973
6.990000000000000 0.095496129634190
7.000000000000000 0.094703452954049
7.010000000000000 0.093954983390168
7.020000000000000 0.093208027674773
7.030000000000000 0.092462582635084
7.040000000000000 0.091718645100579
7.050000000000000 0.090976211903056
7.060000000000000 0.090235279876699
7.070000000000000 0.089495845858150
7.080000000000000 0.088757906686563
7.090000000000000 0.088021459203679
7.100000000000000 0.087286500253878
7.110000000000000 0.086593169418243
7.120000000000000 0.085901236662143
7.130000000000000 0.085210699026637
7.140000000000000 0.084521553555419
7.150000000000000 0.083833797294868
7.160000000000000 0.083147427294107
7.170000000000000 0.082462440605052
7.180000000000000 0.081778834282466
7.190000000000000 0.081096605384011
7.200000000000000 0.080415750970298
7.210000000000000 0.079773910214463
7.220000000000000 0.079133359519602
7.230000000000000 0.078494096132136
7.240000000000000 0.077856117301374
7.250000000000000 0.077219420279560
7.260000000000000 0.076584002321913
7.270000000000000 0.075949860686672
7.280000000000000 0.075316992635140
7.290000000000000 0.074685395431721
7.300000000000000 0.074055066343965
7.310000000000000 0.073461352086094
7.320000000000000 0.072868827058569
7.330000000000000 0.072277488704391
7.340000000000000 0.071687334469608
7.350000000000000 0.071098361803350
7.360000000000000 0.070510568157862
7.370000000000000 0.069923950988540
7.380000000000000 0.069338507753965
7.390000000000000 0.068754235915938
7.400000000000000 0.068171132939511
7.410000000000000 0.067622389267241
7.420000000000000 0.067074740770419
7.430000000000000 0.066528185079467
7.440000000000000 0.065982719827927
7.450000000000000 0.065438342652495
7.460000000000000 0.064895051193044
7.470000000000000 0.064352843092656
7.480000000000000 0.063811715997646
7.490000000000000 0.063271667557592
7.500000000000000 0.062732695425357
7.510000000000000 0.062225743061501
7.520000000000000 0.061719798647859
7.530000000000000 0.061214859991880
7.540000000000000 0.060710924904153
7.550000000000000 0.060207991198427
7.560000000000000 0.059706056691635
7.570000000000000 0.059205119203914
7.580000000000000 0.058705176558631
7.590000000000000 0.058206226582399
7.600000000000000 0.057708267105101
7.610000000000000 0.057239966491283
7.620000000000000 0.056772593342154
7.630000000000000 0.056306145631075
7.640000000000000 0.055840621334510
7.650000000000000 0.055376018432053
7.660000000000000 0.054912334906440
7.670000000000000 0.054449568743567
7.680000000000000 0.053987717932509
7.690000000000000 0.053526780465534
7.700000000000000 0.053066754338121
7.710000000000000 0.052634536383347
7.720000000000000 0.052203170965444
7.730000000000000 0.051772656214468
7.740000000000000 0.051342990263517
7.750000000000000 0.050914171248740
7.760000000000000 0.050486197309355
7.770000000000000 0.050059066587657
7.780000000000000 0.049632777229037
7.790000000000000 0.049207327381991
7.800000000000000 0.048782715198135
7.810000000000000 0.048383960209388
7.820000000000000 0.047985988474382
7.830000000000000 0.047588798269825
7.840000000000000 0.047192387875369
7.850000000000000 0.046796755573620
7.860000000000000 0.046401899650147
7.870000000000000 0.046007818393495
7.880000000000000 0.045614510095191
7.890000000000000 0.045221973049758
7.900000000000000 0.044830205554724
7.910000000000000 0.044462442776514
7.920000000000000 0.044095399287832
7.930000000000000 0.043729073502197
7.940000000000000 0.043363463835954
7.950000000000000 0.042998568708285
7.960000000000000 0.042634386541213
7.970000000000000 0.042270915759615
7.980000000000000 0.041908154791225
7.990000000000000 0.041546102066642
8.000000000000000 0.041184756019339
8.010000000000000 0.040845579723318
8.020000000000000 0.040507063912178
8.029999999999999 0.040169207126328
8.039999999999999 0.039832007908872
8.050000000000001 0.039495464805623
8.060000000000000 0.039159576365102
8.070000000000000 0.038824341138547
8.080000000000000 0.038489757679921
8.090000000000000 0.038155824545911
8.100000000000000 0.037822540295939
8.109999999999999 0.037509889604146
8.119999999999999 0.037197845030393
8.130000000000001 0.036886405233334
8.140000000000001 0.036575568874188
8.150000000000000 0.036265334616736
8.160000000000000 0.035955701127331
8.170000000000000 0.035646667074902
8.180000000000000 0.035338231130954
8.190000000000000 0.035030391969575
8.199999999999999 0.034723148267436
8.210000000000001 0.034435007840026
8.220000000000001 0.034147423481641
8.230000000000000 0.033860393960519
8.240000000000000 0.033573918047321
8.250000000000000 0.033287994515127
8.260000000000000 0.033002622139447
8.270000000000000 0.032717799698216
8.279999999999999 0.032433525971802
8.289999999999999 0.032149799743005
8.300000000000001 0.031866619797061
8.310000000000000 0.031601167651266
8.320000000000000 0.031336225428675
8.330000000000000 0.031071791999150
8.340000000000000 0.030807866234827
8.350000000000000 0.030544447010124
8.359999999999999 0.030281533201734
8.369999999999999 0.030019123688634
8.380000000000001 0.029757217352085
8.390000000000001 0.029495813075629
8.400000000000000 0.029234909745096
8.410000000000000 0.028990365669521
8.420000000000000 0.028746289161212
8.430000000000000 0.028502679183751
8.440000000000000 0.028259534702854
8.449999999999999 0.028016854686371
8.460000000000001 0.027774638104287
8.470000000000001 0.027532883928725
8.480000000000000 0.027291591133944
8.490000000000000 0.027050758696341
8.500000000000000 0.026810385594450
8.510000000000000 0.026585089020150
8.520000000000000 0.026360221180023
8.529999999999999 0.026135781123920
8.539999999999999 0.025911767903684
8.550000000000001 0.025688180573154
8.560000000000000 0.025465018188164
8.570000000000000 0.025242279806543
8.580000000000000 0.025019964488115
8.590000000000000 0.024798071294699
8.600000000000000 0.024576599290109
8.609999999999999 0.024369138188718
8.619999999999999 0.024162069995562
8.630000000000001 0.023955393840352
8.640000000000001 0.023749108854653
8.650000000000000 0.023543214171891
8.660000000000000 0.023337708927350
8.670000000000000 0.023132592258173
8.680000000000000 0.022927863303356
8.690000000000000 0.022723521203755
8.699999999999999 0.022519565102083
8.710000000000001 0.022328524838641
8.720000000000001 0.022137844641648
8.730000000000000 0.021947523714214
8.740000000000000 0.021757561261179
8.750000000000000 0.021567956489108
8.760000000000000 0.021378708606295
8.770000000000000 0.021189816822757
8.779999999999999 0.021001280350241
8.789999999999999 0.020813098402212
8.800000000000001 0.020625270193864
8.810000000000000 0.020449315638414
8.820000000000000 0.020273691108991
8.830000000000000 0.020098395875986
8.840000000000000 0.019923429211394
8.850000000000000 0.019748790388813
8.859999999999999 0.019574478683442
8.869999999999999 0.019400493371684
8.880000000000001 0.019226833732742
8.890000000000001 0.019053499046211
8.900000000000000 0.018880488594070
8.910000000000000 0.018718529729066
8.920000000000000 0.018556873153068
8.930000000000000 0.018395518198692
8.940000000000000 0.018234464200035
8.949999999999999 0.018073710492681
8.960000000000001 0.017913256413695
8.970000000000001 0.017753101301623
8.980000000000000 0.017593244496491
8.990000000000000 0.017433685339806
9.000000000000000 0.017274423174548
9.010000000000000 0.017125351260221
9.020000000000000 0.016976556213070
9.029999999999999 0.016828037422799
9.039999999999999 0.016679794280488
9.050000000000001 0.016531826178586
9.060000000000000 0.016384132510911
9.070000000000000 0.016236712672652
9.080000000000000 0.016089566060363
9.090000000000000 0.015942692071963
9.100000000000000 0.015796090106739
9.109999999999999 0.015658793233923
9.119999999999999 0.015521750102265
9.130000000000001 0.015384960153444
9.140000000000001 0.015248422830402
9.150000000000000 0.015112137577351
9.160000000000000 0.014976103839765
9.170000000000000 0.014840321064383
9.180000000000000 0.014704788699207
9.190000000000000 0.014569506193496
9.199999999999999 0.014434472997770
9.210000000000001 0.014308094620109
9.220000000000001 0.014181948646786
9.230000000000000 0.014056034567440
9.240000000000000 0.013930351872879
9.250000000000000 0.013804900055077
9.260000000000000 0.013679678607177
9.270000000000000 0.013554687023482
9.279999999999999 0.013429924799460
9.289999999999999 0.013305391431740
9.300000000000001 0.013181086418109
9.310000000000000 0.013064771495745
9.320000000000000 0.012948669407248
9.330000000000000 0.012832779686246
9.340000000000000 0.012717101867441
9.350000000000000 0.012601635486612
9.359999999999999 0.012486380080608
9.369999999999999 0.012371335187353
9.380000000000001 0.012256500345836
9.390000000000001 0.012141875096119
9.400000000000000 0.012027458979328
9.410000000000000 0.011920342042764
9.420000000000000 0.011813420134790
9.430000000000000 0.011706692829041
9.440000000000000 0.011600159700140
9.449999999999999 0.011493820323699
9.460000000000001 0.011387674276319
9.470000000000001 0.011281721135584
9.480000000000000 0.011175960480064
9.490000000000000 0.011070391889310
9.500000000000000 0.010965014943857
9.510000000000000 0.010866434613193
9.520000000000000 0.010768032872169
9.529999999999999 0.010669809331326
9.539999999999999 0.010571763602112
9.550000000000001 0.010473895296888
9.560000000000000 0.010376204028916
9.570000000000000 0.010278689412369
9.580000000000000 0.010181351062320
9.590000000000000 0.010084188594746
9.600000000000000 0.009987201626523
9.609999999999999 0.009896425791401
9.619999999999999 0.009805813587295
9.630000000000001 0.009715364658296
9.640000000000001 0.009625078649334
9.650000000000000 0.009534955206170
9.660000000000000 0.009444993975402
9.670000000000000 0.009355194604456
9.680000000000000 0.009265556741587
9.690000000000000 0.009176080035883
9.699999999999999 0.009086764137254
9.710000000000001 0.009003206789301
9.720000000000001 0.008919799308403
9.730000000000000 0.008836541369487
9.740000000000000 0.008753432648243
9.750000000000000 0.008670472821129
9.760000000000000 0.008587661565365
9.770000000000000 0.008504998558935
9.779999999999999 0.008422483480584
9.789999999999999 0.008340116009815
9.800000000000001 0.008257895826891
9.810000000000000 0.008180949819452
9.820000000000000 0.008104141133605
9.830000000000000 0.008027469472336
9.840000000000000 0.007950934539339
9.850000000000000 0.007874536039006
9.859999999999999 0.007798273676431
9.869999999999999 0.007722147157407
9.880000000000001 0.007646156188425
9.890000000000001 0.007570300476672
9.900000000000000 0.007494579730032
9.910000000000000 0.007423712456410
9.920000000000000 0.007352971027140
9.930000000000000 0.007282355170840
9.940000000000000 0.007211864616774
9.949999999999999 0.007141499094850
9.960000000000001 0.007071258335616
9.970000000000001 0.007001142070262
9.980000000000000 0.006931150030618
9.990000000000000 0.006861281949152
10.000000000000000 0.006791537558967
