0.000000000000000 0.000000000000000
0.010000000000000 0.000254731626508
0.020000000000000 0.001013366002145
0.030000000000000 0.002267441485910
0.040000000000000 0.004008344778273
0.050000000000000 0.006227322800451
0.060000000000000 0.008915494522895
0.070000000000000 0.012063862716700
0.080000000000000 0.015663325602727
0.090000000000000 0.019704688374435
0.100000000000000 0.024178674571659
0.110000000000000 0.029023032184132
0.120000000000000 0.034262272984128
0.130000000000000 0.039884901104269
0.140000000000000 0.045879473258184
0.150000000000000 0.052234608098574
0.160000000000000 0.058938995224583
0.170000000000000 0.065981403830198
0.180000000000000 0.073350690986859
0.190000000000000 0.081035809554817
0.200000000000000 0.089025815719126
0.210000000000000 0.097156550544127
0.220000000000000 0.105543926702481
0.230000000000000 0.114176137157043
0.240000000000000 0.123041574692724
0.250000000000000 0.132128836178655
0.260000000000000 0.141426726413249
0.270000000000000 0.150924261560169
0.280000000000000 0.160610672184072
0.290000000000000 0.170475405895651
0.300000000000000 0.180508129616174
0.310000000000000 0.190448174509810
0.320000000000000 0.200508683044169
0.330000000000000 0.210679388080944
0.340000000000000 0.220950295350428
0.350000000000000 0.231311682663009
0.360000000000000 0.241754098803825
0.370000000000000 0.252268362126093
0.380000000000000 0.262845558858656
0.390000000000000 0.273477041143219
0.400000000000000 0.284154424816704
0.410000000000000 0.294559508341081
0.420000000000000 0.304970597363606
0.430000000000000 0.315379866041101
0.440000000000000 0.325779770463042
0.450000000000000 0.336163044363581
0.460000000000000 0.346522694676128
0.470000000000000 0.356851996945436
0.480000000000000 0.367144490611660
0.490000000000000 0.377393974180432
0.500000000000000 0.387594500292444
0.510000000000000 0.397421067534909
0.520000000000000 0.407169237628784
0.530000000000000 0.416833777583199
0.540000000000000 0.426409703993161
0.550000000000000 0.435892277120236
0.560000000000000 0.445276994955979
0.570000000000000 0.454559587278426
0.580000000000000 0.463736009711424
0.590000000000000 0.472802437796010
0.600000000000000 0.481755261082505
0.610000000000000 0.490311393011503
0.620000000000000 0.498735002493901
0.630000000000000 0.507023143520741
0.640000000000000 0.515173068287261
0.650000000000000 0.523182221121649
0.660000000000000 0.531048232485710
0.670000000000000 0.538768913052645
0.680000000000000 0.546342247866708
0.690000000000000 0.553766390589050
0.700000000000000 0.561039657833641
0.710000000000000 0.567953366508987
0.720000000000000 0.574706125457039
0.730000000000000 0.581296770386395
0.740000000000000 0.587724281151344
0.750000000000000 0.593987776402926
0.760000000000000 0.600086508351415
0.770000000000000 0.606019857641522
0.780000000000000 0.611787328341423
0.790000000000000 0.617388543046380
0.800000000000000 0.622823238097499
0.810000000000000 0.627976199550002
0.820000000000000 0.632959253236114
0.830000000000000 0.637772487421116
0.840000000000000 0.642416086912569
0.850000000000000 0.646890328791179
0.860000000000000 0.651195578257888
0.870000000000000 0.655332284596284
0.880000000000000 0.659300977249320
0.890000000000000 0.663102262009141
0.900000000000000 0.666736817318757
0.910000000000000 0.670180949593591
0.920000000000000 0.673459366709084
0.930000000000000 0.676572951915052
0.940000000000000 0.679522647469040
0.950000000000000 0.682309451465872
0.960000000000000 0.684934414769704
0.970000000000000 0.687398638046748
0.980000000000000 0.689703268896741
0.990000000000000 0.691849499081207
1.000000000000000 0.693838561846552
1.010000000000000 0.695742727283823
1.020000000000000 0.697493598118945
1.030000000000000 0.699092495392015
1.040000000000000 0.700540771818593
1.050000000000000 0.701839809571556
1.060000000000000 0.702991018144767
1.070000000000000 0.703995832296549
1.080000000000000 0.704855710070904
1.090000000000000 0.705572130894493
1.100000000000000 0.706146593747350
1.110000000000000 0.706727475140698
1.120000000000000 0.707171636050642
1.130000000000000 0.707480583442512
1.140000000000000 0.707655837388584
1.150000000000000 0.707698929596490
1.160000000000000 0.707611401998690
1.170000000000000 0.707394805401215
1.180000000000000 0.707050698189883
1.190000000000000 0.706580645092243
1.200000000000000 0.705986215993523
1.210000000000000 0.705479964656675
1.220000000000000 0.704855069191251
1.230000000000000 0.704113056463402
1.240000000000000 0.703255454658693
1.250000000000000 0.702283792357967
1.260000000000000 0.701199597656563
1.270000000000000 0.700004397325434
1.280000000000000 0.698699716012746
1.290000000000000 0.697287075484580
1.300000000000000 0.695767993903383
1.310000000000000 0.694402541369432
1.320000000000000 0.692936271603838
1.330000000000000 0.691370631632449
1.340000000000000 0.689707062899975
1.350000000000000 0.687947000726761
1.360000000000000 0.686091873795113
1.370000000000000 0.684143103664075
1.380000000000000 0.682102104311613
1.390000000000000 0.679970281703189
1.400000000000000 0.677749033385720
1.410000000000000 0.675732937427325
1.420000000000000 0.673632607955051
1.430000000000000 0.671449358761693
1.440000000000000 0.669184494486514
1.450000000000000 0.666839310325419
1.460000000000000 0.664415091760553
1.470000000000000 0.661913114308536
1.480000000000000 0.659334643286613
1.490000000000000 0.656680933595976
1.500000000000000 0.653953229521551
1.510000000000000 0.651464565416640
1.520000000000000 0.648906475859289
1.530000000000000 0.646280119663505
1.540000000000000 0.643586645057606
1.550000000000000 0.640827189555734
1.560000000000000 0.638002879841699
1.570000000000000 0.635114831664610
1.580000000000000 0.632164149745803
1.590000000000000 0.629151927696534
1.600000000000000 0.626079247945991
1.610000000000000 0.623267691148662
1.620000000000000 0.620399579370602
1.630000000000000 0.617475913798708
1.640000000000000 0.614497684904264
1.650000000000000 0.611465872412338
1.660000000000000 0.608381445278733
1.670000000000000 0.605245361674080
1.680000000000000 0.602058568974775
1.690000000000000 0.598822003760393
1.700000000000000 0.595536591817280
1.710000000000000 0.592527764816182
1.720000000000000 0.589473362298195
1.730000000000000 0.586374235773097
1.740000000000000 0.583231226646156
1.750000000000000 0.580045166243258
1.760000000000000 0.576816875840394
1.770000000000000 0.573547166697296
1.780000000000000 0.570236840094967
1.790000000000000 0.566886687376910
1.800000000000000 0.563497489993837
1.810000000000000 0.560388488293626
1.820000000000000 0.557243115695656
1.830000000000000 0.554062088233271
1.840000000000000 0.550846112810742
1.850000000000000 0.547595887257097
1.860000000000000 0.544312100382275
1.870000000000000 0.540995432035504
1.880000000000000 0.537646553165715
1.890000000000000 0.534266125883894
1.900000000000000 0.530854803527206
1.910000000000000 0.527720990941716
1.920000000000000 0.524558431404022
1.930000000000000 0.521367721867477
1.940000000000000 0.518149451267441
1.950000000000000 0.514904200587101
1.960000000000000 0.511632542924396
1.970000000000000 0.508335043559947
1.980000000000000 0.505012260025898
1.990000000000000 0.501664742175604
2.000000000000000 0.498293032254063
2.010000000000000 0.495191614651469
2.020000000000000 0.492067703619070
2.030000000000000 0.488921793556580
2.040000000000000 0.485754371958224
2.050000000000000 0.482565919480710
2.060000000000000 0.479356910011576
2.070000000000000 0.476127810737816
2.080000000000000 0.472879082214768
2.090000000000000 0.469611178435182
2.100000000000000 0.466324546898446
2.110000000000000 0.463298617086602
2.120000000000000 0.460255282920686
2.130000000000000 0.457194951709185
2.140000000000000 0.454118024897018
2.150000000000000 0.451024898130218
2.160000000000000 0.447915961320545
2.170000000000000 0.444791598710005
2.180000000000000 0.441652188935228
2.190000000000000 0.438498105091692
2.200000000000000 0.435329714797760
2.210000000000000 0.432409314790251
2.220000000000000 0.429475620609068
2.230000000000000 0.426528966473499
2.240000000000000 0.423569681674447
2.250000000000000 0.420598090633123
2.260000000000000 0.417614512959443
2.270000000000000 0.414619263510120
2.280000000000000 0.411612652446436
2.290000000000000 0.408594985291671
2.300000000000000 0.405566562988180
2.310000000000000 0.402772950439780
2.320000000000000 0.399969342606146
2.330000000000000 0.397156012817140
2.340000000000000 0.394333230292036
2.350000000000000 0.391501260191161
2.360000000000000 0.388660363667153
2.370000000000000 0.385810797915820
2.380000000000000 0.382952816226600
2.390000000000000 0.380086668032604
2.400000000000000 0.377212598960249
2.410000000000000 0.374558457958311
2.420000000000000 0.371896952129202
2.430000000000000 0.369228304443844
2.440000000000000 0.366552734463456
2.450000000000000 0.363870458384076
2.460000000000000 0.361181689080664
2.470000000000000 0.358486636150797
2.480000000000000 0.355785505957934
2.490000000000000 0.353078501674270
2.500000000000000 0.350365823323156
2.510000000000000 0.347857966763529
2.520000000000000 0.345344830214837
2.530000000000000 0.342826595194450
2.540000000000000 0.340303440402744
2.550000000000000 0.337775541760928
2.560000000000000 0.335243072448478
2.570000000000000 0.332706202940161
2.580000000000000 0.330165101042674
2.590000000000000 0.327619931930867
2.600000000000000 0.325070858183580
2.610000000000000 0.322711956762398
2.620000000000000 0.320349417356822
2.630000000000000 0.317983387471421
2.640000000000000 0.315614012290365
2.650000000000000 0.313241434709235
2.660000000000000 0.310865795366471
2.670000000000000 0.308487232674457
2.680000000000000 0.306105882850238
2.690000000000000 0.303721879945877
2.700000000000000 0.301335355878458
2.710000000000000 0.299124747900561
2.720000000000000 0.296911786145134
2.730000000000000 0.294696590286348
2.740000000000000 0.292479278091075
2.750000000000000 0.290259965445443
2.760000000000000 0.288038766381059
2.770000000000000 0.285815793100920
2.780000000000000 0.283591156004997
2.790000000000000 0.281364963715509
2.800000000000000 0.279137323101876
2.810000000000000 0.277071814367197
2.820000000000000 0.275004948332522
2.830000000000000 0.272936821951540
2.840000000000000 0.270867530612427
2.850000000000000 0.268797168159888
2.860000000000000 0.266725826916918
2.870000000000000 0.264653597706285
2.880000000000000 0.262580569871737
2.890000000000000 0.260506831298940
2.900000000000000 0.258432468436138
2.910000000000000 0.256507354942630
2.920000000000000 0.254581650028892
2.930000000000000 0.252655432124452
2.940000000000000 0.250728778375121
2.950000000000000 0.248801764661224
2.960000000000000 0.246874465615584
2.970000000000000 0.244946954641267
2.980000000000000 0.243019303929101
2.990000000000000 0.241091584474959
3.000000000000000 0.239163866096809
3.010000000000000 0.237373170155999
3.020000000000000 0.235582464718322
3.030000000000000 0.233791813131933
3.040000000000000 0.232001277692927
3.050000000000000 0.230210919660362
3.060000000000000 0.228420799271089
3.070000000000000 0.226630975754374
3.080000000000000 0.224841507346328
3.090000000000000 0.223052451304139
3.100000000000000 0.221263863920117
3.110000000000000 0.219601045312910
3.120000000000000 0.217938652728281
3.130000000000000 0.216276737244677
3.140000000000000 0.214615349078613
3.150000000000000 0.212954537597036
3.160000000000000 0.211294351329519
3.170000000000000 0.209634837980291
3.180000000000000 0.207976044440106
3.190000000000000 0.206318016797940
3.200000000000000 0.204660800352540
3.210000000000000 0.203118745167659
3.220000000000000 0.201577435757823
3.230000000000000 0.200036913230130
3.240000000000000 0.198497217985534
3.250000000000000 0.196958389729005
3.260000000000000 0.195420467479551
3.270000000000000 0.193883489580104
3.280000000000000 0.192347493707259
3.290000000000000 0.190812516880896
3.300000000000000 0.189278595473653
3.310000000000000 0.187849968276622
3.320000000000000 0.186422315477895
3.330000000000000 0.184995670087388
3.340000000000000 0.183570064536407
3.350000000000000 0.182145530685992
3.360000000000000 0.180722099835145
3.370000000000000 0.179299802728945
3.380000000000000 0.177878669566552
3.390000000000000 0.176458730009095
3.400000000000000 0.175040013187455
3.410000000000000 0.173717645543239
3.420000000000000 0.172396409287846
3.430000000000000 0.171076330858141
3.440000000000000 0.169757436216781
3.450000000000000 0.168439750859063
3.460000000000000 0.167123299819680
3.470000000000000 0.165808107679383
3.480000000000000 0.164494198571550
3.490000000000000 0.163181596188657
3.500000000000000 0.161870323788673
3.510000000000000 0.160647129567642
3.520000000000000 0.159425167948897
3.530000000000000 0.158204460037635
3.540000000000000 0.156985026550288
3.550000000000000 0.155766887820145
3.560000000000000 0.154550063802898
3.570000000000000 0.153334574082109
3.580000000000000 0.152120437874603
3.590000000000000 0.150907674035786
3.600000000000000 0.149696301064879
3.610000000000000 0.148565389144652
3.620000000000000 0.147435767934647
3.630000000000000 0.146307454218724
3.640000000000000 0.145180464461900
3.650000000000000 0.144054814814978
3.660000000000000 0.142930521119092
3.670000000000000 0.141807598910199
3.680000000000000 0.140686063423508
3.690000000000000 0.139565929597844
3.700000000000000 0.138447212079949
3.710000000000000 0.137402010611800
3.720000000000000 0.136358124866351
3.730000000000000 0.135315568127633
3.740000000000000 0.134274353418098
3.750000000000000 0.133234493502402
3.760000000000000 0.132196000891155
3.770000000000000 0.131158887844604
3.780000000000000 0.130123166376273
3.790000000000000 0.129088848256545
3.800000000000000 0.128055945016201
3.810000000000000 0.127090391839932
3.820000000000000 0.126126153961383
3.830000000000000 0.125163241831843
3.840000000000000 0.124201665687941
3.850000000000000 0.123241435554770
3.860000000000000 0.122282561248957
3.870000000000000 0.121325052381694
3.880000000000000 0.120368918361732
3.890000000000000 0.119414168398322
3.900000000000000 0.118460811504123
3.910000000000000 0.117568852166928
3.920000000000000 0.116678189217713
3.930000000000000 0.115788830819574
3.940000000000000 0.114900784959381
3.950000000000000 0.114014059450343
3.960000000000000 0.113128661934538
3.970000000000000 0.112244599885403
3.980000000000000 0.111361880610194
3.990000000000000 0.110480511252415
4.000000000000000 0.109600498794201
4.010000000000000 0.108776513689003
4.020000000000000 0.107953792467635
4.030000000000000 0.107132341447112
4.040000000000000 0.106312166799723
4.050000000000000 0.105493274555145
4.060000000000000 0.104675670602525
4.070000000000000 0.103859360692531
4.080000000000000 0.103044350439378
4.090000000000000 0.102230645322823
4.100000000000000 0.101418250690133
4.110000000000000 0.100657067006486
4.120000000000000 0.099897104885521
4.130000000000000 0.099138369157181
4.140000000000000 0.098380864532534
4.150000000000000 0.097624595605514
4.160000000000000 0.096869566854633
4.170000000000000 0.096115782644672
4.180000000000000 0.095363247228353
4.190000000000000 0.094611964747980
4.200000000000000 0.093861939237066
4.210000000000000 0.093158888209761
4.220000000000000 0.092457009382936
4.230000000000000 0.091756306391035
4.240000000000000 0.091056782770868
4.250000000000000 0.090358441963040
4.260000000000000 0.089661287313371
4.270000000000000 0.088965322074285
4.280000000000000 0.088270549406191
4.290000000000000 0.087576972378836
4.300000000000000 0.086884593972645
4.310000000000000 0.086235180150452
4.320000000000000 0.085586884853071
4.330000000000000 0.084939710756905
4.340000000000000 0.084293660458170
4.350000000000000 0.083648736474074
4.360000000000000 0.083004941243991
4.370000000000000 0.082362277130604
4.380000000000000 0.081720746421048
4.390000000000000 0.081080351328021
4.400000000000000 0.080441093990899
4.410000000000000 0.079841048426716
4.420000000000000 0.079242065466927
4.430000000000000 0.078644147022820
4.440000000000000 0.078047294939825
4.450000000000000 0.077451510998492
4.460000000000000 0.076856796915460
4.470000000000000 0.076263154344401
4.480000000000000 0.075670584876966
4.490000000000000 0.075079090043703
4.500000000000000 0.074488671314975
4.510000000000000 0.073934205555495
4.520000000000000 0.073380745311924
4.530000000000000 0.072828291886897
4.540000000000000 0.072276846528989
4.550000000000000 0.071726410433520
4.560000000000000 0.071176984743351
4.570000000000000 0.070628570549675
4.580000000000000 0.070081168892789
4.590000000000000 0.069534780762860
4.600000000000000 0.068989407100679
4.610000000000000 0.068476959949833
4.620000000000000 0.067965461270909
4.630000000000000 0.067454911884904
4.640000000000000 0.066945312568460
4.650000000000000 0.066436664054529
4.660000000000000 0.065928967033033
4.670000000000000 0.065422222151516
4.680000000000000 0.064916430015788
4.690000000000000 0.064411591190554
4.700000000000000 0.063907706200040
4.710000000000000 0.063433969464406
4.720000000000000 0.062961125053819
4.730000000000000 0.062489173410562
4.740000000000000 0.062018114940546
4.750000000000000 0.061547950013869
4.760000000000000 0.061078678965361
4.770000000000000 0.060610302095120
4.780000000000000 0.060142819669049
4.790000000000000 0.059676231919376
4.800000000000000 0.059210539045173
4.810000000000000 0.058772501230150
4.820000000000000 0.058335300995667
4.830000000000000 0.057898938488641
4.840000000000000 0.057463413826199
4.850000000000000 0.057028727096140
4.860000000000000 0.056594878357385
4.870000000000000 0.056161867640428
4.880000000000000 0.055729694947773
4.890000000000000 0.055298360254369
4.900000000000000 0.054867863508042
4.910000000000000 0.054462720343962
4.920000000000000 0.054058361905926
4.930000000000000 0.053654788112824
4.940000000000000 0.053251998859182
4.950000000000000 0.052849994015534
4.960000000000000 0.052448773428807
4.970000000000000 0.052048336922684
4.980000000000000 0.051648684297978
4.990000000000000 0.051249815332984
5.000000000000000 0.050851729783839
5.010000000000000 0.050476927756445
5.020000000000000 0.050102859715261
5.030000000000000 0.049729525405530
5.040000000000000 0.049356924552593
5.050000000000000 0.048985056862214
5.060000000000000 0.048613922020878
5.070000000000000 0.048243519696107
5.080000000000000 0.047873849536762
5.090000000000000 0.047504911173342
5.100000000000000 0.047136704218281
5.110000000000000 0.046789877598128
5.120000000000000 0.046443736559985
5.130000000000000 0.046098280719195
5.140000000000000 0.045753509674879
5.150000000000000 0.045409423010203
5.160000000000000 0.045066020292633
5.170000000000000 0.044723301074196
5.180000000000000 0.044381264891727
5.190000000000000 0.044039911267122
5.200000000000000 0.043699239707579
5.210000000000000 0.043378225393366
5.220000000000000 0.043057850667781
5.230000000000000 0.042738115051404
5.240000000000000 0.042419018051629
5.250000000000000 0.042100559162886
5.260000000000000 0.041782737866848
5.270000000000000 0.041465553632653
5.280000000000000 0.041149005917104
5.290000000000000 0.040833094164884
5.300000000000000 0.040517817808756
5.310000000000000 0.040220580446171
5.320000000000000 0.039923939234685
5.330000000000000 0.039627893628087
5.340000000000000 0.039332443069476
5.350000000000000 0.039037586991445
5.360000000000000 0.038743324816262
5.370000000000000 0.038449655956040
5.380000000000000 0.038156579812921
5.390000000000000 0.037864095779239
5.400000000000000 0.037572203237695
5.410000000000000 0.037296936710810
5.420000000000000 0.037022225300553
5.430000000000000 0.036748068416366
5.440000000000000 0.036474465459061
5.450000000000000 0.036201415820969
5.460000000000000 0.035928918886094
5.470000000000000 0.035656974030254
5.480000000000000 0.035385580621230
5.490000000000000 0.035114738018910
5.500000000000000 0.034844445575424
5.510000000000000 0.034589394819290
5.520000000000000 0.034334860721599
5.530000000000000 0.034080842664914
5.540000000000000 0.033827340024856
5.550000000000000 0.033574352170239
5.560000000000000 0.033321878463184
5.570000000000000 0.033069918259251
5.580000000000000 0.032818470907551
5.590000000000000 0.032567535750870
5.600000000000000 0.032317112125787
5.610000000000000 0.032080792334058
5.620000000000000 0.031844952961716
5.630000000000000 0.031609593378593
5.640000000000000 0.031374712948976
5.650000000000000 0.031140311031711
5.660000000000000 0.030906386980307
5.670000000000000 0.030672940143039
5.680000000000000 0.030439969863043
5.690000000000000 0.030207475478423
5.700000000000000 0.029975456322342
5.710000000000000 0.029756405803043
5.720000000000000 0.029537801823414
5.730000000000000 0.029319643751280
5.740000000000000 0.029101930950067
5.750000000000000 0.028884662778884
5.760000000000000 0.028667838592611
5.770000000000000 0.028451457741986
5.780000000000000 0.028235519573684
5.790000000000000 0.028020023430404
5.800000000000000 0.027804968650948
5.810000000000000 0.027601886811355
5.820000000000000 0.027399219795563
5.830000000000000 0.027196966977804
5.840000000000000 0.026995127728842
5.850000000000000 0.026793701416051
5.860000000000000 0.026592687403486
5.870000000000000 0.026392085051951
5.880000000000000 0.026191893719072
5.890000000000000 0.025992112759364
5.900000000000000 0.025792741524297
5.910000000000000 0.025604385417109
5.920000000000000 0.025416414583483
5.930000000000000 0.025228828410261
5.940000000000000 0.025041626281586
5.950000000000000 0.024854807578969
5.960000000000000 0.024668371681341
5.970000000000000 0.024482317965117
5.980000000000000 0.024296645804254
5.990000000000000 0.024111354570304
6.000000000000000 0.023926443632473
6.010000000000000 0.023751687827911
6.020000000000000 0.023577289760107
6.030000000000000 0.023403248833178
6.040000000000000 0.023229564449174
6.050000000000000 0.023056236008124
6.060000000000000 0.022883262908089
6.070000000000000 0.022710644545210
6.080000000000000 0.022538380313756
6.090000000000000 0.022366469606171
6.100000000000000 0.022194911813121
6.110000000000000 0.022032771847564
6.120000000000000 0.021870963873191
6.130000000000000 0.021709487314984
6.140000000000000 0.021548341596371
6.150000000000000 0.021387526139259
6.160000000000000 0.021227040364085
6.170000000000000 0.021066883689850
6.180000000000000 0.020907055534161
6.190000000000000 0.020747555313271
6.200000000000000 0.020588382442119
6.210000000000000 0.020437897369355
6.220000000000000 0.020287720350836
6.230000000000000 0.020137850834716
6.240000000000000 0.019988288268004
6.250000000000000 0.019839032096603
6.260000000000000 0.019690081765343
6.270000000000000 0.019541436718012
6.280000000000000 0.019393096397396
6.290000000000000 0.019245060245304
6.300000000000000 0.019097327702606
6.310000000000000 0.018957641711701
6.320000000000000 0.018818241474251
6.330000000000000 0.018679126463184
6.340000000000000 0.018540296150621
6.350000000000000 0.018401750007907
6.360000000000000 0.018263487505636
6.370000000000000 0.018125508113684
6.380000000000000 0.017987811301231
6.390000000000000 0.017850396536793
6.400000000000000 0.017713263288247
6.410000000000000 0.017583534655868
6.420000000000000 0.017454071126053
6.430000000000000 0.017324872197210
6.440000000000000 0.017195937367212
6.450000000000000 0.017067266133419
6.460000000000000 0.016938857992705
6.470000000000000 0.016810712441478
6.480000000000000 0.016682828975705
6.490000000000000 0.016555207090933
6.500000000000000 0.016427846282314
6.510000000000000 0.016307366769850
6.520000000000000 0.016187133106769
6.530000000000000 0.016067144817465
6.540000000000000 0.015947401426012
6.550000000000000 0.015827902456186
6.560000000000000 0.015708647431482
6.570000000000000 0.015589635875136
6.580000000000000 0.015470867310144
6.590000000000000 0.015352341259278
6.600000000000000 0.015234057245108
6.610000000000000 0.015122135689009
6.620000000000000 0.015010442118294
6.630000000000000 0.014898976083262
6.640000000000000 0.014787737134065
6.650000000000000 0.014676724820726
6.660000000000000 0.014565938693152
6.670000000000000 0.014455378301155
6.680000000000000 0.014345043194462
6.690000000000000 0.014234932922736
6.700000000000000 0.014125047035588
6.710000000000000 0.014021072653717
6.720000000000000 0.013917309632463
6.730000000000000 0.013813757547768
6.740000000000000 0.013710415975563
6.750000000000000 0.013607284491782
6.760000000000000 0.013504362672374
6.770000000000000 0.013401650093318
6.780000000000000 0.013299146330637
6.790000000000000 0.013196850960407
6.800000000000000 0.013094763558774
6.810000000000000 0.012998130106225
6.820000000000000 0.012901692636036
6.830000000000000 0.012805450749089
6.840000000000000 0.012709404046363
6.850000000000000 0.012613552128944
6.860000000000000 0.012517894598035
6.870000000000000 0.012422431054965
6.880000000000000 0.012327161101205
6.890000000000000 0.012232084338373
6.900000000000000 0.012137200368250
6.910000000000000 0.012047382117544
6.920000000000000 0.011957745559266
6.930000000000000 0.011868290318532
6.940000000000000 0.011779016020636
6.950000000000000 0.011689922291058
6.960000000000000 0.011601008755471
6.970000000000000 0.011512275039752
6.980000000000000 0.011423720769991
6.990000000000000 0.011335345572499
7.000000000000000 0.011247149073816
7.010000000000000 0.011163664991225
7.020000000000000 0.011080349314797
7.030000000000000 0.010997201693068
7.040000000000000 0.010914221774810
7.050000000000000 0.010831409209042
7.060000000000000 0.010748763645033
7.070000000000000 0.010666284732315
7.080000000000000 0.010583972120683
7.090000000000000 0.010501825460209
7.100000000000000 0.010419844401246
7.110000000000000 0.010342234243512
7.120000000000000 0.010264780172638
7.130000000000000 0.010187481859601
7.140000000000000 0.010110338975655
7.150000000000000 0.010033351192346
7.160000000000000 0.009956518181513
7.170000000000000 0.009879839615295
7.180000000000000 0.009803315166139
7.190000000000000 0.009726944506802
7.200000000000000 0.009650727310362
7.210000000000000 0.009578558229457
7.220000000000000 0.009506533830278
7.230000000000000 0.009434653805170
7.240000000000000 0.009362917846791
7.250000000000000 0.009291325648118
7.260000000000000 0.009219876902453
7.270000000000000 0.009148571303425
7.280000000000000 0.009077408544996
7.290000000000000 0.009006388321470
7.300000000000000 0.008935510327489
7.310000000000000 0.008868400144656
7.320000000000000 0.008801424049793
7.330000000000000 0.008734581755605
7.340000000000000 0.008667872975132
7.350000000000000 0.008601297421751
7.360000000000000 0.008534854809185
7.370000000000000 0.008468544851501
7.380000000000000 0.008402367263117
7.390000000000000 0.008336321758806
7.400000000000000 0.008270408053699
7.410000000000000 0.008208007128449
7.420000000000000 0.008145730443023
7.430000000000000 0.008083577729483
7.440000000000000 0.008021548720235
7.450000000000000 0.007959643148037
7.460000000000000 0.007897860745999
7.470000000000000 0.007836201247589
7.480000000000000 0.007774664386634
7.490000000000000 0.007713249897323
7.500000000000000 0.007651957514211
7.510000000000000 0.007593926935366
7.520000000000000 0.007536011472233
7.530000000000000 0.007478210875151
7.540000000000000 0.007420524894812
7.550000000000000 0.007362953282263
7.560000000000000 0.007305495788908
7.570000000000000 0.007248152166510
7.580000000000000 0.007190922167197
7.590000000000000 0.007133805543459
7.600000000000000 0.007076802048155
7.610000000000000 0.007022819629561
7.620000000000000 0.006968943891601
7.630000000000000 0.006915174601795
7.640000000000000 0.006861511528018
7.650000000000000 0.006807954438498
7.660000000000000 0.006754503101817
7.670000000000000 0.006701157286919
7.680000000000000 0.006647916763107
7.690000000000000 0.006594781300046
7.700000000000000 0.006541750667766
7.710000000000000 0.006491547721681
7.720000000000000 0.006441443599557
7.730000000000000 0.006391438085167
7.740000000000000 0.006341530962631
7.750000000000000 0.006291722016420
7.760000000000000 0.006242011031355
7.770000000000000 0.006192397792610
7.780000000000000 0.006142882085714
7.790000000000000 0.006093463696551
7.800000000000000 0.006044142411364
7.810000000000000 0.005997453731594
7.820000000000000 0.005950856589086
7.830000000000000 0.005904350782884
7.840000000000000 0.005857936112374
7.850000000000000 0.005811612377280
7.860000000000000 0.005765379377672
7.870000000000000 0.005719236913963
7.880000000000000 0.005673184786911
7.890000000000000 0.005627222797622
7.900000000000000 0.005581350747548
7.910000000000000 0.005537930684042
7.920000000000000 0.005494595399440
7.930000000000000 0.005451344707113
7.940000000000000 0.005408178420764
7.950000000000000 0.005365096354426
7.960000000000000 0.005322098322465
7.970000000000000 0.005279184139580
7.980000000000000 0.005236353620805
7.990000000000000 0.005193606581507
8.000000000000000 0.005150942837392
8.010000000000000 0.005110558841387
8.020000000000000 0.005070253365514
8.029999999999999 0.005030026236546
8.039999999999999 0.004989877281575
8.050000000000001 0.004949806328014
8.060000000000000 0.004909813203594
8.070000000000000 0.004869897736367
8.080000000000000 0.004830059754707
8.090000000000000 0.004790299087309
8.100000000000000 0.004750615563193
8.109999999999999 0.004713063242498
8.119999999999999 0.004675583623767
8.130000000000001 0.004638176546342
8.140000000000001 0.004600841849875
8.150000000000000 0.004563579374318
8.160000000000000 0.004526388959936
8.170000000000000 0.004489270447295
8.180000000000000 0.004452223677273
8.190000000000000 0.004415248491053
8.199999999999999 0.004378344730129
8.210000000000001 0.004343428356992
8.220000000000001 0.004308579288455
8.230000000000000 0.004273797375613
8.240000000000000 0.004239082469850
8.250000000000000 0.004204434422845
8.260000000000000 0.004169853086568
8.270000000000000 0.004135338313281
8.279999999999999 0.004100889955539
8.289999999999999 0.004066507866191
8.300000000000001 0.004032191898378
8.310000000000000 0.003999733608418
8.320000000000000 0.003967337608384
8.330000000000000 0.003935003760361
8.340000000000000 0.003902731926712
8.350000000000000 0.003870521970076
8.359999999999999 0.003838373753368
8.369999999999999 0.003806287139784
8.380000000000001 0.003774261992795
8.390000000000001 0.003742298176151
8.400000000000000 0.003710395553881
8.410000000000000 0.003680225067156
8.420000000000000 0.003650112220724
8.430000000000000 0.003620056886918
8.440000000000000 0.003590058938334
8.449999999999999 0.003560118247829
8.460000000000001 0.003530234688525
8.470000000000001 0.003500408133804
8.480000000000000 0.003470638457311
8.490000000000000 0.003440925532956
8.500000000000000 0.003411269234909
8.510000000000000 0.003383228056495
8.520000000000000 0.003355240207869
8.529999999999999 0.003327305570911
8.539999999999999 0.003299424027749
8.550000000000001 0.003271595460758
8.560000000000000 0.003243819752559
8.570000000000000 0.003216096786025
8.580000000000000 0.003188426444272
8.590000000000000 0.003160808610667
8.600000000000000 0.003133243168823
8.609999999999999 0.003107191555572
8.619999999999999 0.003081189261441
8.630000000000001 0.003055236177228
8.640000000000001 0.003029332193965
8.650000000000000 0.003003477202919
8.660000000000000 0.002977671095586
8.670000000000000 0.002951913763698
8.680000000000000 0.002926205099219
8.690000000000000 0.002900544994345
8.699999999999999 0.002874933341506
8.710000000000001 0.002850735057093
8.720000000000001 0.002826582371611
8.730000000000000 0.002802475184160
8.740000000000000 0.002778413394061
8.750000000000000 0.002754396900849
8.760000000000000 0.002730425604282
8.770000000000000 0.002706499404334
8.779999999999999 0.002682618201199
8.789999999999999 0.002658781895287
8.800000000000001 0.002634990387227
8.810000000000000 0.002612517872894
8.820000000000000 0.002590087508420
8.830000000000000 0.002567699200623
8.840000000000000 0.002545352856526
8.850000000000000 0.002523048383354
8.859999999999999 0.002500785688540
8.869999999999999 0.002478564679668
8.880000000000001 0.002456385264682
8.890000000000001 0.002434247351574
8.900000000000000 0.002412150848641
8.910000000000000 0.002391293710479
8.920000000000000 0.002370475508786
8.930000000000000 0.002349696157583
8.940000000000000 0.002328955571086
8.949999999999999 0.002308253663699
8.960000000000001 0.002287590350018
8.970000000000001 0.002266965544830
8.980000000000000 0.002246379163113
8.990000000000000 0.002225831120035
9.000000000000000 0.002205321330956
9.010000000000000 0.002185970856462
9.020000000000000 0.002166656335242
9.029999999999999 0.002147377688018
9.039999999999999 0.002128134835691
9.050000000000001 0.002108927699338
9.060000000000000 0.002089756200217
9.070000000000000 0.002070620259763
9.080000000000000 0.002051519799587
9.090000000000000 0.002032454741480
9.100000000000000 0.002013425007409
9.109999999999999 0.001995475209861
9.119999999999999 0.001977558605072
9.130000000000001 0.001959675119972
9.140000000000001 0.001941824681655
9.150000000000000 0.001924007217380
9.160000000000000 0.001906222654573
9.170000000000000 0.001888470920826
9.180000000000000 0.001870751943896
9.190000000000000 0.001853065651704
9.199999999999999 0.001835411972336
9.210000000000001 0.001818774015584
9.220000000000001 0.001802166679114
9.230000000000000 0.001785589895643
9.240000000000000 0.001769043598040
9.250000000000000 0.001752527719328
9.260000000000000 0.001736042192684
9.270000000000000 0.001719586951439
9.279999999999999 0.001703161929077
9.289999999999999 0.001686767059236
9.300000000000001 0.001670402275707
9.310000000000000 0.001654989984951
9.320000000000000 0.001639605923060
9.330000000000000 0.001624250028130
9.340000000000000 0.001608922238400
9.350000000000000 0.001593622492250
9.359999999999999 0.001578350728205
9.369999999999999 0.001563106884931
9.380000000000001 0.001547890901236
9.390000000000001 0.001532702716070
9.400000000000000 0.001517542268527
9.410000000000000 0.001503270410388
9.420000000000000 0.001489024567007
9.430000000000000 0.001474804681461
9.440000000000000 0.001460610696957
9.449999999999999 0.001446442556837
9.460000000000001 0.001432300204573
9.470000000000001 0.001418183583769
9.480000000000000 0.001404092638161
9.490000000000000 0.001390027311617
9.500000000000000 0.001375987548134
9.510000000000000 0.001362785691745
9.520000000000000 0.001349607783905
9.529999999999999 0.001336453772336
9.539999999999999 0.001323323604880
9.550000000000001 0.001310217229502
9.560000000000000 0.001297134594289
9.570000000000000 0.001284075647450
9.580000000000000 0.001271040337316
9.590000000000000 0.001258028612338
9.600000000000000 0.001245040421088
9.609999999999999 0.001232834754140
9.619999999999999 0.001220651121979
9.630000000000001 0.001208489476622
9.640000000000001 0.001196349770202
9.650000000000000 0.001184231954963
9.660000000000000 0.001172135983262
9.670000000000000 0.001160061807568
9.680000000000000 0.001148009380461
9.690000000000000 0.001135978654635
9.699999999999999 0.001123969582896
9.710000000000001 0.001112697279412
9.720000000000001 0.001101445227493
9.730000000000000 0.001090213383157
9.740000000000000 0.001079001702525
9.750000000000000 0.001067810141824
9.760000000000000 0.001056638657384
9.770000000000000 0.001045487205636
9.779999999999999 0.001034355743118
9.789999999999999 0.001023244226468
9.800000000000001 0.001012152612428
9.810000000000000 0.001001750851179
9.820000000000000 0.000991367687265
9.830000000000000 0.000981003080411
9.840000000000000 0.000970656990434
9.850000000000000 0.000960329377247
9.859999999999999 0.000950020200860
9.869999999999999 0.000939729421377
9.880000000000001 0.000929456998995
9.890000000000001 0.000919202894009
9.900000000000000 0.000908967066807
9.910000000000000 0.000899379031540
9.920000000000000 0.000889808055946
9.930000000000000 0.000880254103184
9.940000000000000 0.000870717136501
9.949999999999999 0.000861197119232
9.960000000000001 0.000851694014798
9.970000000000001 0.000842207786710
9.980000000000000 0.000832738398563
9.990000000000000 0.000823285814040
10.000000000000000 0.000813849996912
