0.000000000000000 0.000000000000000
0.010000000000000 0.000219977182859
0.020000000000000 0.000876488709513
0.030000000000000 0.001964248442947
0.040000000000000 0.003477770262120
0.050000000000000 0.005411378317278
0.060000000000000 0.007759217337247
0.070000000000000 0.010515262963440
0.080000000000000 0.013673332086058
0.090000000000000 0.017227093158809
0.100000000000000 0.021170076469349
0.110000000000000 0.025449262151546
0.120000000000000 0.030087696534502
0.130000000000000 0.035076765468624
0.140000000000000 0.040407836388668
0.150000000000000 0.046072267200384
0.160000000000000 0.052061414926043
0.170000000000000 0.058366644097970
0.180000000000000 0.064979334890398
0.190000000000000 0.071890890981135
0.200000000000000 0.079092747135696
0.210000000000000 0.086436186542461
0.220000000000000 0.094028508021550
0.230000000000000 0.101860171679255
0.240000000000000 0.109921760298606
0.250000000000000 0.118203984203709
0.260000000000000 0.126697685786433
0.270000000000000 0.135393843699191
0.280000000000000 0.144283576718364
0.290000000000000 0.153358147283575
0.300000000000000 0.162608964718735
0.310000000000000 0.171788878853859
0.320000000000000 0.181102086675422
0.330000000000000 0.190539880929557
0.340000000000000 0.200093756895035
0.350000000000000 0.209755412862012
0.360000000000000 0.219516750331792
0.370000000000000 0.229369873949131
0.380000000000000 0.239307091178770
0.390000000000000 0.249320911737923
0.400000000000000 0.259404046796482
0.410000000000000 0.269239773030056
0.420000000000000 0.279106961784703
0.430000000000000 0.288998704814978
0.440000000000000 0.298908319353149
0.450000000000000 0.308829345303768
0.460000000000000 0.318755542284386
0.470000000000000 0.328680886524693
0.480000000000000 0.338599567636007
0.490000000000000 0.348505985262722
0.500000000000000 0.358394745626969
0.510000000000000 0.367923356985180
0.520000000000000 0.377404810959181
0.530000000000000 0.386834293229368
0.540000000000000 0.396207198198869
0.550000000000000 0.405519124450595
0.560000000000000 0.414765870170625
0.570000000000000 0.423943428546907
0.580000000000000 0.433047983151827
0.590000000000000 0.442075903316734
0.600000000000000 0.451023739506070
0.610000000000000 0.459566207051993
0.620000000000000 0.468008037394038
0.630000000000000 0.476346362984239
0.640000000000000 0.484578487632736
0.650000000000000 0.492701881544025
0.660000000000000 0.500714176401463
0.670000000000000 0.508613160504855
0.680000000000000 0.516396773965564
0.690000000000000 0.524063103963233
0.700000000000000 0.531610380067799
0.710000000000000 0.538765349782977
0.720000000000000 0.545788726960865
0.730000000000000 0.552679223934081
0.740000000000000 0.559435681211049
0.750000000000000 0.566057062932522
0.760000000000000 0.572542452416593
0.770000000000000 0.578891047793670
0.780000000000000 0.585102157732653
0.790000000000000 0.591175197259303
0.800000000000000 0.597109683667577
0.810000000000000 0.602704900000357
0.820000000000000 0.608155345881902
0.830000000000000 0.613460888360588
0.840000000000000 0.618621482672263
0.850000000000000 0.623637168509908
0.860000000000000 0.628508066391008
0.870000000000000 0.633234374122031
0.880000000000000 0.637816363359361
0.890000000000000 0.642254376265827
0.900000000000000 0.646548822261929
0.910000000000000 0.650582022930553
0.920000000000000 0.654470023853140
0.930000000000000 0.658213456080420
0.940000000000000 0.661813006146611
0.950000000000000 0.665269413235786
0.960000000000000 0.668583466437279
0.970000000000000 0.671756002088598
0.980000000000000 0.674787901204287
0.990000000000000 0.677680086989122
1.000000000000000 0.680433522434020
1.010000000000000 0.683011030026572
1.020000000000000 0.685451128593038
1.030000000000000 0.687754898430675
1.040000000000000 0.689923450804954
1.050000000000000 0.691957925925434
1.060000000000000 0.693859490994471
1.070000000000000 0.695629338327016
1.080000000000000 0.697268683539733
1.090000000000000 0.698778763807717
1.100000000000000 0.700160836187047
1.110000000000000 0.701452952805002
1.120000000000000 0.702620176777119
1.130000000000000 0.703663805251716
1.140000000000000 0.704585149215744
1.150000000000000 0.705385532125581
1.160000000000000 0.706066288593284
1.170000000000000 0.706628763126693
1.180000000000000 0.707074308921796
1.190000000000000 0.707404286705799
1.200000000000000 0.707620063629363
1.210000000000000 0.707822853376008
1.220000000000000 0.707915413086026
1.230000000000000 0.707899098441384
1.240000000000000 0.707775267763516
1.250000000000000 0.707545281136246
1.260000000000000 0.707210499568777
1.270000000000000 0.706772284197423
1.280000000000000 0.706231995524812
1.290000000000000 0.705590992695283
1.300000000000000 0.704850632805267
1.310000000000000 0.704164019011207
1.320000000000000 0.703382280170641
1.330000000000000 0.702506730355644
1.340000000000000 0.701538679485030
1.350000000000000 0.700479432797296
1.360000000000000 0.699330290351311
1.370000000000000 0.698092546553764
1.380000000000000 0.696767489712382
1.390000000000000 0.695356401613976
1.400000000000000 0.693860557126391
1.410000000000000 0.692471329613686
1.420000000000000 0.691001444858552
1.430000000000000 0.689452118302989
1.440000000000000 0.687824557523561
1.450000000000000 0.686119961942024
1.460000000000000 0.684339522554511
1.470000000000000 0.682484421678496
1.480000000000000 0.680555832716889
1.490000000000000 0.678554919938533
1.500000000000000 0.676482838274469
1.510000000000000 0.674558881702200
1.520000000000000 0.672567515646681
1.530000000000000 0.670509829167251
1.540000000000000 0.668386901791319
1.550000000000000 0.666199803379612
1.560000000000000 0.663949594003373
1.570000000000000 0.661637323833000
1.580000000000000 0.659264033037632
1.590000000000000 0.656830751695208
1.600000000000000 0.654338499712548
1.610000000000000 0.652024244452025
1.620000000000000 0.649654331858652
1.630000000000000 0.647229716073512
1.640000000000000 0.644751341324607
1.650000000000000 0.642220141888113
1.660000000000000 0.639637042057056
1.670000000000000 0.637002956117034
1.680000000000000 0.634318788328696
1.690000000000000 0.631585432916612
1.700000000000000 0.628803774064262
1.710000000000000 0.626220523163801
1.720000000000000 0.623591807017824
1.730000000000000 0.620918447914464
1.740000000000000 0.618201258604548
1.750000000000000 0.615441042319106
1.760000000000000 0.612638592791247
1.770000000000000 0.609794694282205
1.780000000000000 0.606910121611297
1.790000000000000 0.603985640189615
1.800000000000000 0.601022006057220
1.810000000000000 0.598268789432518
1.820000000000000 0.595478795198021
1.830000000000000 0.592652723378331
1.840000000000000 0.589791265239948
1.850000000000000 0.586895103338987
1.860000000000000 0.583964911571292
1.870000000000000 0.581001355224833
1.880000000000000 0.578005091034199
1.890000000000000 0.574976767237099
1.900000000000000 0.571917023632705
1.910000000000000 0.569073349093877
1.920000000000000 0.566200205106599
1.930000000000000 0.563298182086377
1.940000000000000 0.560367862647773
1.950000000000000 0.557409821665860
1.960000000000000 0.554424626338845
1.970000000000000 0.551412836251771
1.980000000000000 0.548375003441201
1.990000000000000 0.545311672460813
2.000000000000000 0.542223380447811
2.010000000000000 0.539351666495075
2.020000000000000 0.536456565827241
2.030000000000000 0.533538572871809
2.040000000000000 0.530598175252481
2.050000000000000 0.527635853854371
2.060000000000000 0.524652082889632
2.070000000000000 0.521647329963436
2.080000000000000 0.518622056140268
2.090000000000000 0.515576716010460
2.100000000000000 0.512511757756934
2.110000000000000 0.509659890934880
2.120000000000000 0.506789656049122
2.130000000000000 0.503901464873225
2.140000000000000 0.500995723334761
2.150000000000000 0.498072831578548
2.160000000000000 0.495133184029872
2.170000000000000 0.492177169457645
2.180000000000000 0.489205171037485
2.190000000000000 0.486217566414663
2.200000000000000 0.483214727766917
2.210000000000000 0.480418862535992
2.220000000000000 0.477608739817534
2.230000000000000 0.474784701067653
2.240000000000000 0.471947082773977
2.250000000000000 0.469096216513915
2.260000000000000 0.466232429012666
2.270000000000000 0.463356042200942
2.280000000000000 0.460467373272399
2.290000000000000 0.457566734740751
2.300000000000000 0.454654434496562
2.310000000000000 0.451940791810719
2.320000000000000 0.449216236395460
2.330000000000000 0.446481050442854
2.340000000000000 0.443735511955898
2.350000000000000 0.440979894800475
2.360000000000000 0.438214468756950
2.370000000000000 0.435439499571385
2.380000000000000 0.432655249006353
2.390000000000000 0.429861974891367
2.400000000000000 0.427059931172889
2.410000000000000 0.424447130753521
2.420000000000000 0.421826123226346
2.430000000000000 0.419197141167415
2.440000000000000 0.416560413641797
2.450000000000000 0.413916166248918
2.460000000000000 0.411264621167501
2.470000000000000 0.408605997200077
2.480000000000000 0.405940509817097
2.490000000000000 0.403268371200607
2.500000000000000 0.400589790287516
2.510000000000000 0.398090196499274
2.520000000000000 0.395584571639636
2.530000000000000 0.393073106965726
2.540000000000000 0.390555990804884
2.550000000000000 0.388033408593631
2.560000000000000 0.385505542916229
2.570000000000000 0.382972573542832
2.580000000000000 0.380434677467236
2.590000000000000 0.377892028944222
2.600000000000000 0.375344799526500
2.610000000000000 0.372965874058004
2.620000000000000 0.370582657540368
2.630000000000000 0.368195306960114
2.640000000000000 0.365803976866778
2.650000000000000 0.363408819406029
2.660000000000000 0.361009984352400
2.670000000000000 0.358607619141659
2.680000000000000 0.356201868902795
2.690000000000000 0.353792876489646
2.700000000000000 0.351380782512139
2.710000000000000 0.349126175289497
2.720000000000000 0.346868659981635
2.730000000000000 0.344608365238553
2.740000000000000 0.342345417687795
2.750000000000000 0.340079941962367
2.760000000000000 0.337812060728324
2.770000000000000 0.335541894712018
2.780000000000000 0.333269562727017
2.790000000000000 0.330995181700694
2.800000000000000 0.328718866700481
2.810000000000000 0.326589454419604
2.820000000000000 0.324458225876602
2.830000000000000 0.322325286342957
2.840000000000000 0.320190739414425
2.850000000000000 0.318054687034430
2.860000000000000 0.315917229517182
2.870000000000000 0.313778465570496
2.880000000000000 0.311638492318317
2.890000000000000 0.309497405322968
2.900000000000000 0.307355298607103
2.910000000000000 0.305349760149583
2.920000000000000 0.303343260833256
2.930000000000000 0.301335886677072
2.940000000000000 0.299327722313003
2.950000000000000 0.297318851005581
2.960000000000000 0.295309354671183
2.970000000000000 0.293299313897065
2.980000000000000 0.291288807960146
2.990000000000000 0.289277914845549
3.000000000000000 0.287266711264895
3.010000000000000 0.285382207851723
3.020000000000000 0.283497407638607
3.030000000000000 0.281612380809933
3.040000000000000 0.279727196402862
3.050000000000000 0.277841922323596
3.060000000000000 0.275956625363423
3.070000000000000 0.274071371214549
3.080000000000000 0.272186224485714
3.090000000000000 0.270301248717614
3.100000000000000 0.268416506398091
3.110000000000000 0.266649191052619
3.120000000000000 0.264882088522317
3.130000000000000 0.263115255979666
3.140000000000000 0.261348749648602
3.150000000000000 0.259582624818026
3.160000000000000 0.257816935855124
3.170000000000000 0.256051736218510
3.180000000000000 0.254287078471192
3.190000000000000 0.252523014293358
3.200000000000000 0.250759594494988
3.210000000000000 0.249104451672175
3.220000000000000 0.247449907633407
3.230000000000000 0.245796008874472
3.240000000000000 0.244142801106864
3.250000000000000 0.242490329268994
3.260000000000000 0.240838637537230
3.270000000000000 0.239187769336801
3.280000000000000 0.237537767352538
3.290000000000000 0.235888673539482
3.300000000000000 0.234240529133332
3.310000000000000 0.232692523300871
3.320000000000000 0.231145402734283
3.330000000000000 0.229599205167602
3.340000000000000 0.228053967686373
3.350000000000000 0.226509726736938
3.360000000000000 0.224966518135588
3.370000000000000 0.223424377077596
3.380000000000000 0.221883338146115
3.390000000000000 0.220343435320963
3.400000000000000 0.218804701987279
3.410000000000000 0.217358327456111
3.420000000000000 0.215913045523956
3.430000000000000 0.214468886741418
3.440000000000000 0.213025881122779
3.450000000000000 0.211584058153694
3.460000000000000 0.210143446798768
3.470000000000000 0.208704075509039
3.480000000000000 0.207265972229346
3.490000000000000 0.205829164405605
3.500000000000000 0.204393678991975
3.510000000000000 0.203043284360549
3.520000000000000 0.201694126888602
3.530000000000000 0.200346231240900
3.540000000000000 0.198999621638507
3.550000000000000 0.197654321865158
3.560000000000000 0.196310355273535
3.570000000000000 0.194967744791463
3.580000000000000 0.193626512928012
3.590000000000000 0.192286681779524
3.600000000000000 0.190948273035548
3.610000000000000 0.189688281717273
3.620000000000000 0.188429622455702
3.630000000000000 0.187172315095078
3.640000000000000 0.185916379112440
3.650000000000000 0.184661833622897
3.660000000000000 0.183408697384831
3.670000000000000 0.182156988805025
3.680000000000000 0.180906725943727
3.690000000000000 0.179657926519631
3.700000000000000 0.178410607914801
3.710000000000000 0.177235527392309
3.720000000000000 0.176061834851023
3.730000000000000 0.174889546189804
3.740000000000000 0.173718677003496
3.750000000000000 0.172549242587300
3.760000000000000 0.171381257941088
3.770000000000000 0.170214737773651
3.780000000000000 0.169049696506895
3.790000000000000 0.167886148279973
3.800000000000000 0.166724106953362
3.810000000000000 0.165628549115051
3.820000000000000 0.164534404917027
3.830000000000000 0.163441687031791
3.840000000000000 0.162350407880039
3.850000000000000 0.161260579634292
3.860000000000000 0.160172214222470
3.870000000000000 0.159085323331416
3.880000000000000 0.157999918410378
3.890000000000000 0.156916010674433
3.900000000000000 0.155833611107868
3.910000000000000 0.154812428165170
3.920000000000000 0.153792661119973
3.930000000000000 0.152774320008566
3.940000000000000 0.151757414658608
3.950000000000000 0.150741954692130
3.960000000000000 0.149727949528511
3.970000000000000 0.148715408387395
3.980000000000000 0.147704340291582
3.990000000000000 0.146694754069873
4.000000000000000 0.145686658359871
4.010000000000000 0.144734949533821
4.020000000000000 0.143784640989820
4.030000000000000 0.142835740612497
4.040000000000000 0.141888256113565
4.050000000000000 0.140942195034318
4.060000000000000 0.139997564748095
4.070000000000000 0.139054372462712
4.080000000000000 0.138112625222855
4.090000000000000 0.137172329912449
4.100000000000000 0.136233493256980
4.110000000000000 0.135346564469455
4.120000000000000 0.134461007007115
4.130000000000000 0.133576827000973
4.140000000000000 0.132694030438685
4.150000000000000 0.131812623166632
4.160000000000000 0.130932610891965
4.170000000000000 0.130053999184625
4.180000000000000 0.129176793479335
4.190000000000000 0.128300999077565
4.200000000000000 0.127426621149473
4.210000000000000 0.126600042836188
4.220000000000000 0.125774797089713
4.230000000000000 0.124950888614227
4.240000000000000 0.124128321995044
4.250000000000000 0.123307101700335
4.260000000000000 0.122487232082838
4.270000000000000 0.121668717381536
4.280000000000000 0.120851561723313
4.290000000000000 0.120035769124591
4.300000000000000 0.119221343492941
4.310000000000000 0.118450968773590
4.320000000000000 0.117681880837790
4.330000000000000 0.116914083231153
4.340000000000000 0.116147579400727
4.350000000000000 0.115382372696427
4.360000000000000 0.114618466372458
4.370000000000000 0.113855863588715
4.380000000000000 0.113094567412161
4.390000000000000 0.112334580818191
4.400000000000000 0.111575906691970
4.410000000000000 0.110857826755769
4.420000000000000 0.110140983066336
4.430000000000000 0.109425378230991
4.440000000000000 0.108711014775321
4.450000000000000 0.107997895144384
4.460000000000000 0.107286021703886
4.470000000000000 0.106575396741351
4.480000000000000 0.105866022467270
4.490000000000000 0.105157901016236
4.500000000000000 0.104451034448066
4.510000000000000 0.103781577588803
4.520000000000000 0.103113303473043
4.530000000000000 0.102446213950592
4.540000000000000 0.101780310803499
4.550000000000000 0.101115595747057
4.560000000000000 0.100452070430785
4.570000000000000 0.099789736439408
4.580000000000000 0.099128595293812
4.590000000000000 0.098468648451990
4.600000000000000 0.097809897309984
4.610000000000000 0.097185710685909
4.620000000000000 0.096562651548177
4.630000000000000 0.095940721137437
4.640000000000000 0.095319920638186
4.650000000000000 0.094700251179610
4.660000000000000 0.094081713836406
4.670000000000000 0.093464309629592
4.680000000000000 0.092848039527315
4.690000000000000 0.092232904445634
4.700000000000000 0.091618905249305
4.710000000000000 0.091036642734534
4.720000000000000 0.090455452237428
4.730000000000000 0.089875334510959
4.740000000000000 0.089296290261592
4.750000000000000 0.088718320149974
4.760000000000000 0.088141424791631
4.770000000000000 0.087565604757645
4.780000000000000 0.086990860575320
4.790000000000000 0.086417192728851
4.800000000000000 0.085844601659967
4.810000000000000 0.085301380142872
4.820000000000000 0.084759175268270
4.830000000000000 0.084217987401146
4.840000000000000 0.083677816867992
4.850000000000000 0.083138663957391
4.860000000000000 0.082600528920591
4.870000000000000 0.082063411972076
4.880000000000000 0.081527313290124
4.890000000000000 0.080992233017363
4.900000000000000 0.080458171261315
4.910000000000000 0.079951220961500
4.920000000000000 0.079445232841282
4.930000000000000 0.078940206959206
4.940000000000000 0.078436143341988
4.950000000000000 0.077933041985007
4.960000000000000 0.077430902852790
4.970000000000000 0.076929725879483
4.980000000000000 0.076429510969325
4.990000000000000 0.075930257997107
5.000000000000000 0.075431966808632
5.010000000000000 0.074958738365103
5.020000000000000 0.074486418957605
5.030000000000000 0.074015008404953
5.040000000000000 0.073544506499684
5.050000000000000 0.073074913008472
5.060000000000000 0.072606227672524
5.070000000000000 0.072138450207983
5.080000000000000 0.071671580306319
5.090000000000000 0.071205617634722
5.100000000000000 0.070740561836482
5.110000000000000 0.070298678054921
5.120000000000000 0.069857651842983
5.130000000000000 0.069417482834212
5.140000000000000 0.068978170640490
5.150000000000000 0.068539714852386
5.160000000000000 0.068102115039491
5.170000000000000 0.067665370750752
5.180000000000000 0.067229481514807
5.190000000000000 0.066794446840304
5.200000000000000 0.066360266216226
5.210000000000000 0.065947506991576
5.220000000000000 0.065535555812120
5.230000000000000 0.065124412170459
5.240000000000000 0.064714075541376
5.250000000000000 0.064304545382128
5.260000000000000 0.063895821132728
5.270000000000000 0.063487902216226
5.280000000000000 0.063080788038988
5.290000000000000 0.062674477990965
5.300000000000000 0.062268971445968
5.310000000000000 0.061883291409996
5.320000000000000 0.061498371958778
5.330000000000000 0.061114212480033
5.340000000000000 0.060730812346864
5.350000000000000 0.060348170918002
5.360000000000000 0.059966287538038
5.370000000000000 0.059585161537665
5.380000000000000 0.059204792233910
5.390000000000000 0.058825178930360
5.400000000000000 0.058446320917388
5.410000000000000 0.058085811662935
5.420000000000000 0.057726017714508
5.430000000000000 0.057366938384139
5.440000000000000 0.057008572971902
5.450000000000000 0.056650920766123
5.460000000000000 0.056293981043576
5.470000000000000 0.055937753069684
5.480000000000000 0.055582236098712
5.490000000000000 0.055227429373961
5.500000000000000 0.054873332127959
5.510000000000000 0.054536255432407
5.520000000000000 0.054199850919397
5.530000000000000 0.053864117848940
5.540000000000000 0.053529055471309
5.550000000000000 0.053194663027210
5.560000000000000 0.052860939747948
5.570000000000000 0.052527884855597
5.580000000000000 0.052195497563163
5.590000000000000 0.051863777074743
5.600000000000000 0.051532722585691
5.610000000000000 0.051217430171451
5.620000000000000 0.050902769061046
5.630000000000000 0.050588738481380
5.640000000000000 0.050275337651463
5.650000000000000 0.049962565782551
5.660000000000000 0.049650422078288
5.670000000000000 0.049338905734851
5.680000000000000 0.049028015941082
5.690000000000000 0.048717751878625
5.700000000000000 0.048408112722064
5.710000000000000 0.048113081323877
5.720000000000000 0.047818642559628
5.730000000000000 0.047524795638236
5.740000000000000 0.047231539762257
5.750000000000000 0.046938874128000
5.760000000000000 0.046646797925649
5.770000000000000 0.046355310339382
5.780000000000000 0.046064410547486
5.790000000000000 0.045774097722468
5.800000000000000 0.045484371031176
5.810000000000000 0.045208204473754
5.820000000000000 0.044932594007830
5.830000000000000 0.044657538836397
5.840000000000000 0.044383038157353
5.850000000000000 0.044109091163603
5.860000000000000 0.043835697043162
5.870000000000000 0.043562854979251
5.880000000000000 0.043290564150395
5.890000000000000 0.043018823730522
5.900000000000000 0.042747632889055
5.910000000000000 0.042489030008497
5.920000000000000 0.042230948759365
5.930000000000000 0.041973388348191
5.940000000000000 0.041716347977466
5.950000000000000 0.041459826845729
5.960000000000000 0.041203824147649
5.970000000000000 0.040948339074108
5.980000000000000 0.040693370812286
5.990000000000000 0.040438918545738
6.000000000000000 0.040184981454477
6.010000000000000 0.039942739780269
6.020000000000000 0.039700987278715
6.030000000000000 0.039459723167271
6.040000000000000 0.039218946660225
6.050000000000000 0.038978656968774
6.060000000000000 0.038738853301088
6.070000000000000 0.038499534862387
6.080000000000000 0.038260700855007
6.090000000000000 0.038022350478465
6.100000000000000 0.037784482929533
6.110000000000000 0.037557491844834
6.120000000000000 0.037330959386005
6.130000000000000 0.037104884787114
6.140000000000000 0.036879267279781
6.150000000000000 0.036654106093244
6.160000000000000 0.036429400454418
6.170000000000000 0.036205149587951
6.180000000000000 0.035981352716286
6.190000000000000 0.035758009059716
6.200000000000000 0.035535117836439
6.210000000000000 0.035322342452118
6.220000000000000 0.035109996985422
6.230000000000000 0.034898080691292
6.240000000000000 0.034686592822819
6.250000000000000 0.034475532631297
6.260000000000000 0.034264899366273
6.270000000000000 0.034054692275594
6.280000000000000 0.033844910605460
6.290000000000000 0.033635553600469
6.300000000000000 0.033426620503665
6.310000000000000 0.033227091840096
6.320000000000000 0.033027966156300
6.330000000000000 0.032829242731174
6.340000000000000 0.032630920842261
6.350000000000000 0.032432999765783
6.360000000000000 0.032235478776691
6.370000000000000 0.032038357148703
6.380000000000000 0.031841634154347
6.390000000000000 0.031645309064999
6.400000000000000 0.031449381150925
6.410000000000000 0.031262207381210
6.420000000000000 0.031075411318162
6.430000000000000 0.030888992266832
6.440000000000000 0.030702949531317
6.450000000000000 0.030517282414789
6.460000000000000 0.030331990219537
6.470000000000000 0.030147072246997
6.480000000000000 0.029962527797793
6.490000000000000 0.029778356171761
6.500000000000000 0.029594556667993
6.510000000000000 0.029418914144860
6.520000000000000 0.029243625622964
6.530000000000000 0.029068690434977
6.540000000000000 0.028894107912943
6.550000000000000 0.028719877388307
6.560000000000000 0.028545998191945
6.570000000000000 0.028372469654191
6.580000000000000 0.028199291104873
6.590000000000000 0.028026461873331
6.600000000000000 0.027853981288455
6.610000000000000 0.027689103345779
6.620000000000000 0.027524557184639
6.630000000000000 0.027360342166188
6.640000000000000 0.027196457651217
6.650000000000000 0.027032903000177
6.660000000000000 0.026869677573211
6.670000000000000 0.026706780730169
6.680000000000000 0.026544211830643
6.690000000000000 0.026381970233982
6.700000000000000 0.026220055299320
6.710000000000000 0.026065229194693
6.720000000000000 0.025910714054815
6.730000000000000 0.025756509269695
6.740000000000000 0.025602614229196
6.750000000000000 0.025449028323052
6.760000000000000 0.025295750940897
6.770000000000000 0.025142781472275
6.780000000000000 0.024990119306670
6.790000000000000 0.024837763833520
6.800000000000000 0.024685714442239
6.810000000000000 0.024540278507992
6.820000000000000 0.024395134041792
6.830000000000000 0.024250280462507
6.840000000000000 0.024105717189029
6.850000000000000 0.023961443640293
6.860000000000000 0.023817459235296
6.870000000000000 0.023673763393112
6.880000000000000 0.023530355532910
6.890000000000000 0.023387235073972
6.900000000000000 0.023244401435706
6.910000000000000 0.023107744291757
6.920000000000000 0.022971360353150
6.930000000000000 0.022835249067329
6.940000000000000 0.022699409881903
6.950000000000000 0.022563842244655
6.960000000000000 0.022428545603562
6.970000000000000 0.022293519406808
6.980000000000000 0.022158763102796
6.990000000000000 0.022024276140166
7.000000000000000 0.021890057967806
7.010000000000000 0.021761608300693
7.020000000000000 0.021633414741707
7.030000000000000 0.021505476766344
7.040000000000000 0.021377793850374
7.050000000000000 0.021250365469846
7.060000000000000 0.021123191101107
7.070000000000000 0.020996270220810
7.080000000000000 0.020869602305927
7.090000000000000 0.020743186833759
7.100000000000000 0.020617023281952
7.110000000000000 0.020496254413024
7.120000000000000 0.020375725639040
7.130000000000000 0.020255436462873
7.140000000000000 0.020135386387751
7.150000000000000 0.020015574917264
7.160000000000000 0.019896001555378
7.170000000000000 0.019776665806443
7.180000000000000 0.019657567175201
7.190000000000000 0.019538705166799
7.200000000000000 0.019420079286797
7.210000000000000 0.019306493319484
7.220000000000000 0.019193132467082
7.230000000000000 0.019079996258994
7.240000000000000 0.018967084225039
7.250000000000000 0.018854395895461
7.260000000000000 0.018741930800941
7.270000000000000 0.018629688472597
7.280000000000000 0.018517668442002
7.290000000000000 0.018405870241183
7.300000000000000 0.018294293402635
7.310000000000000 0.018187433322768
7.320000000000000 0.018080784332508
7.330000000000000 0.017974345986880
7.340000000000000 0.017868117841368
7.350000000000000 0.017762099451929
7.360000000000000 0.017656290374997
7.370000000000000 0.017550690167488
7.380000000000000 0.017445298386812
7.390000000000000 0.017340114590874
7.400000000000000 0.017235138338083
7.410000000000000 0.017134579994387
7.420000000000000 0.017034219606392
7.430000000000000 0.016934056753772
7.440000000000000 0.016834091016700
7.450000000000000 0.016734321975846
7.460000000000000 0.016634749212392
7.470000000000000 0.016535372308030
7.480000000000000 0.016436190844973
7.490000000000000 0.016337204405954
7.500000000000000 0.016238412574240
7.510000000000000 0.016143751153056
7.520000000000000 0.016049275408249
7.530000000000000 0.015954984943090
7.540000000000000 0.015860879361369
7.550000000000000 0.015766958267397
7.560000000000000 0.015673221266013
7.570000000000000 0.015579667962586
7.580000000000000 0.015486297963024
7.590000000000000 0.015393110873771
7.600000000000000 0.015300106301820
7.610000000000000 0.015210974326473
7.620000000000000 0.015122016527691
7.630000000000000 0.015033232531314
7.640000000000000 0.014944621963711
7.650000000000000 0.014856184451786
7.660000000000000 0.014767919622980
7.670000000000000 0.014679827105275
7.680000000000000 0.014591906527198
7.690000000000000 0.014504157517825
7.700000000000000 0.014416579706782
7.710000000000000 0.014332629073363
7.720000000000000 0.014248841857275
7.730000000000000 0.014165217705866
7.740000000000000 0.014081756267014
7.750000000000000 0.013998457189138
7.760000000000000 0.013915320121199
7.770000000000000 0.013832344712699
7.780000000000000 0.013749530613690
7.790000000000000 0.013666877474771
7.800000000000000 0.013584384947095
7.810000000000000 0.013505297195841
7.820000000000000 0.013426362782689
7.830000000000000 0.013347581375463
7.840000000000000 0.013268952642521
7.850000000000000 0.013190476252758
7.860000000000000 0.013112151875608
7.870000000000000 0.013033979181046
7.880000000000000 0.012955957839590
7.890000000000000 0.012878087522304
7.900000000000000 0.012800367900799
7.910000000000000 0.012725839811454
7.920000000000000 0.012651455629233
7.930000000000000 0.012577215041399
7.940000000000000 0.012503117735743
7.950000000000000 0.012429163400585
7.960000000000000 0.012355351724777
7.970000000000000 0.012281682397707
7.980000000000000 0.012208155109296
7.990000000000000 0.012134769550005
8.000000000000000 0.012061525410832
8.010000000000000 0.011991276246198
8.020000000000000 0.011921162159135
8.029999999999999 0.011851182855336
8.039999999999999 0.011781338041011
8.050000000000001 0.011711627422891
8.060000000000000 0.011642050708231
8.070000000000000 0.011572607604807
8.080000000000000 0.011503297820919
8.090000000000000 0.011434121065394
8.100000000000000 0.011365077047587
8.109999999999999 0.011298846005010
8.119999999999999 0.011232741770008
8.130000000000001 0.011166764065729
8.140000000000001 0.011100912615829
8.150000000000000 0.011035187144472
8.160000000000000 0.010969587376328
8.170000000000000 0.010904113036579
8.180000000000000 0.010838763850919
8.190000000000000 0.010773539545550
8.199999999999999 0.010708439847190
8.210000000000001 0.010645984887982
8.220000000000001 0.010583648986299
8.230000000000000 0.010521431881810
8.240000000000000 0.010459333314680
8.250000000000000 0.010397353025562
8.260000000000000 0.010335490755606
8.270000000000000 0.010273746246455
8.279999999999999 0.010212119240248
8.289999999999999 0.010150609479619
8.300000000000001 0.010089216707698
8.310000000000000 0.010030310044708
8.320000000000000 0.009971515178448
8.330000000000000 0.009912831864201
8.340000000000000 0.009854259857728
8.350000000000000 0.009795798915264
8.359999999999999 0.009737448793523
8.369999999999999 0.009679209249694
8.380000000000001 0.009621080041446
8.390000000000001 0.009563060926926
8.400000000000000 0.009505151664760
8.410000000000000 0.009449577987755
8.420000000000000 0.009394109308679
8.430000000000000 0.009338745397547
8.440000000000000 0.009283486024831
8.449999999999999 0.009228330961463
8.460000000000001 0.009173279978834
8.470000000000001 0.009118332848795
8.480000000000000 0.009063489343656
8.490000000000000 0.009008749236188
8.500000000000000 0.008954112299621
8.510000000000000 0.008901670581145
8.520000000000000 0.008849327492962
8.529999999999999 0.008797082818976
8.539999999999999 0.008744936343528
8.550000000000001 0.008692887851402
8.560000000000000 0.008640937127821
8.570000000000000 0.008589083958451
8.580000000000000 0.008537328129398
8.590000000000000 0.008485669427208
8.600000000000000 0.008434107638871
8.609999999999999 0.008384617882331
8.619999999999999 0.008335220775778
8.630000000000001 0.008285916116231
8.640000000000001 0.008236703701135
8.650000000000000 0.008187583328353
8.660000000000000 0.008138554796172
8.670000000000000 0.008089617903302
8.680000000000000 0.008040772448872
8.690000000000000 0.007992018232435
8.699999999999999 0.007943355053967
8.710000000000001 0.007896637001742
8.720000000000001 0.007850006004269
8.730000000000000 0.007803461870902
8.740000000000000 0.007757004411400
8.750000000000000 0.007710633435923
8.760000000000000 0.007664348755037
8.770000000000000 0.007618150179708
8.779999999999999 0.007572037521306
8.789999999999999 0.007526010591606
8.800000000000001 0.007480069202781
8.810000000000000 0.007435962980398
8.820000000000000 0.007391938560334
8.830000000000000 0.007347995763571
8.840000000000000 0.007304134411476
8.850000000000000 0.007260354325802
8.859999999999999 0.007216655328683
8.869999999999999 0.007173037242491
8.880000000000001 0.007129499890428
8.890000000000001 0.007086043095630
8.900000000000000 0.007042666681910
8.910000000000000 0.007001017464305
8.920000000000000 0.006959445126939
8.930000000000000 0.006917949501730
8.940000000000000 0.006876530420962
8.949999999999999 0.006835187717284
8.960000000000001 0.006793921223711
8.970000000000001 0.006752730773622
8.980000000000000 0.006711616200762
8.990000000000000 0.006670577339243
9.000000000000000 0.006629614023538
9.010000000000000 0.006590279473741
9.020000000000000 0.006551017185823
9.029999999999999 0.006511827001994
9.039999999999999 0.006472708764807
9.050000000000001 0.006433662317167
9.060000000000000 0.006394687502324
9.070000000000000 0.006355784163876
9.080000000000000 0.006316952145766
9.090000000000000 0.006278191292285
9.100000000000000 0.006239501448070
9.109999999999999 0.006202347911979
9.119999999999999 0.006165262303965
9.130000000000001 0.006128244475916
9.140000000000001 0.006091294280050
9.150000000000000 0.006054411568913
9.160000000000000 0.006017596195382
9.170000000000000 0.005980848012663
9.180000000000000 0.005944166874290
9.190000000000000 0.005907552634127
9.199999999999999 0.005871005146363
9.210000000000001 0.005835908423915
9.220000000000001 0.005800875559849
9.230000000000000 0.005765906415160
9.240000000000000 0.005731000851154
9.250000000000000 0.005696158729451
9.260000000000000 0.005661379911983
9.270000000000000 0.005626664260991
9.279999999999999 0.005592011639032
9.289999999999999 0.005557421908970
9.300000000000001 0.005522894933981
9.310000000000000 0.005489738330495
9.320000000000000 0.005456641763213
9.330000000000000 0.005423605101692
9.340000000000000 0.005390628215789
9.350000000000000 0.005357710975655
9.359999999999999 0.005324853251734
9.369999999999999 0.005292054914769
9.380000000000001 0.005259315835795
9.390000000000001 0.005226635886142
9.400000000000000 0.005194014937432
9.410000000000000 0.005162686456132
9.420000000000000 0.005131414425166
9.430000000000000 0.005100198722135
9.440000000000000 0.005069039224923
9.449999999999999 0.005037935811690
9.460000000000001 0.005006888360878
9.470000000000001 0.004975896751207
9.480000000000000 0.004944960861675
9.490000000000000 0.004914080571557
9.500000000000000 0.004883255760408
9.510000000000000 0.004853650301975
9.520000000000000 0.004824097929113
9.529999999999999 0.004794598526977
9.539999999999999 0.004765151980984
9.550000000000001 0.004735758176819
9.560000000000000 0.004706417000426
9.570000000000000 0.004677128338016
9.580000000000000 0.004647892076061
9.590000000000000 0.004618708101296
9.600000000000000 0.004589576300718
9.609999999999999 0.004561601363273
9.619999999999999 0.004533676342228
9.630000000000001 0.004505801129852
9.640000000000001 0.004477975618662
9.650000000000000 0.004450199701425
9.660000000000000 0.004422473271158
9.670000000000000 0.004394796221124
9.680000000000000 0.004367168444834
9.690000000000000 0.004339589836050
9.699999999999999 0.004312060288775
9.710000000000001 0.004285619644925
9.720000000000001 0.004259225948640
9.730000000000000 0.004232879098853
9.740000000000000 0.004206578994731
9.750000000000000 0.004180325535678
9.760000000000000 0.004154118621329
9.770000000000000 0.004127958151556
9.779999999999999 0.004101844026464
9.789999999999999 0.004075776146390
9.800000000000001 0.004049754411905
9.810000000000000 0.004024764728243
9.820000000000000 0.003999819197955
9.830000000000000 0.003974917726242
9.840000000000000 0.003950060218526
9.850000000000000 0.003925246580453
9.859999999999999 0.003900476717887
9.869999999999999 0.003875750536914
9.880000000000001 0.003851067943839
9.890000000000001 0.003826428845187
9.900000000000000 0.003801833147703
9.910000000000000 0.003778212215449
9.920000000000000 0.003754632813049
9.930000000000000 0.003731094851586
9.940000000000000 0.003707598242350
9.949999999999999 0.003684142896844
9.960000000000001 0.003660728726773
9.970000000000001 0.003637355644054
9.980000000000000 0.003614023560810
9.990000000000000 0.003590732389370
10.000000000000000 0.003567482042270
