0.000000000000000 0.000000000000000
0.010000000000000 0.000468430354130
0.020000000000000 0.001853747214867
0.030000000000000 0.004126131812791
0.040000000000000 0.007255973410384
0.050000000000000 0.011213891169609
0.060000000000000 0.015970755250063
0.070000000000000 0.021497707107234
0.080000000000000 0.027766178964005
0.090000000000000 0.034747912432100
0.100000000000000 0.042414976263678
0.110000000000000 0.050653404233977
0.120000000000000 0.059491347718787
0.130000000000000 0.068898622294914
0.140000000000000 0.078845580700689
0.150000000000000 0.089303124468384
0.160000000000000 0.100242714486083
0.170000000000000 0.111636380499808
0.180000000000000 0.123456729569457
0.190000000000000 0.135676953494740
0.200000000000000 0.148270835229696
0.210000000000000 0.160995634422354
0.220000000000000 0.174005646886067
0.230000000000000 0.187274737742696
0.240000000000000 0.200777478589782
0.250000000000000 0.214489147256989
0.260000000000000 0.228385726643512
0.270000000000000 0.242443902672974
0.280000000000000 0.256641061403144
0.290000000000000 0.270955285328505
0.300000000000000 0.285365348914174
0.310000000000000 0.299574457938506
0.320000000000000 0.313808661475041
0.330000000000000 0.328048112325026
0.340000000000000 0.342273683501769
0.350000000000000 0.356466959048422
0.360000000000000 0.370610224311927
0.370000000000000 0.384686455713955
0.380000000000000 0.398679310058886
0.390000000000000 0.412573113418154
0.400000000000000 0.426352849629304
0.410000000000000 0.439774286478753
0.420000000000000 0.453035825950819
0.430000000000000 0.466124191912608
0.440000000000000 0.479026738633976
0.450000000000000 0.491731437143319
0.460000000000000 0.504226861412864
0.470000000000000 0.516502174404921
0.480000000000000 0.528547114009160
0.490000000000000 0.540351978899665
0.500000000000000 0.551907614339137
0.510000000000000 0.563088480972351
0.520000000000000 0.573996695446756
0.530000000000000 0.584624651010164
0.540000000000000 0.594965236518568
0.550000000000000 0.605011822093682
0.560000000000000 0.614758244868451
0.570000000000000 0.624198794838793
0.580000000000000 0.633328200838631
0.590000000000000 0.642141616654002
0.600000000000000 0.650634607290870
0.610000000000000 0.658882108017635
0.620000000000000 0.666804970546891
0.630000000000000 0.674399896638001
0.640000000000000 0.681663944023545
0.650000000000000 0.688594513732703
0.660000000000000 0.695189337630290
0.670000000000000 0.701446466178783
0.680000000000000 0.707364256429788
0.690000000000000 0.712941360250598
0.700000000000000 0.718176712790647
0.710000000000000 0.723381953385924
0.720000000000000 0.728254937915177
0.730000000000000 0.732795289206188
0.740000000000000 0.737002865354838
0.750000000000000 0.740877749710200
0.760000000000000 0.744420241105284
0.770000000000000 0.747630844333879
0.780000000000000 0.750510260873494
0.790000000000000 0.753059379853945
0.800000000000000 0.755279269270703
0.810000000000000 0.757664542848046
0.820000000000000 0.759736876323892
0.830000000000000 0.761497660110882
0.840000000000000 0.762948427466713
0.850000000000000 0.764090847178551
0.860000000000000 0.764926716469379
0.870000000000000 0.765457954123469
0.880000000000000 0.765686593827978
0.890000000000000 0.765614777727442
0.900000000000000 0.765244750187834
0.910000000000000 0.765255257754026
0.920000000000000 0.764987444326783
0.930000000000000 0.764443605617816
0.940000000000000 0.763626114944734
0.950000000000000 0.762537418222760
0.960000000000000 0.761180029133158
0.970000000000000 0.759556524464621
0.980000000000000 0.757669539623789
0.990000000000000 0.755521764311048
1.000000000000000 0.753115938357732
1.010000000000000 0.751254282114565
1.020000000000000 0.749154738590758
1.030000000000000 0.746819932303855
1.040000000000000 0.744252522680117
1.050000000000000 0.741455200810575
1.060000000000000 0.738430686336893
1.070000000000000 0.735181724463475
1.080000000000000 0.731711083092312
1.090000000000000 0.728021550077095
1.100000000000000 0.724115930593145
1.110000000000000 0.720875613204721
1.120000000000000 0.717437950084952
1.130000000000000 0.713805541973089
1.140000000000000 0.709980998534621
1.150000000000000 0.705966936370620
1.160000000000000 0.701765977117003
1.170000000000000 0.697380745630864
1.180000000000000 0.692813868261081
1.190000000000000 0.688067971200427
1.200000000000000 0.683145678916522
1.210000000000000 0.678977630859538
1.220000000000000 0.674649778718303
1.230000000000000 0.670164504820161
1.240000000000000 0.665524185948447
1.250000000000000 0.660731192193488
1.260000000000000 0.655787885863075
1.270000000000000 0.650696620450300
1.280000000000000 0.645459739656699
1.290000000000000 0.640079576468704
1.300000000000000 0.634558452285450
1.310000000000000 0.629828284442368
1.320000000000000 0.624971112030720
1.330000000000000 0.619989014324456
1.340000000000000 0.614884058000442
1.350000000000000 0.609658296526684
1.360000000000000 0.604313769588391
1.370000000000000 0.598852502550410
1.380000000000000 0.593276505954608
1.390000000000000 0.587587775050826
1.400000000000000 0.581788289360064
1.410000000000000 0.576792596313649
1.420000000000000 0.571697603272916
1.430000000000000 0.566505065008985
1.440000000000000 0.561216721150084
1.450000000000000 0.555834295897149
1.460000000000000 0.550359497762662
1.470000000000000 0.544794019331685
1.480000000000000 0.539139537044207
1.490000000000000 0.533397710997840
1.500000000000000 0.527570184770009
1.510000000000000 0.522532553985604
1.520000000000000 0.517418382484047
1.530000000000000 0.512229116029826
1.540000000000000 0.506966185240068
1.550000000000000 0.501631005489434
1.560000000000000 0.496224976828719
1.570000000000000 0.490749483916517
1.580000000000000 0.485205895963341
1.590000000000000 0.479595566687622
1.600000000000000 0.473919834283002
1.610000000000000 0.469000430629796
1.620000000000000 0.464022788475795
1.630000000000000 0.458988078120782
1.640000000000000 0.453897456001880
1.650000000000000 0.448752064700693
1.660000000000000 0.443553032958158
1.670000000000000 0.438301475696737
1.680000000000000 0.432998494049551
1.690000000000000 0.427645175396096
1.700000000000000 0.422242593404185
1.710000000000000 0.417554714430150
1.720000000000000 0.412823091964720
1.730000000000000 0.408048660169134
1.740000000000000 0.403232341170716
1.750000000000000 0.398375045119533
1.760000000000000 0.393477670249139
1.770000000000000 0.388541102941168
1.780000000000000 0.383566217793539
1.790000000000000 0.378553877692050
1.800000000000000 0.373504933885146
1.810000000000000 0.369118236810134
1.820000000000000 0.364699103313108
1.830000000000000 0.360248271218158
1.840000000000000 0.355766468252897
1.850000000000000 0.351254412124174
1.860000000000000 0.346712810595744
1.870000000000000 0.342142361567729
1.880000000000000 0.337543753157757
1.890000000000000 0.332917663783629
1.900000000000000 0.328264762247388
1.910000000000000 0.324219573170388
1.920000000000000 0.320150667750915
1.930000000000000 0.316058623718265
1.940000000000000 0.311944010530542
1.950000000000000 0.307807389452801
1.960000000000000 0.303649313635914
1.970000000000000 0.299470328196104
1.980000000000000 0.295270970295051
1.990000000000000 0.291051769220497
2.000000000000000 0.286813246467278
2.010000000000000 0.283126964044458
2.020000000000000 0.279423616763389
2.030000000000000 0.275703653790169
2.040000000000000 0.271967517631466
2.050000000000000 0.268215644206768
2.060000000000000 0.264448462920723
2.070000000000000 0.260666396735528
2.080000000000000 0.256869862243320
2.090000000000000 0.253059269738525
2.100000000000000 0.249235023290129
2.110000000000000 0.245908967350413
2.120000000000000 0.242570867778466
2.130000000000000 0.239221071668985
2.140000000000000 0.235859920824707
2.150000000000000 0.232487751819273
2.160000000000000 0.229104896059886
2.170000000000000 0.225711679849712
2.180000000000000 0.222308424450011
2.190000000000000 0.218895446141980
2.200000000000000 0.215473056288279
2.210000000000000 0.212496843165633
2.220000000000000 0.209512336365685
2.230000000000000 0.206519802704899
2.240000000000000 0.203519504836529
2.250000000000000 0.200511701303295
2.260000000000000 0.197496646589696
2.270000000000000 0.194474591173968
2.280000000000000 0.191445781579666
2.290000000000000 0.188410460426862
2.300000000000000 0.185368866482946
2.310000000000000 0.182724740569995
2.320000000000000 0.180075090180708
2.330000000000000 0.177420119450029
2.340000000000000 0.174760029263744
2.350000000000000 0.172095017301483
2.360000000000000 0.169425278079330
2.370000000000000 0.166751002992052
2.380000000000000 0.164072380354950
2.390000000000000 0.161389595445307
2.400000000000000 0.158702830543446
2.410000000000000 0.156368675754265
2.420000000000000 0.154031015748111
2.430000000000000 0.151690006003629
2.440000000000000 0.149345799480256
2.450000000000000 0.146998546652670
2.460000000000000 0.144648395544873
2.470000000000000 0.142295491763928
2.480000000000000 0.139939978533332
2.490000000000000 0.137581996726038
2.500000000000000 0.135221684897111
2.510000000000000 0.133172766068806
2.520000000000000 0.131121792440844
2.530000000000000 0.129068881924819
2.540000000000000 0.127014150489660
2.550000000000000 0.124957712188838
2.560000000000000 0.122899679187272
2.570000000000000 0.120840161787919
2.580000000000000 0.118779268458062
2.590000000000000 0.116717105855285
2.600000000000000 0.114653778853140
2.610000000000000 0.112864839794875
2.620000000000000 0.111074868589504
2.630000000000000 0.109283954260009
2.640000000000000 0.107492184338528
2.650000000000000 0.105699644887630
2.660000000000000 0.103906420521310
2.670000000000000 0.102112594425744
2.680000000000000 0.100318248379779
2.690000000000000 0.098523462775164
2.700000000000000 0.096728316636533
2.710000000000000 0.095173778220021
2.720000000000000 0.093618911488770
2.730000000000000 0.092063783358111
2.740000000000000 0.090508459603981
2.750000000000000 0.088953004879400
2.760000000000000 0.087397482730732
2.770000000000000 0.085841955613741
2.780000000000000 0.084286484909438
2.790000000000000 0.082731130939721
2.800000000000000 0.081175952982807
2.810000000000000 0.079831613643295
2.820000000000000 0.078487414357608
2.830000000000000 0.077143405174626
2.840000000000000 0.075799635275963
2.850000000000000 0.074456152988642
2.860000000000000 0.073113005797594
2.870000000000000 0.071770240357996
2.880000000000000 0.070427902507436
2.890000000000000 0.069086037277927
2.900000000000000 0.067744688907746
2.910000000000000 0.066587535215377
2.920000000000000 0.065430818044543
2.930000000000000 0.064274574629114
2.940000000000000 0.063118841545379
2.950000000000000 0.061963654721735
2.960000000000000 0.060809049448233
2.970000000000000 0.059655060385999
2.980000000000000 0.058501721576526
2.990000000000000 0.057349066450837
3.000000000000000 0.056197127838521
3.010000000000000 0.055205710821846
3.020000000000000 0.054214903015436
3.030000000000000 0.053224731955481
3.040000000000000 0.052235224681499
3.050000000000000 0.051246407743696
3.060000000000000 0.050258307210223
3.070000000000000 0.049270948674325
3.080000000000000 0.048284357261403
3.090000000000000 0.047298557635962
3.100000000000000 0.046313574008478
3.110000000000000 0.045468241758512
3.120000000000000 0.044623603705242
3.130000000000000 0.043779680075515
3.140000000000000 0.042936490722565
3.150000000000000 0.042094055131572
3.160000000000000 0.041252392425147
3.170000000000000 0.040411521368731
3.180000000000000 0.039571460375932
3.190000000000000 0.038732227513774
3.200000000000000 0.037893840507880
3.210000000000000 0.037176728840386
3.220000000000000 0.036460335571855
3.230000000000000 0.035744675444522
3.240000000000000 0.035029762920804
3.250000000000000 0.034315612187483
3.260000000000000 0.033602237159826
3.270000000000000 0.032889651485649
3.280000000000000 0.032177868549320
3.290000000000000 0.031466901475712
3.300000000000000 0.030756763134089
3.310000000000000 0.030151703264824
3.320000000000000 0.029547345203271
3.330000000000000 0.028943699597625
3.340000000000000 0.028340776887517
3.350000000000000 0.027738587307133
3.360000000000000 0.027137140888305
3.370000000000000 0.026536447463543
3.380000000000000 0.025936516669030
3.390000000000000 0.025337357947577
3.400000000000000 0.024738980551531
3.410000000000000 0.024231458212825
3.420000000000000 0.023724594931310
3.430000000000000 0.023218398316909
3.440000000000000 0.022712875824916
3.450000000000000 0.022208034758324
3.460000000000000 0.021703882270113
3.470000000000000 0.021200425365513
3.480000000000000 0.020697670904226
3.490000000000000 0.020195625602626
3.500000000000000 0.019694296035920
3.510000000000000 0.019271425589687
3.520000000000000 0.018849155776912
3.530000000000000 0.018427491967207
3.540000000000000 0.018006439416260
3.550000000000000 0.017586003267555
3.560000000000000 0.017166188554067
3.570000000000000 0.016747000199929
3.580000000000000 0.016328443022079
3.590000000000000 0.015910521731883
3.600000000000000 0.015493240936731
3.610000000000000 0.015143490610107
3.620000000000000 0.014794274527308
3.630000000000000 0.014445596419896
3.640000000000000 0.014097459936094
3.650000000000000 0.013749868642048
3.660000000000000 0.013402826023069
3.670000000000000 0.013056335484859
3.680000000000000 0.012710400354721
3.690000000000000 0.012365023882744
3.700000000000000 0.012020209242982
3.710000000000000 0.011733425929756
3.720000000000000 0.011447107719347
3.730000000000000 0.011161257156648
3.740000000000000 0.010875876726103
3.750000000000000 0.010590968852623
3.760000000000000 0.010306535902497
3.770000000000000 0.010022580184279
3.780000000000000 0.009739103949667
3.790000000000000 0.009456109394376
3.800000000000000 0.009173598658985
3.810000000000000 0.008940806208572
3.820000000000000 0.008708410632871
3.830000000000000 0.008476413627229
3.840000000000000 0.008244816843589
3.850000000000000 0.008013621891152
3.860000000000000 0.007782830337030
3.870000000000000 0.007552443706888
3.880000000000000 0.007322463485579
3.890000000000000 0.007092891117769
3.900000000000000 0.006863728008556
3.910000000000000 0.006677034710121
3.920000000000000 0.006490673356086
3.930000000000000 0.006304645042381
3.940000000000000 0.006118950834150
3.950000000000000 0.005933591766225
3.960000000000000 0.005748568843591
3.970000000000000 0.005563883041847
3.980000000000000 0.005379535307651
3.990000000000000 0.005195526559175
4.000000000000000 0.005011857686537
4.010000000000000 0.004864324146973
4.020000000000000 0.004717062439727
4.030000000000000 0.004570073245622
4.040000000000000 0.004423357223977
4.050000000000000 0.004276915012937
4.060000000000000 0.004130747229800
4.070000000000000 0.003984854471342
4.080000000000000 0.003839237314130
4.090000000000000 0.003693896314840
4.100000000000000 0.003548832010565
4.110000000000000 0.003434412612257
4.120000000000000 0.003320210533798
4.130000000000000 0.003206226175367
4.140000000000000 0.003092459922408
4.150000000000000 0.002978912145862
4.160000000000000 0.002865583202389
4.170000000000000 0.002752473434591
4.180000000000000 0.002639583171236
4.190000000000000 0.002526912727469
4.200000000000000 0.002414462405026
4.210000000000000 0.002327856970867
4.220000000000000 0.002241420362834
4.230000000000000 0.002155152797618
4.240000000000000 0.002069054482065
4.250000000000000 0.001983125613332
4.260000000000000 0.001897366379042
4.270000000000000 0.001811776957428
4.280000000000000 0.001726357517486
4.290000000000000 0.001641108219118
4.300000000000000 0.001556029213277
4.310000000000000 0.001492624569032
4.320000000000000 0.001429346317105
4.330000000000000 0.001366194559842
4.340000000000000 0.001303169393237
4.350000000000000 0.001240270907032
4.360000000000000 0.001177499184817
4.370000000000000 0.001114854304125
4.380000000000000 0.001052336336534
4.390000000000000 0.000989945347756
4.400000000000000 0.000927681397735
4.410000000000000 0.000883462858672
4.420000000000000 0.000839334179466
4.430000000000000 0.000795295396439
4.440000000000000 0.000751346542014
4.450000000000000 0.000707487644780
4.460000000000000 0.000663718729548
4.470000000000000 0.000620039817416
4.480000000000000 0.000576450925827
4.490000000000000 0.000532952068631
4.500000000000000 0.000489543256138
4.510000000000000 0.000461025620698
4.520000000000000 0.000432566909492
4.530000000000000 0.000404167125740
4.540000000000000 0.000375826270453
4.550000000000000 0.000347544342471
4.560000000000000 0.000319321338493
4.570000000000000 0.000291157253119
4.580000000000000 0.000263052078879
4.590000000000000 0.000235005806269
4.600000000000000 0.000207018423785
4.610000000000000 0.000191175985411
4.620000000000000 0.000175366755292
4.630000000000000 0.000159590725173
4.640000000000000 0.000143847885727
4.650000000000000 0.000128138226565
4.660000000000000 0.000112461736262
4.670000000000000 0.000096818402369
4.680000000000000 0.000081208211430
4.690000000000000 0.000065631149004
4.700000000000000 0.000050087199675
4.710000000000000 0.000045030307190
4.720000000000000 0.000039984135494
4.730000000000000 0.000034948679184
4.740000000000000 0.000029923932554
4.750000000000000 0.000024909889605
4.760000000000000 0.000019906544046
4.770000000000000 0.000014913889301
4.780000000000000 0.000009931918512
4.790000000000000 0.000004960624546
4.800000000000000 0.000000000000000
4.810000000000000 0.000000000000000
4.820000000000000 0.000000000000000
4.830000000000000 0.000000000000000
4.840000000000000 0.000000000000000
4.850000000000000 0.000000000000000
4.860000000000000 0.000000000000000
4.870000000000000 0.000000000000000
4.880000000000000 0.000000000000000
4.890000000000000 0.000000000000000
4.900000000000000 -0.000000000000000
4.910000000000000 0.000000000000000
4.920000000000000 0.000000000000000
4.930000000000000 0.000000000000000
4.940000000000000 0.000000000000000
4.950000000000000 0.000000000000000
4.960000000000000 0.000000000000000
4.970000000000000 0.000000000000000
4.980000000000000 0.000000000000000
4.990000000000000 0.000000000000000
5.000000000000000 -0.000000000000000
5.010000000000000 0.000000000000000
5.020000000000000 0.000000000000000
5.030000000000000 0.000000000000000
5.040000000000000 0.000000000000000
5.050000000000000 0.000000000000000
5.060000000000000 0.000000000000000
5.070000000000000 0.000000000000000
5.080000000000000 0.000000000000000
5.090000000000000 0.000000000000000
5.100000000000000 -0.000000000000000
5.110000000000000 0.000000000000000
5.120000000000000 0.000000000000000
5.130000000000000 0.000000000000000
5.140000000000000 0.000000000000000
5.150000000000000 0.000000000000000
5.160000000000000 0.000000000000000
5.170000000000000 0.000000000000000
5.180000000000000 0.000000000000000
5.190000000000000 0.000000000000000
5.200000000000000 -0.000000000000000
5.210000000000000 0.000000000000000
5.220000000000000 0.000000000000000
5.230000000000000 0.000000000000000
5.240000000000000 0.000000000000000
5.250000000000000 0.000000000000000
5.260000000000000 0.000000000000000
5.270000000000000 0.000000000000000
5.280000000000000 0.000000000000000
5.290000000000000 0.000000000000000
5.300000000000000 0.000000000000000
5.310000000000000 0.000000000000000
5.320000000000000 0.000000000000000
5.330000000000000 0.000000000000000
5.340000000000000 0.000000000000000
5.350000000000000 0.000000000000000
5.360000000000000 0.000000000000000
5.370000000000000 0.000000000000000
5.380000000000000 0.000000000000000
5.390000000000000 0.000000000000000
5.400000000000000 -0.000000000000000
5.410000000000000 0.000000000000000
5.420000000000000 0.000000000000000
5.430000000000000 0.000000000000000
5.440000000000000 0.000000000000000
5.450000000000000 0.000000000000000
5.460000000000000 0.000000000000000
5.470000000000000 0.000000000000000
5.480000000000000 0.000000000000000
5.490000000000000 0.000000000000000
5.500000000000000 -0.000000000000000
5.510000000000000 0.000000000000000
5.520000000000000 0.000000000000000
5.530000000000000 0.000000000000000
5.540000000000000 0.000000000000000
5.550000000000000 0.000000000000000
5.560000000000000 0.000000000000000
5.570000000000000 0.000000000000000
5.580000000000000 0.000000000000000
5.590000000000000 0.000000000000000
5.600000000000000 -0.000000000000000
5.610000000000000 0.000000000000000
5.620000000000000 0.000000000000000
5.630000000000000 0.000000000000000
5.640000000000000 0.000000000000000
5.650000000000000 0.000000000000000
5.660000000000000 0.000000000000000
5.670000000000000 0.000000000000000
5.680000000000000 0.000000000000000
5.690000000000000 0.000000000000000
5.700000000000000 -0.000000000000000
5.710000000000000 0.000000000000000
5.720000000000000 0.000000000000000
5.730000000000000 0.000000000000000
5.740000000000000 0.000000000000000
5.750000000000000 0.000000000000000
5.760000000000000 0.000000000000000
5.770000000000000 0.000000000000000
5.780000000000000 0.000000000000000
5.790000000000000 0.000000000000000
5.800000000000000 0.000000000000000
5.810000000000000 0.000000000000000
5.820000000000000 0.000000000000000
5.830000000000000 0.000000000000000
5.840000000000000 0.000000000000000
5.850000000000000 0.000000000000000
5.860000000000000 0.000000000000000
5.870000000000000 0.000000000000000
5.880000000000000 0.000000000000000
5.890000000000000 0.000000000000000
5.900000000000000 -0.000000000000000
5.910000000000000 0.000000000000000
5.920000000000000 0.000000000000000
5.930000000000000 0.000000000000000
5.940000000000000 0.000000000000000
5.950000000000000 0.000000000000000
5.960000000000000 0.000000000000000
5.970000000000000 0.000000000000000
5.980000000000000 0.000000000000000
5.990000000000000 0.000000000000000
6.000000000000000 -0.000000000000000
6.010000000000000 0.000000000000000
6.020000000000000 0.000000000000000
6.030000000000000 0.000000000000000
6.040000000000000 0.000000000000000
6.050000000000000 0.000000000000000
6.060000000000000 0.000000000000000
6.070000000000000 0.000000000000000
6.080000000000000 0.000000000000000
6.090000000000000 0.000000000000000
6.100000000000000 -0.000000000000000
6.110000000000000 0.000000000000000
6.120000000000000 0.000000000000000
6.130000000000000 0.000000000000000
6.140000000000000 0.000000000000000
6.150000000000000 0.000000000000000
6.160000000000000 0.000000000000000
6.170000000000000 0.000000000000000
6.180000000000000 0.000000000000000
6.190000000000000 0.000000000000000
6.200000000000000 -0.000000000000000
6.210000000000000 0.000000000000000
6.220000000000000 0.000000000000000
6.230000000000000 0.000000000000000
6.240000000000000 0.000000000000000
6.250000000000000 0.000000000000000
6.260000000000000 0.000000000000000
6.270000000000000 0.000000000000000
6.280000000000000 0.000000000000000
6.290000000000000 0.000000000000000
6.300000000000000 0.000000000000000
6.310000000000000 0.000000000000000
6.320000000000000 0.000000000000000
6.330000000000000 0.000000000000000
6.340000000000000 0.000000000000000
6.350000000000000 0.000000000000000
6.360000000000000 0.000000000000000
6.370000000000000 0.000000000000000
6.380000000000000 0.000000000000000
6.390000000000000 0.000000000000000
6.400000000000000 -0.000000000000000
6.410000000000000 0.000000000000000
6.420000000000000 0.000000000000000
6.430000000000000 0.000000000000000
6.440000000000000 0.000000000000000
6.450000000000000 0.000000000000000
6.460000000000000 0.000000000000000
6.470000000000000 0.000000000000000
6.480000000000000 0.000000000000000
6.490000000000000 0.000000000000000
6.500000000000000 -0.000000000000000
6.510000000000000 0.000000000000000
6.520000000000000 0.000000000000000
6.530000000000000 0.000000000000000
6.540000000000000 0.000000000000000
6.550000000000000 0.000000000000000
6.560000000000000 0.000000000000000
6.570000000000000 0.000000000000000
6.580000000000000 0.000000000000000
6.590000000000000 0.000000000000000
6.600000000000000 -0.000000000000000
6.610000000000000 0.000000000000000
6.620000000000000 0.000000000000000
6.630000000000000 0.000000000000000
6.640000000000000 0.000000000000000
6.650000000000000 0.000000000000000
6.660000000000000 0.000000000000000
6.670000000000000 0.000000000000000
6.680000000000000 0.000000000000000
6.690000000000000 0.000000000000000
6.700000000000000 -0.000000000000000
6.710000000000000 0.000000000000000
6.720000000000000 0.000000000000000
6.730000000000000 0.000000000000000
6.740000000000000 0.000000000000000
6.750000000000000 0.000000000000000
6.760000000000000 0.000000000000000
6.770000000000000 0.000000000000000
6.780000000000000 0.000000000000000
6.790000000000000 0.000000000000000
6.800000000000000 0.000000000000000
6.810000000000000 0.000000000000000
6.820000000000000 0.000000000000000
6.830000000000000 0.000000000000000
6.840000000000000 0.000000000000000
6.850000000000000 0.000000000000000
6.860000000000000 0.000000000000000
6.870000000000000 0.000000000000000
6.880000000000000 0.000000000000000
6.890000000000000 0.000000000000000
6.900000000000000 -0.000000000000000
6.910000000000000 0.000000000000000
6.920000000000000 0.000000000000000
6.930000000000000 0.000000000000000
6.940000000000000 0.000000000000000
6.950000000000000 0.000000000000000
6.960000000000000 0.000000000000000
6.970000000000000 0.000000000000000
6.980000000000000 0.000000000000000
6.990000000000000 0.000000000000000
7.000000000000000 -0.000000000000000
7.010000000000000 0.000000000000000
7.020000000000000 0.000000000000000
7.030000000000000 0.000000000000000
7.040000000000000 0.000000000000000
7.050000000000000 0.000000000000000
7.060000000000000 0.000000000000000
7.070000000000000 0.000000000000000
7.080000000000000 0.000000000000000
7.090000000000000 0.000000000000000
7.100000000000000 -0.000000000000000
7.110000000000000 0.000000000000000
7.120000000000000 0.000000000000000
7.130000000000000 0.000000000000000
7.140000000000000 0.000000000000000
7.150000000000000 0.000000000000000
7.160000000000000 0.000000000000000
7.170000000000000 0.000000000000000
7.180000000000000 0.000000000000000
7.190000000000000 0.000000000000000
7.200000000000000 -0.000000000000000
7.210000000000000 0.000000000000000
7.220000000000000 0.000000000000000
7.230000000000000 0.000000000000000
7.240000000000000 0.000000000000000
7.250000000000000 0.000000000000000
7.260000000000000 0.000000000000000
7.270000000000000 0.000000000000000
7.280000000000000 0.000000000000000
7.290000000000000 0.000000000000000
7.300000000000000 0.000000000000000
7.310000000000000 0.000000000000000
7.320000000000000 0.000000000000000
7.330000000000000 0.000000000000000
7.340000000000000 0.000000000000000
7.350000000000000 0.000000000000000
7.360000000000000 0.000000000000000
7.370000000000000 0.000000000000000
7.380000000000000 0.000000000000000
7.390000000000000 0.000000000000000
7.400000000000000 -0.000000000000000
7.410000000000000 0.000000000000000
7.420000000000000 0.000000000000000
7.430000000000000 0.000000000000000
7.440000000000000 0.000000000000000
7.450000000000000 0.000000000000000
7.460000000000000 0.000000000000000
7.470000000000000 0.000000000000000
7.480000000000000 0.000000000000000
7.490000000000000 0.000000000000000
7.500000000000000 -0.000000000000000
7.510000000000000 0.000000000000000
7.520000000000000 0.000000000000000
7.530000000000000 0.000000000000000
7.540000000000000 0.000000000000000
7.550000000000000 0.000000000000000
7.560000000000000 0.000000000000000
7.570000000000000 0.000000000000000
7.580000000000000 0.000000000000000
7.590000000000000 0.000000000000000
7.600000000000000 -0.000000000000000
7.610000000000000 0.000000000000000
7.620000000000000 0.000000000000000
7.630000000000000 0.000000000000000
7.640000000000000 0.000000000000000
7.650000000000000 0.000000000000000
7.660000000000000 0.000000000000000
7.670000000000000 0.000000000000000
7.680000000000000 0.000000000000000
7.690000000000000 0.000000000000000
7.700000000000000 -0.000000000000000
7.710000000000000 0.000000000000000
7.720000000000000 0.000000000000000
7.730000000000000 0.000000000000000
7.740000000000000 0.000000000000000
7.750000000000000 0.000000000000000
7.760000000000000 0.000000000000000
7.770000000000000 0.000000000000000
7.780000000000000 0.000000000000000
7.790000000000000 0.000000000000000
7.800000000000000 0.000000000000000
7.810000000000000 0.000000000000000
7.820000000000000 0.000000000000000
7.830000000000000 0.000000000000000
7.840000000000000 0.000000000000000
7.850000000000000 0.000000000000000
7.860000000000000 0.000000000000000
7.870000000000000 0.000000000000000
7.880000000000000 0.000000000000000
7.890000000000000 0.000000000000000
7.900000000000000 -0.000000000000000
7.910000000000000 0.000000000000000
7.920000000000000 0.000000000000000
7.930000000000000 0.000000000000000
7.940000000000000 0.000000000000000
7.950000000000000 0.000000000000000
7.960000000000000 0.000000000000000
7.970000000000000 0.000000000000000
7.980000000000000 0.000000000000000
7.990000000000000 0.000000000000000
8.000000000000000 -0.000000000000000
8.010000000000000 0.000000000000000
8.020000000000000 0.000000000000000
8.029999999999999 0.000000000000000
8.039999999999999 0.000000000000000
8.050000000000001 0.000000000000000
8.060000000000000 0.000000000000000
8.070000000000000 0.000000000000000
8.080000000000000 0.000000000000000
8.090000000000000 0.000000000000000
8.100000000000000 -0.000000000000000
8.109999999999999 0.000000000000000
8.119999999999999 0.000000000000000
8.130000000000001 0.000000000000000
8.140000000000001 0.000000000000000
8.150000000000000 0.000000000000000
8.160000000000000 0.000000000000000
8.170000000000000 0.000000000000000
8.180000000000000 0.000000000000000
8.190000000000000 0.000000000000000
8.199999999999999 0.000000000000000
8.210000000000001 0.000000000000000
8.220000000000001 0.000000000000000
8.230000000000000 0.000000000000000
8.240000000000000 0.000000000000000
8.250000000000000 0.000000000000000
8.260000000000000 0.000000000000000
8.270000000000000 0.000000000000000
8.279999999999999 0.000000000000000
8.289999999999999 0.000000000000000
8.300000000000001 -0.000000000000000
8.310000000000000 0.000000000000000
8.320000000000000 0.000000000000000
8.330000000000000 0.000000000000000
8.340000000000000 0.000000000000000
8.350000000000000 0.000000000000000
8.359999999999999 0.000000000000000
8.369999999999999 0.000000000000000
8.380000000000001 0.000000000000000
8.390000000000001 0.000000000000000
8.400000000000000 -0.000000000000000
8.410000000000000 0.000000000000000
8.420000000000000 0.000000000000000
8.430000000000000 0.000000000000000
8.440000000000000 0.000000000000000
8.449999999999999 0.000000000000000
8.460000000000001 0.000000000000000
8.470000000000001 0.000000000000000
8.480000000000000 0.000000000000000
8.490000000000000 0.000000000000000
8.500000000000000 -0.000000000000000
8.510000000000000 0.000000000000000
8.520000000000000 0.000000000000000
8.529999999999999 0.000000000000000
8.539999999999999 0.000000000000000
8.550000000000001 0.000000000000000
8.560000000000000 0.000000000000000
8.570000000000000 0.000000000000000
8.580000000000000 0.000000000000000
8.590000000000000 0.000000000000000
8.600000000000000 -0.000000000000000
8.609999999999999 0.000000000000000
8.619999999999999 0.000000000000000
8.630000000000001 0.000000000000000
8.640000000000001 0.000000000000000
8.650000000000000 0.000000000000000
8.660000000000000 0.000000000000000
8.670000000000000 0.000000000000000
8.680000000000000 0.000000000000000
8.690000000000000 0.000000000000000
8.699999999999999 -0.000000000000000
8.710000000000001 0.000000000000000
8.720000000000001 0.000000000000000
8.730000000000000 0.000000000000000
8.740000000000000 0.000000000000000
8.750000000000000 0.000000000000000
8.760000000000000 0.000000000000000
8.770000000000000 0.000000000000000
8.779999999999999 0.000000000000000
8.789999999999999 0.000000000000000
8.800000000000001 -0.000000000000000
8.810000000000000 0.000000000000000
8.820000000000000 0.000000000000000
8.830000000000000 0.000000000000000
8.840000000000000 0.000000000000000
8.850000000000000 0.000000000000000
8.859999999999999 0.000000000000000
8.869999999999999 0.000000000000000
8.880000000000001 0.000000000000000
8.890000000000001 0.000000000000000
8.900000000000000 -0.000000000000000
8.910000000000000 0.000000000000000
8.920000000000000 0.000000000000000
8.930000000000000 0.000000000000000
8.940000000000000 0.000000000000000
8.949999999999999 0.000000000000000
8.960000000000001 0.000000000000000
8.970000000000001 0.000000000000000
8.980000000000000 0.000000000000000
8.990000000000000 0.000000000000000
9.000000000000000 -0.000000000000000
9.010000000000000 0.000000000000000
9.020000000000000 0.000000000000000
9.029999999999999 0.000000000000000
9.039999999999999 0.000000000000000
9.050000000000001 0.000000000000000
9.060000000000000 0.000000000000000
9.070000000000000 0.000000000000000
9.080000000000000 0.000000000000000
9.090000000000000 0.000000000000000
9.100000000000000 -0.000000000000000
9.109999999999999 0.000000000000000
9.119999999999999 0.000000000000000
9.130000000000001 0.000000000000000
9.140000000000001 0.000000000000000
9.150000000000000 0.000000000000000
9.160000000000000 0.000000000000000
9.170000000000000 0.000000000000000
9.180000000000000 0.000000000000000
9.190000000000000 0.000000000000000
9.199999999999999 -0.000000000000000
9.210000000000001 0.000000000000000
9.220000000000001 0.000000000000000
9.230000000000000 0.000000000000000
9.240000000000000 0.000000000000000
9.250000000000000 0.000000000000000
9.260000000000000 0.000000000000000
9.270000000000000 0.000000000000000
9.279999999999999 0.000000000000000
9.289999999999999 0.000000000000000
9.300000000000001 -0.000000000000000
9.310000000000000 0.000000000000000
9.320000000000000 0.000000000000000
9.330000000000000 0.000000000000000
9.340000000000000 0.000000000000000
9.350000000000000 0.000000000000000
9.359999999999999 0.000000000000000
9.369999999999999 0.000000000000000
9.380000000000001 0.000000000000000
9.390000000000001 0.000000000000000
9.400000000000000 -0.000000000000000
9.410000000000000 0.000000000000000
9.420000000000000 0.000000000000000
9.430000000000000 0.000000000000000
9.440000000000000 0.000000000000000
9.449999999999999 0.000000000000000
9.460000000000001 0.000000000000000
9.470000000000001 0.000000000000000
9.480000000000000 0.000000000000000
9.490000000000000 0.000000000000000
9.500000000000000 -0.000000000000000
9.510000000000000 0.000000000000000
9.520000000000000 0.000000000000000
9.529999999999999 0.000000000000000
9.539999999999999 0.000000000000000
9.550000000000001 0.000000000000000
9.560000000000000 0.000000000000000
9.570000000000000 0.000000000000000
9.580000000000000 0.000000000000000
9.590000000000000 0.000000000000000
9.600000000000000 0.000000000000000
9.609999999999999 0.000000000000000
9.619999999999999 0.000000000000000
9.630000000000001 0.000000000000000
9.640000000000001 0.000000000000000
9.650000000000000 0.000000000000000
9.660000000000000 0.000000000000000
9.670000000000000 0.000000000000000
9.680000000000000 0.000000000000000
9.690000000000000 0.000000000000000
9.699999999999999 -0.000000000000000
9.710000000000001 0.000000000000000
9.720000000000001 0.000000000000000
9.730000000000000 0.000000000000000
9.740000000000000 0.000000000000000
9.750000000000000 0.000000000000000
9.760000000000000 0.000000000000000
9.770000000000000 0.000000000000000
9.779999999999999 0.000000000000000
9.789999999999999 0.000000000000000
9.800000000000001 -0.000000000000000
9.810000000000000 0.000000000000000
9.820000000000000 0.000000000000000
9.830000000000000 0.000000000000000
9.840000000000000 0.000000000000000
9.850000000000000 0.000000000000000
9.859999999999999 0.000000000000000
9.869999999999999 0.000000000000000
9.880000000000001 0.000000000000000
9.890000000000001 0.000000000000000
9.900000000000000 -0.000000000000000
9.910000000000000 0.000000000000000
9.920000000000000 0.000000000000000
9.930000000000000 0.000000000000000
9.940000000000000 0.000000000000000
9.949999999999999 0.000000000000000
9.960000000000001 0.000000000000000
9.970000000000001 0.000000000000000
9.980000000000000 0.000000000000000
9.990000000000000 0.000000000000000
10.000000000000000 -0.000000000000000
