0.000000000000000 0.000000000000000
0.010000000000000 0.000218520467741
0.020000000000000 0.000874212297394
0.030000000000000 0.001966984038071
0.040000000000000 0.003496369379283
0.050000000000000 0.005461537330163
0.060000000000000 0.007861302694978
0.070000000000000 0.010694136813320
0.080000000000000 0.013958178533601
0.090000000000000 0.017651245388776
0.100000000000000 0.021770844943652
0.110000000000000 0.026236142171045
0.120000000000000 0.031094094334116
0.130000000000000 0.036338337791045
0.140000000000000 0.041962379154998
0.150000000000000 0.047959605624352
0.160000000000000 0.054323295178361
0.170000000000000 0.061046626620770
0.180000000000000 0.068122689455072
0.190000000000000 0.075544493576230
0.200000000000000 0.083304978764884
0.210000000000000 0.091195292856059
0.220000000000000 0.099374868981566
0.230000000000000 0.107834893298467
0.240000000000000 0.116566609902682
0.250000000000000 0.125561327352754
0.260000000000000 0.134810424880762
0.270000000000000 0.144305358289929
0.280000000000000 0.154037665539380
0.290000000000000 0.163998972017344
0.300000000000000 0.174180995504903
0.310000000000000 0.184260322331742
0.320000000000000 0.194509467268808
0.330000000000000 0.204919694705841
0.340000000000000 0.215482438746258
0.350000000000000 0.226189305017669
0.360000000000000 0.237032072190571
0.370000000000000 0.248002693214917
0.380000000000000 0.259093296284521
0.390000000000000 0.270296185539461
0.400000000000000 0.281603841516776
0.410000000000000 0.292604634405972
0.420000000000000 0.303664512363269
0.430000000000000 0.314776202350635
0.440000000000000 0.325932645495389
0.450000000000000 0.337126995108895
0.460000000000000 0.348352614528549
0.470000000000000 0.359603074795025
0.480000000000000 0.370872152176518
0.490000000000000 0.382153825551433
0.500000000000000 0.393442273660702
0.510000000000000 0.404271015871215
0.520000000000000 0.415069083996304
0.530000000000000 0.425831213272948
0.540000000000000 0.436552349702672
0.550000000000000 0.447227645839090
0.560000000000000 0.457852456523737
0.570000000000000 0.468422334579607
0.580000000000000 0.478933026471351
0.590000000000000 0.489380467940671
0.600000000000000 0.499760779625015
0.610000000000000 0.509572619478009
0.620000000000000 0.519288195291865
0.630000000000000 0.528904258420256
0.640000000000000 0.538417740849532
0.650000000000000 0.547825750167262
0.660000000000000 0.557125564571835
0.670000000000000 0.566314627928441
0.680000000000000 0.575390544876351
0.690000000000000 0.584351075992034
0.700000000000000 0.593194133012252
0.710000000000000 0.601415314207409
0.720000000000000 0.609497878560350
0.730000000000000 0.617440316743215
0.740000000000000 0.625241259147509
0.750000000000000 0.632899471020582
0.760000000000000 0.640413847694135
0.770000000000000 0.647783409906483
0.780000000000000 0.655007299220046
0.790000000000000 0.662084773535272
0.800000000000000 0.669015202701954
0.810000000000000 0.675287886408066
0.820000000000000 0.681398467752028
0.830000000000000 0.687346796550532
0.840000000000000 0.693132821402977
0.850000000000000 0.698756585513963
0.860000000000000 0.704218222625155
0.870000000000000 0.709517953055902
0.880000000000000 0.714656079851823
0.890000000000000 0.719632985040455
0.900000000000000 0.724449125992915
0.910000000000000 0.728623143707280
0.920000000000000 0.732626752806154
0.930000000000000 0.736460772597652
0.940000000000000 0.740126085423284
0.950000000000000 0.743623633363027
0.960000000000000 0.746954415045337
0.970000000000000 0.750119482560235
0.980000000000000 0.753119938473585
0.990000000000000 0.755956932940610
1.000000000000000 0.758631660916683
1.010000000000000 0.760711096540534
1.020000000000000 0.762622876006964
1.030000000000000 0.764368444491541
1.040000000000000 0.765949281803613
1.050000000000000 0.767366899960466
1.060000000000000 0.768622840850994
1.070000000000000 0.769718673986621
1.080000000000000 0.770655994337284
1.090000000000000 0.771436420250252
1.100000000000000 0.772061591449599
1.110000000000000 0.772130783920375
1.120000000000000 0.772042063182760
1.130000000000000 0.771797232573171
1.140000000000000 0.771398109092468
1.150000000000000 0.770846521725933
1.160000000000000 0.770144309834066
1.170000000000000 0.769293321612040
1.180000000000000 0.768295412615749
1.190000000000000 0.767152444352370
1.200000000000000 0.765866282933436
1.210000000000000 0.764137360724173
1.220000000000000 0.762265298559096
1.230000000000000 0.760252043032601
1.240000000000000 0.758099539982733
1.250000000000000 0.755809733406957
1.260000000000000 0.753384564430582
1.270000000000000 0.750825970326024
1.280000000000000 0.748135883581167
1.290000000000000 0.745316231015103
1.300000000000000 0.742368932939577
1.310000000000000 0.739088265322993
1.320000000000000 0.735681681384957
1.330000000000000 0.732151122572988
1.340000000000000 0.728498520450964
1.350000000000000 0.724725796058628
1.360000000000000 0.720834859308317
1.370000000000000 0.716827608417508
1.380000000000000 0.712705929375816
1.390000000000000 0.708471695445121
1.400000000000000 0.704126766691528
1.410000000000000 0.699578473210533
1.420000000000000 0.694922382343954
1.430000000000000 0.690160330212391
1.440000000000000 0.685294137951587
1.450000000000000 0.680325611384571
1.460000000000000 0.675256540718888
1.470000000000000 0.670088700267883
1.480000000000000 0.664823848195024
1.490000000000000 0.659463726280306
1.500000000000000 0.654010059707770
1.510000000000000 0.648525882594164
1.520000000000000 0.642951976229845
1.530000000000000 0.637290004593315
1.540000000000000 0.631541614544521
1.550000000000000 0.625708435704813
1.560000000000000 0.619792080352939
1.570000000000000 0.613794143336353
1.580000000000000 0.607716201997123
1.590000000000000 0.601559816111750
1.600000000000000 0.595326527844266
1.610000000000000 0.589220737381677
1.620000000000000 0.583042197317728
1.630000000000000 0.576792366842784
1.640000000000000 0.570472687885439
1.650000000000000 0.564084585120678
1.660000000000000 0.557629465987684
1.670000000000000 0.551108720716805
1.680000000000000 0.544523722365202
1.690000000000000 0.537875826860717
1.700000000000000 0.531166373053523
1.710000000000000 0.524781187131304
1.720000000000000 0.518338789993310
1.730000000000000 0.511840419903291
1.740000000000000 0.505287299056506
1.750000000000000 0.498680633658412
1.760000000000000 0.492021614008691
1.770000000000000 0.485311414590286
1.780000000000000 0.478551194163150
1.790000000000000 0.471742095862399
1.800000000000000 0.464885247300593
1.810000000000000 0.458505957834722
1.820000000000000 0.452083004199536
1.830000000000000 0.445617408770738
1.840000000000000 0.439110179758378
1.850000000000000 0.432562311316925
1.860000000000000 0.425974783657914
1.870000000000000 0.419348563164976
1.880000000000000 0.412684602511061
1.890000000000000 0.405983840777670
1.900000000000000 0.399247203575928
1.910000000000000 0.393121580728442
1.920000000000000 0.386963714577947
1.930000000000000 0.380774427125693
1.940000000000000 0.374554528417610
1.950000000000000 0.368304816660755
1.960000000000000 0.362026078340695
1.970000000000000 0.355719088339702
1.980000000000000 0.349384610055659
1.990000000000000 0.343023395521556
2.000000000000000 0.336636185525494
2.010000000000000 0.330963298309127
2.020000000000000 0.325267465894215
2.030000000000000 0.319549332026591
2.040000000000000 0.313809530734722
2.050000000000000 0.308048686437963
2.060000000000000 0.302267414054837
2.070000000000000 0.296466319111284
2.080000000000000 0.290645997848811
2.090000000000000 0.284807037332492
2.100000000000000 0.278950015558754
2.110000000000000 0.273865044372582
2.120000000000000 0.268764407882682
2.130000000000000 0.263648597733811
2.140000000000000 0.258518097927262
2.150000000000000 0.253373384913800
2.160000000000000 0.248214927686192
2.170000000000000 0.243043187871319
2.180000000000000 0.237858619821812
2.190000000000000 0.232661670707210
2.200000000000000 0.227452780604583
2.210000000000000 0.223023600341777
2.220000000000000 0.218584224037150
2.230000000000000 0.214135018620976
2.240000000000000 0.209676345178934
2.250000000000000 0.205208559027571
2.260000000000000 0.200732009789223
2.270000000000000 0.196247041466376
2.280000000000000 0.191753992515447
2.290000000000000 0.187253195919988
2.300000000000000 0.182744979263278
2.310000000000000 0.178984085230852
2.320000000000000 0.175216937891375
2.330000000000000 0.171443805353029
2.340000000000000 0.167664951364033
2.350000000000000 0.163880635371393
2.360000000000000 0.160091112579112
2.370000000000000 0.156296634005851
2.380000000000000 0.152497446542033
2.390000000000000 0.148693793006394
2.400000000000000 0.144885912201975
2.410000000000000 0.141764463026556
2.420000000000000 0.138639482968033
2.430000000000000 0.135511164140793
2.440000000000000 0.132379695476901
2.450000000000000 0.129245262770328
2.460000000000000 0.126108048720712
2.470000000000000 0.122968232976639
2.480000000000000 0.119825992178459
2.490000000000000 0.116681500000624
2.500000000000000 0.113534927193555
2.510000000000000 0.110993727176754
2.520000000000000 0.108450788984788
2.530000000000000 0.105906247958500
2.540000000000000 0.103360237158024
2.550000000000000 0.100812887395209
2.560000000000000 0.098264327265671
2.570000000000000 0.095714683180457
2.580000000000000 0.093164079397341
2.590000000000000 0.090612638051742
2.600000000000000 0.088060479187262
2.610000000000000 0.086026733336542
2.620000000000000 0.083992367774150
2.630000000000000 0.081957476381680
2.640000000000000 0.079922151432093
2.650000000000000 0.077886483612975
2.660000000000000 0.075850562049504
2.670000000000000 0.073814474327130
2.680000000000000 0.071778306513973
2.690000000000000 0.069742143182929
2.700000000000000 0.067706067433503
2.710000000000000 0.066099147519679
2.720000000000000 0.064492260133355
2.730000000000000 0.062885469612133
2.740000000000000 0.061278839172403
2.750000000000000 0.059672430925758
2.760000000000000 0.058066305895197
2.770000000000000 0.056460524031109
2.780000000000000 0.054855144227057
2.790000000000000 0.053250224335346
2.800000000000000 0.051645821182386
2.810000000000000 0.050392017315182
2.820000000000000 0.049138589118868
2.830000000000000 0.047885580146286
2.840000000000000 0.046633033177730
2.850000000000000 0.045380990232369
2.860000000000000 0.044129492579500
2.870000000000000 0.042878580749665
2.880000000000000 0.041628294545605
2.890000000000000 0.040378673053077
2.900000000000000 0.039129754651509
2.910000000000000 0.038160640212043
2.920000000000000 0.037192050551505
2.930000000000000 0.036224014861555
2.940000000000000 0.035256561806059
2.950000000000000 0.034289719528934
2.960000000000000 0.033323515661901
2.970000000000000 0.032357977332115
2.980000000000000 0.031393131169707
2.990000000000000 0.030429003315203
3.000000000000000 0.029465619426856
3.010000000000000 0.028722356396563
3.020000000000000 0.027979652199777
3.030000000000000 0.027237526227935
3.040000000000000 0.026495997514382
3.050000000000000 0.025755084739723
3.060000000000000 0.025014806237107
3.070000000000000 0.024275179997432
3.080000000000000 0.023536223674482
3.090000000000000 0.022797954589984
3.100000000000000 0.022060389738602
3.110000000000000 0.021494362796580
3.120000000000000 0.020928865288549
3.130000000000000 0.020363909981787
3.140000000000000 0.019799509402134
3.150000000000000 0.019235675837620
3.160000000000000 0.018672421342043
3.170000000000000 0.018109757738487
3.180000000000000 0.017547696622795
3.190000000000000 0.016986249367000
3.200000000000000 0.016425427122691
3.210000000000000 0.015996971637503
3.220000000000000 0.015568985695217
3.230000000000000 0.015141477629335
3.240000000000000 0.014714455611445
3.250000000000000 0.014287927653658
3.260000000000000 0.013861901611016
3.270000000000000 0.013436385183859
3.280000000000000 0.013011385920162
3.290000000000000 0.012586911217838
3.300000000000000 0.012162968327006
3.310000000000000 0.011840339377669
3.320000000000000 0.011518109439847
3.330000000000000 0.011196283905577
3.340000000000000 0.010874868058814
3.350000000000000 0.010553867077061
3.360000000000000 0.010233286032981
3.370000000000000 0.009913129895981
3.380000000000000 0.009593403533775
3.390000000000000 0.009274111713926
3.400000000000000 0.008955259105361
3.410000000000000 0.008713453794338
3.420000000000000 0.008471977485935
3.430000000000000 0.008230833636622
3.440000000000000 0.007990025631026
3.450000000000000 0.007749556783012
3.460000000000000 0.007509430336763
3.470000000000000 0.007269649467829
3.480000000000000 0.007030217284175
3.490000000000000 0.006791136827203
3.500000000000000 0.006552411072764
3.510000000000000 0.006372164250203
3.520000000000000 0.006192182309866
3.530000000000000 0.006012467442661
3.540000000000000 0.005833021791974
3.550000000000000 0.005653847454395
3.560000000000000 0.005474946480425
3.570000000000000 0.005296320875180
3.580000000000000 0.005117972599080
3.590000000000000 0.004939903568528
3.600000000000000 0.004762115656580
3.610000000000000 0.004628370506879
3.620000000000000 0.004494834750841
3.630000000000000 0.004361509760355
3.640000000000000 0.004228396876015
3.650000000000000 0.004095497407601
3.660000000000000 0.003962812634543
3.670000000000000 0.003830343806387
3.680000000000000 0.003698092143251
3.690000000000000 0.003566058836272
3.700000000000000 0.003434245048047
3.710000000000000 0.003335533356312
3.720000000000000 0.003236984573081
3.730000000000000 0.003138599544528
3.740000000000000 0.003040379096325
3.750000000000000 0.002942324033959
3.760000000000000 0.002844435143038
3.770000000000000 0.002746713189593
3.780000000000000 0.002649158920381
3.790000000000000 0.002551773063177
3.800000000000000 0.002454556327069
3.810000000000000 0.002382107720871
3.820000000000000 0.002309784099919
3.830000000000000 0.002237585976617
3.840000000000000 0.002165513850019
3.850000000000000 0.002093568206026
3.860000000000000 0.002021749517593
3.870000000000000 0.001950058244925
3.880000000000000 0.001878494835672
3.890000000000000 0.001807059725126
3.900000000000000 0.001735753336405
3.910000000000000 0.001682911097292
3.920000000000000 0.001630163512254
3.930000000000000 0.001577510884414
3.940000000000000 0.001524953508253
3.950000000000000 0.001472491669741
3.960000000000000 0.001420125646468
3.970000000000000 0.001367855707777
3.980000000000000 0.001315682114885
3.990000000000000 0.001263605121014
4.000000000000000 0.001211624971511
4.010000000000000 0.001173341066749
4.020000000000000 0.001135127977632
4.030000000000000 0.001096985878090
4.040000000000000 0.001058914936498
4.050000000000000 0.001020915315764
4.060000000000000 0.000982987173411
4.070000000000000 0.000945130661666
4.080000000000000 0.000907345927534
4.090000000000000 0.000869633112887
4.100000000000000 0.000831992354538
4.110000000000000 0.000804480079985
4.120000000000000 0.000777020121685
4.130000000000000 0.000749612575267
4.140000000000000 0.000722257532825
4.150000000000000 0.000694955082967
4.160000000000000 0.000667705310877
4.170000000000000 0.000640508298361
4.180000000000000 0.000613364123906
4.190000000000000 0.000586272862728
4.200000000000000 0.000559234586825
4.210000000000000 0.000539636067754
4.220000000000000 0.000520075719156
4.230000000000000 0.000500553590390
4.240000000000000 0.000481069728587
4.250000000000000 0.000461624178681
4.260000000000000 0.000442216983446
4.270000000000000 0.000422848183527
4.280000000000000 0.000403517817478
4.290000000000000 0.000384225921791
4.300000000000000 0.000364972530928
4.310000000000000 0.000351154017352
4.320000000000000 0.000337362985792
4.330000000000000 0.000323599459146
4.340000000000000 0.000309863458925
4.350000000000000 0.000296155005268
4.360000000000000 0.000282474116969
4.370000000000000 0.000268820811500
4.380000000000000 0.000255195105024
4.390000000000000 0.000241597012425
4.400000000000000 0.000228026547322
4.410000000000000 0.000218396580099
4.420000000000000 0.000208786122595
4.430000000000000 0.000199195183265
4.440000000000000 0.000189623769708
4.450000000000000 0.000180071888683
4.460000000000000 0.000170539546122
4.470000000000000 0.000161026747145
4.480000000000000 0.000151533496069
4.490000000000000 0.000142059796424
4.500000000000000 0.000132605650966
4.510000000000000 0.000125984453609
4.520000000000000 0.000119376896362
4.530000000000000 0.000112782980333
4.540000000000000 0.000106202706117
4.550000000000000 0.000099636073799
4.560000000000000 0.000093083082964
4.570000000000000 0.000086543732708
4.580000000000000 0.000080018021641
4.590000000000000 0.000073505947900
4.600000000000000 0.000067007509154
4.610000000000000 0.000062523622695
4.620000000000000 0.000058049118191
4.630000000000000 0.000053583993452
4.640000000000000 0.000049128245983
4.650000000000000 0.000044681872990
4.660000000000000 0.000040244871380
4.670000000000000 0.000035817237774
4.680000000000000 0.000031398968502
4.690000000000000 0.000026990059618
4.700000000000000 0.000022590506895
4.710000000000000 0.000020309729266
4.720000000000000 0.000018033786964
4.730000000000000 0.000015762677554
4.740000000000000 0.000013496398463
4.750000000000000 0.000011234946983
4.760000000000000 0.000008978320278
4.770000000000000 0.000006726515383
4.780000000000000 0.000004479529203
4.790000000000000 0.000002237358522
4.800000000000000 0.000000000000000
4.810000000000000 0.000000000000000
4.820000000000000 0.000000000000000
4.830000000000000 0.000000000000000
4.840000000000000 0.000000000000000
4.850000000000000 0.000000000000000
4.860000000000000 0.000000000000000
4.870000000000000 0.000000000000000
4.880000000000000 0.000000000000000
4.890000000000000 0.000000000000000
4.900000000000000 -0.000000000000000
4.910000000000000 0.000000000000000
4.920000000000000 0.000000000000000
4.930000000000000 0.000000000000000
4.940000000000000 0.000000000000000
4.950000000000000 0.000000000000000
4.960000000000000 0.000000000000000
4.970000000000000 0.000000000000000
4.980000000000000 0.000000000000000
4.990000000000000 0.000000000000000
5.000000000000000 -0.000000000000000
5.010000000000000 0.000000000000000
5.020000000000000 0.000000000000000
5.030000000000000 0.000000000000000
5.040000000000000 0.000000000000000
5.050000000000000 0.000000000000000
5.060000000000000 0.000000000000000
5.070000000000000 0.000000000000000
5.080000000000000 0.000000000000000
5.090000000000000 0.000000000000000
5.100000000000000 -0.000000000000000
5.110000000000000 0.000000000000000
5.120000000000000 0.000000000000000
5.130000000000000 0.000000000000000
5.140000000000000 0.000000000000000
5.150000000000000 0.000000000000000
5.160000000000000 0.000000000000000
5.170000000000000 0.000000000000000
5.180000000000000 0.000000000000000
5.190000000000000 0.000000000000000
5.200000000000000 -0.000000000000000
5.210000000000000 0.000000000000000
5.220000000000000 0.000000000000000
5.230000000000000 0.000000000000000
5.240000000000000 0.000000000000000
5.250000000000000 0.000000000000000
5.260000000000000 0.000000000000000
5.270000000000000 0.000000000000000
5.280000000000000 0.000000000000000
5.290000000000000 0.000000000000000
5.300000000000000 0.000000000000000
5.310000000000000 0.000000000000000
5.320000000000000 0.000000000000000
5.330000000000000 0.000000000000000
5.340000000000000 0.000000000000000
5.350000000000000 0.000000000000000
5.360000000000000 0.000000000000000
5.370000000000000 0.000000000000000
5.380000000000000 0.000000000000000
5.390000000000000 0.000000000000000
5.400000000000000 -0.000000000000000
5.410000000000000 0.000000000000000
5.420000000000000 0.000000000000000
5.430000000000000 0.000000000000000
5.440000000000000 0.000000000000000
5.450000000000000 0.000000000000000
5.460000000000000 0.000000000000000
5.470000000000000 0.000000000000000
5.480000000000000 0.000000000000000
5.490000000000000 0.000000000000000
5.500000000000000 -0.000000000000000
5.510000000000000 0.000000000000000
5.520000000000000 0.000000000000000
5.530000000000000 0.000000000000000
5.540000000000000 0.000000000000000
5.550000000000000 0.000000000000000
5.560000000000000 0.000000000000000
5.570000000000000 0.000000000000000
5.580000000000000 0.000000000000000
5.590000000000000 0.000000000000000
5.600000000000000 -0.000000000000000
5.610000000000000 0.000000000000000
5.620000000000000 0.000000000000000
5.630000000000000 0.000000000000000
5.640000000000000 0.000000000000000
5.650000000000000 0.000000000000000
5.660000000000000 0.000000000000000
5.670000000000000 0.000000000000000
5.680000000000000 0.000000000000000
5.690000000000000 0.000000000000000
5.700000000000000 -0.000000000000000
5.710000000000000 0.000000000000000
5.720000000000000 0.000000000000000
5.730000000000000 0.000000000000000
5.740000000000000 0.000000000000000
5.750000000000000 0.000000000000000
5.760000000000000 0.000000000000000
5.770000000000000 0.000000000000000
5.780000000000000 0.000000000000000
5.790000000000000 0.000000000000000
5.800000000000000 0.000000000000000
5.810000000000000 0.000000000000000
5.820000000000000 0.000000000000000
5.830000000000000 0.000000000000000
5.840000000000000 0.000000000000000
5.850000000000000 0.000000000000000
5.860000000000000 0.000000000000000
5.870000000000000 0.000000000000000
5.880000000000000 0.000000000000000
5.890000000000000 0.000000000000000
5.900000000000000 -0.000000000000000
5.910000000000000 0.000000000000000
5.920000000000000 0.000000000000000
5.930000000000000 0.000000000000000
5.940000000000000 0.000000000000000
5.950000000000000 0.000000000000000
5.960000000000000 0.000000000000000
5.970000000000000 0.000000000000000
5.980000000000000 0.000000000000000
5.990000000000000 0.000000000000000
6.000000000000000 -0.000000000000000
6.010000000000000 0.000000000000000
6.020000000000000 0.000000000000000
6.030000000000000 0.000000000000000
6.040000000000000 0.000000000000000
6.050000000000000 0.000000000000000
6.060000000000000 0.000000000000000
6.070000000000000 0.000000000000000
6.080000000000000 0.000000000000000
6.090000000000000 0.000000000000000
6.100000000000000 -0.000000000000000
6.110000000000000 0.000000000000000
6.120000000000000 0.000000000000000
6.130000000000000 0.000000000000000
6.140000000000000 0.000000000000000
6.150000000000000 0.000000000000000
6.160000000000000 0.000000000000000
6.170000000000000 0.000000000000000
6.180000000000000 0.000000000000000
6.190000000000000 0.000000000000000
6.200000000000000 -0.000000000000000
6.210000000000000 0.000000000000000
6.220000000000000 0.000000000000000
6.230000000000000 0.000000000000000
6.240000000000000 0.000000000000000
6.250000000000000 0.000000000000000
6.260000000000000 0.000000000000000
6.270000000000000 0.000000000000000
6.280000000000000 0.000000000000000
6.290000000000000 0.000000000000000
6.300000000000000 0.000000000000000
6.310000000000000 0.000000000000000
6.320000000000000 0.000000000000000
6.330000000000000 0.000000000000000
6.340000000000000 0.000000000000000
6.350000000000000 0.000000000000000
6.360000000000000 0.000000000000000
6.370000000000000 0.000000000000000
6.380000000000000 0.000000000000000
6.390000000000000 0.000000000000000
6.400000000000000 -0.000000000000000
6.410000000000000 0.000000000000000
6.420000000000000 0.000000000000000
6.430000000000000 0.000000000000000
6.440000000000000 0.000000000000000
6.450000000000000 0.000000000000000
6.460000000000000 0.000000000000000
6.470000000000000 0.000000000000000
6.480000000000000 0.000000000000000
6.490000000000000 0.000000000000000
6.500000000000000 -0.000000000000000
6.510000000000000 0.000000000000000
6.520000000000000 0.000000000000000
6.530000000000000 0.000000000000000
6.540000000000000 0.000000000000000
6.550000000000000 0.000000000000000
6.560000000000000 0.000000000000000
6.570000000000000 0.000000000000000
6.580000000000000 0.000000000000000
6.590000000000000 0.000000000000000
6.600000000000000 -0.000000000000000
6.610000000000000 0.000000000000000
6.620000000000000 0.000000000000000
6.630000000000000 0.000000000000000
6.640000000000000 0.000000000000000
6.650000000000000 0.000000000000000
6.660000000000000 0.000000000000000
6.670000000000000 0.000000000000000
6.680000000000000 0.000000000000000
6.690000000000000 0.000000000000000
6.700000000000000 -0.000000000000000
6.710000000000000 0.000000000000000
6.720000000000000 0.000000000000000
6.730000000000000 0.000000000000000
6.740000000000000 0.000000000000000
6.750000000000000 0.000000000000000
6.760000000000000 0.000000000000000
6.770000000000000 0.000000000000000
6.780000000000000 0.000000000000000
6.790000000000000 0.000000000000000
6.800000000000000 0.000000000000000
6.810000000000000 0.000000000000000
6.820000000000000 0.000000000000000
6.830000000000000 0.000000000000000
6.840000000000000 0.000000000000000
6.850000000000000 0.000000000000000
6.860000000000000 0.000000000000000
6.870000000000000 0.000000000000000
6.880000000000000 0.000000000000000
6.890000000000000 0.000000000000000
6.900000000000000 -0.000000000000000
6.910000000000000 0.000000000000000
6.920000000000000 0.000000000000000
6.930000000000000 0.000000000000000
6.940000000000000 0.000000000000000
6.950000000000000 0.000000000000000
6.960000000000000 0.000000000000000
6.970000000000000 0.000000000000000
6.980000000000000 0.000000000000000
6.990000000000000 0.000000000000000
7.000000000000000 -0.000000000000000
7.010000000000000 0.000000000000000
7.020000000000000 0.000000000000000
7.030000000000000 0.000000000000000
7.040000000000000 0.000000000000000
7.050000000000000 0.000000000000000
7.060000000000000 0.000000000000000
7.070000000000000 0.000000000000000
7.080000000000000 0.000000000000000
7.090000000000000 0.000000000000000
7.100000000000000 -0.000000000000000
7.110000000000000 0.000000000000000
7.120000000000000 0.000000000000000
7.130000000000000 0.000000000000000
7.140000000000000 0.000000000000000
7.150000000000000 0.000000000000000
7.160000000000000 0.000000000000000
7.170000000000000 0.000000000000000
7.180000000000000 0.000000000000000
7.190000000000000 0.000000000000000
7.200000000000000 -0.000000000000000
7.210000000000000 0.000000000000000
7.220000000000000 0.000000000000000
7.230000000000000 0.000000000000000
7.240000000000000 0.000000000000000
7.250000000000000 0.000000000000000
7.260000000000000 0.000000000000000
7.270000000000000 0.000000000000000
7.280000000000000 0.000000000000000
7.290000000000000 0.000000000000000
7.300000000000000 0.000000000000000
7.310000000000000 0.000000000000000
7.320000000000000 0.000000000000000
7.330000000000000 0.000000000000000
7.340000000000000 0.000000000000000
7.350000000000000 0.000000000000000
7.360000000000000 0.000000000000000
7.370000000000000 0.000000000000000
7.380000000000000 0.000000000000000
7.390000000000000 0.000000000000000
7.400000000000000 -0.000000000000000
7.410000000000000 0.000000000000000
7.420000000000000 0.000000000000000
7.430000000000000 0.000000000000000
7.440000000000000 0.000000000000000
7.450000000000000 0.000000000000000
7.460000000000000 0.000000000000000
7.470000000000000 0.000000000000000
7.480000000000000 0.000000000000000
7.490000000000000 0.000000000000000
7.500000000000000 -0.000000000000000
7.510000000000000 0.000000000000000
7.520000000000000 0.000000000000000
7.530000000000000 0.000000000000000
7.540000000000000 0.000000000000000
7.550000000000000 0.000000000000000
7.560000000000000 0.000000000000000
7.570000000000000 0.000000000000000
7.580000000000000 0.000000000000000
7.590000000000000 0.000000000000000
7.600000000000000 -0.000000000000000
7.610000000000000 0.000000000000000
7.620000000000000 0.000000000000000
7.630000000000000 0.000000000000000
7.640000000000000 0.000000000000000
7.650000000000000 0.000000000000000
7.660000000000000 0.000000000000000
7.670000000000000 0.000000000000000
7.680000000000000 0.000000000000000
7.690000000000000 0.000000000000000
7.700000000000000 -0.000000000000000
7.710000000000000 0.000000000000000
7.720000000000000 0.000000000000000
7.730000000000000 0.000000000000000
7.740000000000000 0.000000000000000
7.750000000000000 0.000000000000000
7.760000000000000 0.000000000000000
7.770000000000000 0.000000000000000
7.780000000000000 0.000000000000000
7.790000000000000 0.000000000000000
7.800000000000000 0.000000000000000
7.810000000000000 0.000000000000000
7.820000000000000 0.000000000000000
7.830000000000000 0.000000000000000
7.840000000000000 0.000000000000000
7.850000000000000 0.000000000000000
7.860000000000000 0.000000000000000
7.870000000000000 0.000000000000000
7.880000000000000 0.000000000000000
7.890000000000000 0.000000000000000
7.900000000000000 -0.000000000000000
7.910000000000000 0.000000000000000
7.920000000000000 0.000000000000000
7.930000000000000 0.000000000000000
7.940000000000000 0.000000000000000
7.950000000000000 0.000000000000000
7.960000000000000 0.000000000000000
7.970000000000000 0.000000000000000
7.980000000000000 0.000000000000000
7.990000000000000 0.000000000000000
8.000000000000000 -0.000000000000000
8.010000000000000 0.000000000000000
8.020000000000000 0.000000000000000
8.029999999999999 0.000000000000000
8.039999999999999 0.000000000000000
8.050000000000001 0.000000000000000
8.060000000000000 0.000000000000000
8.070000000000000 0.000000000000000
8.080000000000000 0.000000000000000
8.090000000000000 0.000000000000000
8.100000000000000 -0.000000000000000
8.109999999999999 0.000000000000000
8.119999999999999 0.000000000000000
8.130000000000001 0.000000000000000
8.140000000000001 0.000000000000000
8.150000000000000 0.000000000000000
8.160000000000000 0.000000000000000
8.170000000000000 0.000000000000000
8.180000000000000 0.000000000000000
8.190000000000000 0.000000000000000
8.199999999999999 0.000000000000000
8.210000000000001 0.000000000000000
8.220000000000001 0.000000000000000
8.230000000000000 0.000000000000000
8.240000000000000 0.000000000000000
8.250000000000000 0.000000000000000
8.260000000000000 0.000000000000000
8.270000000000000 0.000000000000000
8.279999999999999 0.000000000000000
8.289999999999999 0.000000000000000
8.300000000000001 -0.000000000000000
8.310000000000000 0.000000000000000
8.320000000000000 0.000000000000000
8.330000000000000 0.000000000000000
8.340000000000000 0.000000000000000
8.350000000000000 0.000000000000000
8.359999999999999 0.000000000000000
8.369999999999999 0.000000000000000
8.380000000000001 0.000000000000000
8.390000000000001 0.000000000000000
8.400000000000000 -0.000000000000000
8.410000000000000 0.000000000000000
8.420000000000000 0.000000000000000
8.430000000000000 0.000000000000000
8.440000000000000 0.000000000000000
8.449999999999999 0.000000000000000
8.460000000000001 0.000000000000000
8.470000000000001 0.000000000000000
8.480000000000000 0.000000000000000
8.490000000000000 0.000000000000000
8.500000000000000 -0.000000000000000
8.510000000000000 0.000000000000000
8.520000000000000 0.000000000000000
8.529999999999999 0.000000000000000
8.539999999999999 0.000000000000000
8.550000000000001 0.000000000000000
8.560000000000000 0.000000000000000
8.570000000000000 0.000000000000000
8.580000000000000 0.000000000000000
8.590000000000000 0.000000000000000
8.600000000000000 -0.000000000000000
8.609999999999999 0.000000000000000
8.619999999999999 0.000000000000000
8.630000000000001 0.000000000000000
8.640000000000001 0.000000000000000
8.650000000000000 0.000000000000000
8.660000000000000 0.000000000000000
8.670000000000000 0.000000000000000
8.680000000000000 0.000000000000000
8.690000000000000 0.000000000000000
8.699999999999999 -0.000000000000000
8.710000000000001 0.000000000000000
8.720000000000001 0.000000000000000
8.730000000000000 0.000000000000000
8.740000000000000 0.000000000000000
8.750000000000000 0.000000000000000
8.760000000000000 0.000000000000000
8.770000000000000 0.000000000000000
8.779999999999999 0.000000000000000
8.789999999999999 0.000000000000000
8.800000000000001 -0.000000000000000
8.810000000000000 0.000000000000000
8.820000000000000 0.000000000000000
8.830000000000000 0.000000000000000
8.840000000000000 0.000000000000000
8.850000000000000 0.000000000000000
8.859999999999999 0.000000000000000
8.869999999999999 0.000000000000000
8.880000000000001 0.000000000000000
8.890000000000001 0.000000000000000
8.900000000000000 -0.000000000000000
8.910000000000000 0.000000000000000
8.920000000000000 0.000000000000000
8.930000000000000 0.000000000000000
8.940000000000000 0.000000000000000
8.949999999999999 0.000000000000000
8.960000000000001 0.000000000000000
8.970000000000001 0.000000000000000
8.980000000000000 0.000000000000000
8.990000000000000 0.000000000000000
9.000000000000000 -0.000000000000000
9.010000000000000 0.000000000000000
9.020000000000000 0.000000000000000
9.029999999999999 0.000000000000000
9.039999999999999 0.000000000000000
9.050000000000001 0.000000000000000
9.060000000000000 0.000000000000000
9.070000000000000 0.000000000000000
9.080000000000000 0.000000000000000
9.090000000000000 0.000000000000000
9.100000000000000 -0.000000000000000
9.109999999999999 0.000000000000000
9.119999999999999 0.000000000000000
9.130000000000001 0.000000000000000
9.140000000000001 0.000000000000000
9.150000000000000 0.000000000000000
9.160000000000000 0.000000000000000
9.170000000000000 0.000000000000000
9.180000000000000 0.000000000000000
9.190000000000000 0.000000000000000
9.199999999999999 -0.000000000000000
9.210000000000001 0.000000000000000
9.220000000000001 0.000000000000000
9.230000000000000 0.000000000000000
9.240000000000000 0.000000000000000
9.250000000000000 0.000000000000000
9.260000000000000 0.000000000000000
9.270000000000000 0.000000000000000
9.279999999999999 0.000000000000000
9.289999999999999 0.000000000000000
9.300000000000001 -0.000000000000000
9.310000000000000 0.000000000000000
9.320000000000000 0.000000000000000
9.330000000000000 0.000000000000000
9.340000000000000 0.000000000000000
9.350000000000000 0.000000000000000
9.359999999999999 0.000000000000000
9.369999999999999 0.000000000000000
9.380000000000001 0.000000000000000
9.390000000000001 0.000000000000000
9.400000000000000 -0.000000000000000
9.410000000000000 0.000000000000000
9.420000000000000 0.000000000000000
9.430000000000000 0.000000000000000
9.440000000000000 0.000000000000000
9.449999999999999 0.000000000000000
9.460000000000001 0.000000000000000
9.470000000000001 0.000000000000000
9.480000000000000 0.000000000000000
9.490000000000000 0.000000000000000
9.500000000000000 -0.000000000000000
9.510000000000000 0.000000000000000
9.520000000000000 0.000000000000000
9.529999999999999 0.000000000000000
9.539999999999999 0.000000000000000
9.550000000000001 0.000000000000000
9.560000000000000 0.000000000000000
9.570000000000000 0.000000000000000
9.580000000000000 0.000000000000000
9.590000000000000 0.000000000000000
9.600000000000000 0.000000000000000
9.609999999999999 0.000000000000000
9.619999999999999 0.000000000000000
9.630000000000001 0.000000000000000
9.640000000000001 0.000000000000000
9.650000000000000 0.000000000000000
9.660000000000000 0.000000000000000
9.670000000000000 0.000000000000000
9.680000000000000 0.000000000000000
9.690000000000000 0.000000000000000
9.699999999999999 -0.000000000000000
9.710000000000001 0.000000000000000
9.720000000000001 0.000000000000000
9.730000000000000 0.000000000000000
9.740000000000000 0.000000000000000
9.750000000000000 0.000000000000000
9.760000000000000 0.000000000000000
9.770000000000000 0.000000000000000
9.779999999999999 0.000000000000000
9.789999999999999 0.000000000000000
9.800000000000001 -0.000000000000000
9.810000000000000 0.000000000000000
9.820000000000000 0.000000000000000
9.830000000000000 0.000000000000000
9.840000000000000 0.000000000000000
9.850000000000000 0.000000000000000
9.859999999999999 0.000000000000000
9.869999999999999 0.000000000000000
9.880000000000001 0.000000000000000
9.890000000000001 0.000000000000000
9.900000000000000 -0.000000000000000
9.910000000000000 0.000000000000000
9.920000000000000 0.000000000000000
9.930000000000000 0.000000000000000
9.940000000000000 0.000000000000000
9.949999999999999 0.000000000000000
9.960000000000001 0.000000000000000
9.970000000000001 0.000000000000000
9.980000000000000 0.000000000000000
9.990000000000000 0.000000000000000
10.000000000000000 -0.000000000000000
