0.000000000000000 0.000000000000000
0.010000000000000 0.000100576664053
0.020000000000000 0.000406820082144
0.030000000000000 0.000925201597825
0.040000000000000 0.001661797591265
0.050000000000000 0.002622294154035
0.060000000000000 0.003811992209105
0.070000000000000 0.005235813053297
0.080000000000000 0.006898304298867
0.090000000000000 0.008803646190401
0.100000000000000 0.010955658272821
0.110000000000000 0.013307098990600
0.120000000000000 0.015893596920522
0.130000000000000 0.018715976555658
0.140000000000000 0.021774818256967
0.150000000000000 0.025070465374631
0.160000000000000 0.028603031484700
0.170000000000000 0.032372407722082
0.180000000000000 0.036378270191404
0.190000000000000 0.040620087437755
0.200000000000000 0.045097127959892
0.210000000000000 0.049678324550224
0.220000000000000 0.054470051071599
0.230000000000000 0.059469990163133
0.240000000000000 0.064675714107865
0.250000000000000 0.070084691148982
0.260000000000000 0.075694291721774
0.270000000000000 0.081501794592288
0.280000000000000 0.087504392894342
0.290000000000000 0.093699200057229
0.300000000000000 0.100083255617070
0.310000000000000 0.106450314396771
0.320000000000000 0.112978176895370
0.330000000000000 0.119663206374902
0.340000000000000 0.126501753165643
0.350000000000000 0.133490158740969
0.360000000000000 0.140624759640947
0.370000000000000 0.147901891244018
0.380000000000000 0.155317891386559
0.390000000000000 0.162869103830489
0.400000000000000 0.170551881579497
0.410000000000000 0.178103238212046
0.420000000000000 0.185758909085449
0.430000000000000 0.193515111711447
0.440000000000000 0.201368109169952
0.450000000000000 0.209314211834502
0.460000000000000 0.217349778964018
0.470000000000000 0.225471220164463
0.480000000000000 0.233674996724109
0.490000000000000 0.241957622826227
0.500000000000000 0.250315666643090
0.510000000000000 0.258448840011738
0.520000000000000 0.266633728415113
0.530000000000000 0.274867051024565
0.540000000000000 0.283145599076909
0.550000000000000 0.291466235810460
0.560000000000000 0.299825896318372
0.570000000000000 0.308221587323710
0.580000000000000 0.316650386880557
0.590000000000000 0.325109444005406
0.600000000000000 0.333595978242980
0.610000000000000 0.341788038660322
0.620000000000000 0.349988167751226
0.630000000000000 0.358193859116019
0.640000000000000 0.366402683090598
0.650000000000000 0.374612285610942
0.660000000000000 0.382820387046161
0.670000000000000 0.391024781003497
0.680000000000000 0.399223333108545
0.690000000000000 0.407413979763823
0.700000000000000 0.415594726888652
0.710000000000000 0.423430467516812
0.720000000000000 0.431240985340775
0.730000000000000 0.439024588884743
0.740000000000000 0.446779655656387
0.750000000000000 0.454504630543688
0.760000000000000 0.462198024217559
0.770000000000000 0.469858411542184
0.780000000000000 0.477484429994885
0.790000000000000 0.485074778097196
0.800000000000000 0.492628213858701
0.810000000000000 0.499806482570058
0.820000000000000 0.506936201136067
0.830000000000000 0.514016408808150
0.840000000000000 0.521046200504364
0.850000000000000 0.528024725149960
0.860000000000000 0.534951184044814
0.870000000000000 0.541824829258433
0.880000000000000 0.548644962053111
0.890000000000000 0.555410931335745
0.900000000000000 0.562122132138758
0.910000000000000 0.568437506243359
0.920000000000000 0.574689423602291
0.930000000000000 0.580877519524443
0.940000000000000 0.587001470518098
0.950000000000000 0.593060992802968
0.960000000000000 0.599055840857548
0.970000000000000 0.604985806001646
0.980000000000000 0.610850715013888
0.990000000000000 0.616650428783944
1.000000000000000 0.622384840999204
1.010000000000000 0.627716716366534
1.020000000000000 0.632977034768128
1.030000000000000 0.638165882927669
1.040000000000000 0.643283375496059
1.050000000000000 0.648329653833122
1.060000000000000 0.653304884824902
1.070000000000000 0.658209259735966
1.080000000000000 0.663042993096104
1.090000000000000 0.667806321620798
1.100000000000000 0.672499503164840
1.110000000000000 0.676784676192673
1.120000000000000 0.680995239945663
1.130000000000000 0.685131602775115
1.140000000000000 0.689194189906594
1.150000000000000 0.693183442507003
1.160000000000000 0.697099816783270
1.170000000000000 0.700943783111892
1.180000000000000 0.704715825198569
1.190000000000000 0.708416439267211
1.200000000000000 0.712046133277545
1.210000000000000 0.715273746936831
1.220000000000000 0.718427430945005
1.230000000000000 0.721507805645761
1.240000000000000 0.724515499645595
1.250000000000000 0.727451149140657
1.260000000000000 0.730315397269527
1.270000000000000 0.733108893491143
1.280000000000000 0.735832292987177
1.290000000000000 0.738486256088108
1.300000000000000 0.741071447722311
1.310000000000000 0.743252850314514
1.320000000000000 0.745363446072481
1.330000000000000 0.747403983798130
1.340000000000000 0.749375214180892
1.350000000000000 0.751277889340501
1.360000000000000 0.753112762389878
1.370000000000000 0.754880587017467
1.380000000000000 0.756582117088371
1.390000000000000 0.758218106263684
1.400000000000000 0.759789307637375
1.410000000000000 0.760983250502538
1.420000000000000 0.762111319202733
1.430000000000000 0.763174323267736
1.440000000000000 0.764173069672966
1.450000000000000 0.765108362552219
1.460000000000000 0.765981002925280
1.470000000000000 0.766791788439847
1.480000000000000 0.767541513127270
1.490000000000000 0.768230967171594
1.500000000000000 0.768860936691413
1.510000000000000 0.769125232255461
1.520000000000000 0.769329522319590
1.530000000000000 0.769474631379408
1.540000000000000 0.769561378441883
1.550000000000000 0.769590576865276
1.560000000000000 0.769563034209608
1.570000000000000 0.769479552097265
1.580000000000000 0.769340926083334
1.590000000000000 0.769147945535263
1.600000000000000 0.768901393521499
1.610000000000000 0.768305145281274
1.620000000000000 0.767655231260576
1.630000000000000 0.766952458918689
1.640000000000000 0.766197628441158
1.650000000000000 0.765391532671217
1.660000000000000 0.764534957048394
1.670000000000000 0.763628679553962
1.680000000000000 0.762673470662952
1.690000000000000 0.761670093302430
1.700000000000000 0.760619302815761
1.710000000000000 0.759242062513233
1.720000000000000 0.757817645074332
1.730000000000000 0.756346819122375
1.740000000000000 0.754830345075333
1.750000000000000 0.753268975140425
1.760000000000000 0.751663453313349
1.770000000000000 0.750014515381896
1.780000000000000 0.748322888933749
1.790000000000000 0.746589293368246
1.800000000000000 0.744814439911916
1.810000000000000 0.742761220887529
1.820000000000000 0.740667290451802
1.830000000000000 0.738533362352519
1.840000000000000 0.736360141847140
1.850000000000000 0.734148325738542
1.860000000000000 0.731898602413509
1.870000000000000 0.729611651883832
1.880000000000000 0.727288145829851
1.890000000000000 0.724928747646321
1.900000000000000 0.722534112490422
1.910000000000000 0.719902504683812
1.920000000000000 0.717236375238640
1.930000000000000 0.714536374939789
1.940000000000000 0.711803146227584
1.950000000000000 0.709037323258367
1.960000000000000 0.706239531966506
1.970000000000000 0.703410390127769
1.980000000000000 0.700550507423927
1.990000000000000 0.697660485508514
2.000000000000000 0.694740918073632
2.010000000000000 0.691628911424784
2.020000000000000 0.688488168933747
2.030000000000000 0.685319274971937
2.040000000000000 0.682122805994541
2.050000000000000 0.678899330614180
2.060000000000000 0.675649409675141
2.070000000000000 0.672373596328111
2.080000000000000 0.669072436105332
2.090000000000000 0.665746466996128
2.100000000000000 0.662396219522745
2.110000000000000 0.658902267499146
2.120000000000000 0.655384883613310
2.130000000000000 0.651844585526874
2.140000000000000 0.648281883588229
2.150000000000000 0.644697280911076
2.160000000000000 0.641091273452974
2.170000000000000 0.637464350093842
2.180000000000000 0.633816992714359
2.190000000000000 0.630149676274244
2.200000000000000 0.626462868890361
2.210000000000000 0.622680459189281
2.220000000000000 0.618879388843492
2.230000000000000 0.615060110979686
2.240000000000000 0.611223072105559
2.250000000000000 0.607368712187790
2.260000000000000 0.603497464729646
2.270000000000000 0.599609756848220
2.280000000000000 0.595706009351247
2.290000000000000 0.591786636813501
2.300000000000000 0.587852047652740
2.310000000000000 0.583893005466828
2.320000000000000 0.579919538584265
2.330000000000000 0.575932037961053
2.340000000000000 0.571930888685446
2.350000000000000 0.567916470051537
2.360000000000000 0.563889155632279
2.370000000000000 0.559849313351957
2.380000000000000 0.555797305558081
2.390000000000000 0.551733489092706
2.400000000000000 0.547658215363151
2.410000000000000 0.543612013765658
2.420000000000000 0.539555055115761
2.430000000000000 0.535487672899461
2.440000000000000 0.531410195480624
2.450000000000000 0.527322946168108
2.460000000000000 0.523226243282252
2.470000000000000 0.519120400220745
2.480000000000000 0.515005725523847
2.490000000000000 0.510882522938973
2.500000000000000 0.506751091484634
2.510000000000000 0.502697168884132
2.520000000000000 0.498635602862087
2.530000000000000 0.494566674844958
2.540000000000000 0.490490661847188
2.550000000000000 0.486407836530898
2.560000000000000 0.482318467264941
2.570000000000000 0.478222818183318
2.580000000000000 0.474121149242951
2.590000000000000 0.470013716280819
2.600000000000000 0.465900771070460
2.610000000000000 0.461910156835077
2.620000000000000 0.457914488465709
2.630000000000000 0.453914000945085
2.640000000000000 0.449908925501798
2.650000000000000 0.445899489662300
2.660000000000000 0.441885917302290
2.670000000000000 0.437868428697500
2.680000000000000 0.433847240573872
2.690000000000000 0.429822566157141
2.700000000000000 0.425794615221820
2.710000000000000 0.421929519289830
2.720000000000000 0.418061472326847
2.730000000000000 0.414190668444992
2.740000000000000 0.410317298598734
2.750000000000000 0.406441550629388
2.760000000000000 0.402563609309059
2.770000000000000 0.398683656384045
2.780000000000000 0.394801870617682
2.790000000000000 0.390918427832667
2.800000000000000 0.387033500952826
2.810000000000000 0.383340366234599
2.820000000000000 0.379645945874839
2.830000000000000 0.375950398671454
2.840000000000000 0.372253880792314
2.850000000000000 0.368556545812792
2.860000000000000 0.364858544752822
2.870000000000000 0.361160026113474
2.880000000000000 0.357461135913053
2.890000000000000 0.353762017722723
2.900000000000000 0.350062812701669
2.910000000000000 0.346577788515111
2.920000000000000 0.343092758593051
2.930000000000000 0.339607851593119
2.940000000000000 0.336123194002381
2.950000000000000 0.332638910168618
2.960000000000000 0.329155122331194
2.970000000000000 0.325671950651504
2.980000000000000 0.322189513243022
2.990000000000000 0.318707926200935
3.000000000000000 0.315227303631392
3.010000000000000 0.311974955612759
3.020000000000000 0.308723550988639
3.030000000000000 0.305473193032704
3.040000000000000 0.302223983241964
3.050000000000000 0.298976021362555
3.060000000000000 0.295729405415177
3.070000000000000 0.292484231720180
3.080000000000000 0.289240594922311
3.090000000000000 0.285998588015127
3.100000000000000 0.282758302365056
3.110000000000000 0.279754139911034
3.120000000000000 0.276751591581119
3.130000000000000 0.273750739508563
3.140000000000000 0.270751664383548
3.150000000000000 0.267754445474246
3.160000000000000 0.264759160647581
3.170000000000000 0.261765886389714
3.180000000000000 0.258774697826227
3.190000000000000 0.255785668742048
3.200000000000000 0.252798871601079
3.210000000000000 0.250047208791661
3.220000000000000 0.247297605905238
3.230000000000000 0.244550127710757
3.240000000000000 0.241804837812413
3.250000000000000 0.239061798666707
3.260000000000000 0.236321071599279
3.270000000000000 0.233582716821488
3.280000000000000 0.230846793446780
3.290000000000000 0.228113359506808
3.300000000000000 0.225382471967341
3.310000000000000 0.222879620178060
3.320000000000000 0.220379097047403
3.330000000000000 0.217880953242249
3.340000000000000 0.215385238494240
3.350000000000000 0.212892001613521
3.360000000000000 0.210401290502294
3.370000000000000 0.207913152168176
3.380000000000000 0.205427632737372
3.390000000000000 0.202944777467657
3.400000000000000 0.200464630761182
3.410000000000000 0.198202955989516
3.420000000000000 0.195943740235561
3.430000000000000 0.193687022803488
3.440000000000000 0.191432842250210
3.450000000000000 0.189181236396389
3.460000000000000 0.186932242337290
3.470000000000000 0.184685896453480
3.480000000000000 0.182442234421375
3.490000000000000 0.180201291223644
3.500000000000000 0.177963101159452
3.510000000000000 0.175930549229375
3.520000000000000 0.173900483435964
3.530000000000000 0.171872934014050
3.540000000000000 0.169847930603849
3.550000000000000 0.167825502259746
3.560000000000000 0.165805677458946
3.570000000000000 0.163788484110006
3.580000000000000 0.161773949561247
3.590000000000000 0.159762100609043
3.600000000000000 0.157752963505999
3.610000000000000 0.155934528666367
3.620000000000000 0.154118532952847
3.630000000000000 0.152304999423598
3.640000000000000 0.150493950665220
3.650000000000000 0.148685408799728
3.660000000000000 0.146879395491433
3.670000000000000 0.145075931953716
3.680000000000000 0.143275038955721
3.690000000000000 0.141476736828933
3.700000000000000 0.139681045473682
3.710000000000000 0.138060444204089
3.720000000000000 0.136442183568178
3.730000000000000 0.134826280986670
3.740000000000000 0.133212753507395
3.750000000000000 0.131601617810821
3.760000000000000 0.129992890215509
3.770000000000000 0.128386586683481
3.780000000000000 0.126782722825519
3.790000000000000 0.125181313906383
3.800000000000000 0.123582374849965
3.810000000000000 0.122144422444187
3.820000000000000 0.120708675567657
3.830000000000000 0.119275147234785
3.840000000000000 0.117843850166128
3.850000000000000 0.116414796792756
3.860000000000000 0.114987999260556
3.870000000000000 0.113563469434479
3.880000000000000 0.112141218902721
3.890000000000000 0.110721258980846
3.900000000000000 0.109303600715860
3.910000000000000 0.108029497241066
3.920000000000000 0.106757448045805
3.930000000000000 0.105487462743516
3.940000000000000 0.104219550716298
3.950000000000000 0.102953721118350
3.960000000000000 0.101689982879376
3.970000000000000 0.100428344707932
3.980000000000000 0.099168815094732
3.990000000000000 0.097911402315905
4.000000000000000 0.096656114436200
4.010000000000000 0.095528691688008
4.020000000000000 0.094403164372980
4.030000000000000 0.093279539491944
4.040000000000000 0.092157823863783
4.050000000000000 0.091038024128161
4.060000000000000 0.089920146748202
4.070000000000000 0.088804198013134
4.080000000000000 0.087690184040901
4.090000000000000 0.086578110780726
4.100000000000000 0.085467984015651
4.110000000000000 0.084471816949635
4.120000000000000 0.083477384708278
4.130000000000000 0.082484692295964
4.140000000000000 0.081493744574165
4.150000000000000 0.080504546263597
4.160000000000000 0.079517101946326
4.170000000000000 0.078531416067861
4.180000000000000 0.077547492939206
4.190000000000000 0.076565336738890
4.200000000000000 0.075584951514964
4.210000000000000 0.074706824179729
4.220000000000000 0.073830272174098
4.230000000000000 0.072955298985738
4.240000000000000 0.072081907990313
4.250000000000000 0.071210102453166
4.260000000000000 0.070339885530994
4.270000000000000 0.069471260273485
4.280000000000000 0.068604229624941
4.290000000000000 0.067738796425874
4.300000000000000 0.066874963414580
4.310000000000000 0.066101563457003
4.320000000000000 0.065329586378094
4.330000000000000 0.064559034525376
4.340000000000000 0.063789910158673
4.350000000000000 0.063022215451442
4.360000000000000 0.062255952492086
4.370000000000000 0.061491123285249
4.380000000000000 0.060727729753091
4.390000000000000 0.059965773736545
4.400000000000000 0.059205256996560
4.410000000000000 0.058523632419061
4.420000000000000 0.057843289255669
4.430000000000000 0.057164229004995
4.440000000000000 0.056486453096975
4.450000000000000 0.055809962893924
4.460000000000000 0.055134759691568
4.470000000000000 0.054460844720065
4.480000000000000 0.053788219145014
4.490000000000000 0.053116884068444
4.500000000000000 0.052446840529796
4.510000000000000 0.051846732559964
4.520000000000000 0.051247773648379
4.530000000000000 0.050649964667189
4.540000000000000 0.050053306434850
4.550000000000000 0.049457799716948
4.560000000000000 0.048863445227025
4.570000000000000 0.048270243627374
4.580000000000000 0.047678195529840
4.590000000000000 0.047087301496600
4.600000000000000 0.046497562040935
4.610000000000000 0.045968916083818
4.620000000000000 0.045441298366252
4.630000000000000 0.044914709304265
4.640000000000000 0.044389149271916
4.650000000000000 0.043864618601954
4.660000000000000 0.043341117586459
4.670000000000000 0.042818646477478
4.680000000000000 0.042297205487653
4.690000000000000 0.041776794790837
4.700000000000000 0.041257414522706
4.710000000000000 0.040791525992203
4.720000000000000 0.040326555847077
4.730000000000000 0.039862504176426
4.740000000000000 0.039399371036572
4.750000000000000 0.038937156451576
4.760000000000000 0.038475860413750
4.770000000000000 0.038015482884160
4.780000000000000 0.037556023793116
4.790000000000000 0.037097483040665
4.800000000000000 0.036639860497073
4.810000000000000 0.036229232673017
4.820000000000000 0.035819423539984
4.830000000000000 0.035410432957957
4.840000000000000 0.035002260761351
4.850000000000000 0.034594906759427
4.860000000000000 0.034188370736688
4.870000000000000 0.033782652453282
4.880000000000000 0.033377751645389
4.890000000000000 0.032973668025613
4.900000000000000 0.032570401283358
4.910000000000000 0.032208186074160
4.920000000000000 0.031846700009313
4.930000000000000 0.031485942792799
4.940000000000000 0.031125914108677
4.950000000000000 0.030766613621409
4.960000000000000 0.030408040976176
4.970000000000000 0.030050195799196
4.980000000000000 0.029693077698031
4.990000000000000 0.029336686261895
5.000000000000000 0.028981021061956
5.010000000000000 0.028661336831442
5.020000000000000 0.028342301342799
5.030000000000000 0.028023914198640
5.040000000000000 0.027706174986079
5.050000000000000 0.027389083276990
5.060000000000000 0.027072638628255
5.070000000000000 0.026756840582017
5.080000000000000 0.026441688665923
5.090000000000000 0.026127182393369
5.100000000000000 0.025813321263740
5.110000000000000 0.025531064281635
5.120000000000000 0.025249383934409
5.130000000000000 0.024968279763833
5.140000000000000 0.024687751299645
5.150000000000000 0.024407798059755
5.160000000000000 0.024128419550445
5.170000000000000 0.023849615266568
5.180000000000000 0.023571384691740
5.190000000000000 0.023293727298536
5.200000000000000 0.023016642548678
5.210000000000000 0.022767229926493
5.220000000000000 0.022518329645941
5.230000000000000 0.022269941217317
5.240000000000000 0.022022064141594
5.250000000000000 0.021774697910591
5.260000000000000 0.021527842007129
5.270000000000000 0.021281495905185
5.280000000000000 0.021035659070054
5.290000000000000 0.020790330958496
5.300000000000000 0.020545511018890
5.310000000000000 0.020324775262756
5.320000000000000 0.020104494971707
5.330000000000000 0.019884669645158
5.340000000000000 0.019665298775325
5.350000000000000 0.019446381847350
5.360000000000000 0.019227918339432
5.370000000000000 0.019009907722950
5.380000000000000 0.018792349462584
5.390000000000000 0.018575243016442
5.400000000000000 0.018358587836174
5.410000000000000 0.018163142919209
5.420000000000000 0.017968102694676
5.430000000000000 0.017773466666315
5.440000000000000 0.017579234332322
5.450000000000000 0.017385405185457
5.460000000000000 0.017191978713141
5.470000000000000 0.016998954397557
5.480000000000000 0.016806331715749
5.490000000000000 0.016614110139715
5.500000000000000 0.016422289136506
5.510000000000000 0.016248867460752
5.520000000000000 0.016075805851573
5.530000000000000 0.015903103826498
5.540000000000000 0.015730760898807
5.550000000000000 0.015558776577613
5.560000000000000 0.015387150367945
5.570000000000000 0.015215881770822
5.580000000000000 0.015044970283335
5.590000000000000 0.014874415398726
5.600000000000000 0.014704216606458
5.610000000000000 0.014550441688138
5.620000000000000 0.014396986642154
5.630000000000000 0.014243851007604
5.640000000000000 0.014091034320350
5.650000000000000 0.013938536113088
5.660000000000000 0.013786355915406
5.670000000000000 0.013634493253852
5.680000000000000 0.013482947651993
5.690000000000000 0.013331718630479
5.700000000000000 0.013180805707102
5.710000000000000 0.013044225806651
5.720000000000000 0.012907930357322
5.730000000000000 0.012771918923555
5.740000000000000 0.012636191067348
5.750000000000000 0.012500746348304
5.760000000000000 0.012365584323682
5.770000000000000 0.012230704548452
5.780000000000000 0.012096106575341
5.790000000000000 0.011961789954882
5.800000000000000 0.011827754235465
5.810000000000000 0.011706346479099
5.820000000000000 0.011585191726090
5.830000000000000 0.011464289568616
5.840000000000000 0.011343639597020
5.850000000000000 0.011223241399859
5.860000000000000 0.011103094563938
5.870000000000000 0.010983198674354
5.880000000000000 0.010863553314537
5.890000000000000 0.010744158066284
5.900000000000000 0.010625012509805
5.910000000000000 0.010516889652586
5.920000000000000 0.010408992132522
5.930000000000000 0.010301319570073
5.940000000000000 0.010193871584344
5.950000000000000 0.010086647793115
5.960000000000000 0.009979647812879
5.970000000000000 0.009872871258872
5.980000000000000 0.009766317745104
5.990000000000000 0.009659986884390
6.000000000000000 0.009553878288383
6.010000000000000 0.009457453977647
6.020000000000000 0.009361230542440
6.030000000000000 0.009265207631390
6.040000000000000 0.009169384892141
6.050000000000000 0.009073761971376
6.060000000000000 0.008978338514843
6.070000000000000 0.008883114167383
6.080000000000000 0.008788088572954
6.090000000000000 0.008693261374657
6.100000000000000 0.008598632214758
6.110000000000000 0.008512668819372
6.120000000000000 0.008426884343228
6.130000000000000 0.008341278463017
6.140000000000000 0.008255850854730
6.150000000000000 0.008170601193680
6.160000000000000 0.008085529154517
6.170000000000000 0.008000634411256
6.180000000000000 0.007915916637290
6.190000000000000 0.007831375505416
6.200000000000000 0.007747010687854
6.210000000000000 0.007670248907601
6.220000000000000 0.007593646687164
6.230000000000000 0.007517203729945
6.240000000000000 0.007440919738867
6.250000000000000 0.007364794416386
6.260000000000000 0.007288827464509
6.270000000000000 0.007213018584811
6.280000000000000 0.007137367478451
6.290000000000000 0.007061873846187
6.300000000000000 0.006986537388395
6.310000000000000 0.006917949910362
6.320000000000000 0.006849504759835
6.330000000000000 0.006781201665659
6.340000000000000 0.006713040356366
6.350000000000000 0.006645020560186
6.360000000000000 0.006577142005059
6.370000000000000 0.006509404418653
6.380000000000000 0.006441807528371
6.390000000000000 0.006374351061367
6.400000000000000 0.006307034744560
6.410000000000000 0.006245588879451
6.420000000000000 0.006184270271671
6.430000000000000 0.006123078673477
6.440000000000000 0.006062013836939
6.450000000000000 0.006001075513949
6.460000000000000 0.005940263456230
6.470000000000000 0.005879577415352
6.480000000000000 0.005819017142737
6.490000000000000 0.005758582389671
6.500000000000000 0.005698272907316
6.510000000000000 0.005643237599031
6.520000000000000 0.005588316007222
6.530000000000000 0.005533507906301
6.540000000000000 0.005478813070584
6.550000000000000 0.005424231274305
6.560000000000000 0.005369762291620
6.570000000000000 0.005315405896618
6.580000000000000 0.005261161863330
6.590000000000000 0.005207029965736
6.600000000000000 0.005153009977772
6.610000000000000 0.005103655307658
6.620000000000000 0.005054402352267
6.630000000000000 0.005005250906458
6.640000000000000 0.004956200765069
6.650000000000000 0.004907251722920
6.660000000000000 0.004858403574826
6.670000000000000 0.004809656115598
6.680000000000000 0.004761009140053
6.690000000000000 0.004712462443020
6.700000000000000 0.004664015819346
6.710000000000000 0.004619734462380
6.720000000000000 0.004575544103125
6.730000000000000 0.004531444555388
6.740000000000000 0.004487435633002
6.750000000000000 0.004443517149838
6.760000000000000 0.004399688919805
6.770000000000000 0.004355950756859
6.780000000000000 0.004312302475009
6.790000000000000 0.004268743888317
6.800000000000000 0.004225274810911
6.810000000000000 0.004185454505944
6.820000000000000 0.004145715781558
6.830000000000000 0.004106058468688
6.840000000000000 0.004066482398337
6.850000000000000 0.004026987401581
6.860000000000000 0.003987573309568
6.870000000000000 0.003948239953530
6.880000000000000 0.003908987164779
6.890000000000000 0.003869814774719
6.900000000000000 0.003830722614843
6.910000000000000 0.003794892338980
6.920000000000000 0.003759135228807
6.930000000000000 0.003723451131006
6.940000000000000 0.003687839892348
6.950000000000000 0.003652301359704
6.960000000000000 0.003616835380043
6.970000000000000 0.003581441800435
6.980000000000000 0.003546120468060
6.990000000000000 0.003510871230204
7.000000000000000 0.003475693934271
7.010000000000000 0.003443445044873
7.020000000000000 0.003411261777992
7.030000000000000 0.003379143994779
7.040000000000000 0.003347091556494
7.050000000000000 0.003315104324510
7.060000000000000 0.003283182160316
7.070000000000000 0.003251324925518
7.080000000000000 0.003219532481843
7.090000000000000 0.003187804691140
7.100000000000000 0.003156141415386
7.110000000000000 0.003127082795188
7.120000000000000 0.003098083089138
7.130000000000000 0.003069142171527
7.140000000000000 0.003040259916765
7.150000000000000 0.003011436199384
7.160000000000000 0.002982670894041
7.170000000000000 0.002953963875521
7.180000000000000 0.002925315018734
7.190000000000000 0.002896724198725
7.200000000000000 0.002868191290669
7.210000000000000 0.002841960031943
7.220000000000000 0.002815781753291
7.230000000000000 0.002789656340830
7.240000000000000 0.002763583680805
7.250000000000000 0.002737563659586
7.260000000000000 0.002711596163675
7.270000000000000 0.002685681079703
7.280000000000000 0.002659818294433
7.290000000000000 0.002634007694764
7.300000000000000 0.002608249167729
7.310000000000000 0.002584556980207
7.320000000000000 0.002560912455408
7.330000000000000 0.002537315490232
7.340000000000000 0.002513765981702
7.350000000000000 0.002490263826974
7.360000000000000 0.002466808923331
7.370000000000000 0.002443401168190
7.380000000000000 0.002420040459098
7.390000000000000 0.002396726693740
7.400000000000000 0.002373459769932
7.410000000000000 0.002352057375020
7.420000000000000 0.002330697859445
7.430000000000000 0.002309381129952
7.440000000000000 0.002288107093411
7.450000000000000 0.002266875656819
7.460000000000000 0.002245686727302
7.470000000000000 0.002224540212116
7.480000000000000 0.002203436018647
7.490000000000000 0.002182374054412
7.500000000000000 0.002161354227064
7.510000000000000 0.002141994516927
7.520000000000000 0.002122673430073
7.530000000000000 0.002103390882116
7.540000000000000 0.002084146788793
7.550000000000000 0.002064941065964
7.560000000000000 0.002045773629616
7.570000000000000 0.002026644395860
7.580000000000000 0.002007553280936
7.590000000000000 0.001988500201209
7.600000000000000 0.001969485073174
7.610000000000000 0.001951938861009
7.620000000000000 0.001934427503794
7.630000000000000 0.001916950925078
7.640000000000000 0.001899509048529
7.650000000000000 0.001882101797936
7.660000000000000 0.001864729097209
7.670000000000000 0.001847390870376
7.680000000000000 0.001830087041590
7.690000000000000 0.001812817535126
7.700000000000000 0.001795582275379
7.710000000000000 0.001779683773584
7.720000000000000 0.001763816713798
7.730000000000000 0.001747981026838
7.740000000000000 0.001732176643632
7.750000000000000 0.001716403495226
7.760000000000000 0.001700661512776
7.770000000000000 0.001684950627558
7.780000000000000 0.001669270770961
7.790000000000000 0.001653621874491
7.800000000000000 0.001638003869771
7.810000000000000 0.001623585352923
7.820000000000000 0.001609195222364
7.830000000000000 0.001594833415473
7.840000000000000 0.001580499869736
7.850000000000000 0.001566194522747
7.860000000000000 0.001551917312210
7.870000000000000 0.001537668175936
7.880000000000000 0.001523447051848
7.890000000000000 0.001509253877977
7.900000000000000 0.001495088592465
7.910000000000000 0.001481999190387
7.920000000000000 0.001468935439525
7.930000000000000 0.001455897283173
7.940000000000000 0.001442884664732
7.950000000000000 0.001429897527701
7.960000000000000 0.001416935815684
7.970000000000000 0.001403999472387
7.980000000000000 0.001391088441618
7.990000000000000 0.001378202667290
8.000000000000000 0.001365342093418
8.010000000000000 0.001353442457766
8.020000000000000 0.001341566033277
8.029999999999999 0.001329712768562
8.039999999999999 0.001317882612329
8.050000000000001 0.001306075513381
8.060000000000000 0.001294291420615
8.070000000000000 0.001282530283028
8.080000000000000 0.001270792049711
8.090000000000000 0.001259076669853
8.100000000000000 0.001247384092736
8.109999999999999 0.001236563727834
8.119999999999999 0.001225764368979
8.130000000000001 0.001214985969616
8.140000000000001 0.001204228483278
8.150000000000000 0.001193491863589
8.160000000000000 0.001182776064260
8.170000000000000 0.001172081039095
8.180000000000000 0.001161406741984
8.190000000000000 0.001150753126910
8.199999999999999 0.001140120147946
8.210000000000001 0.001130270684361
8.220000000000001 0.001120440250453
8.230000000000000 0.001110628804020
8.240000000000000 0.001100836302941
8.250000000000000 0.001091062705179
8.260000000000000 0.001081307968783
8.270000000000000 0.001071572051881
8.279999999999999 0.001061854912688
8.289999999999999 0.001052156509502
8.300000000000001 0.001042476800704
8.310000000000000 0.001033506010123
8.320000000000000 0.001024552467607
8.330000000000000 0.001015616134895
8.340000000000000 0.001006696973803
8.350000000000000 0.000997794946223
8.359999999999999 0.000988910014125
8.369999999999999 0.000980042139558
8.380000000000001 0.000971191284647
8.390000000000001 0.000962357411594
8.400000000000000 0.000953540482679
8.410000000000000 0.000945362646689
8.420000000000000 0.000937200457293
8.430000000000000 0.000929053879785
8.440000000000000 0.000920922879531
8.449999999999999 0.000912807421968
8.460000000000001 0.000904707472607
8.470000000000001 0.000896622997026
8.480000000000000 0.000888553960880
8.490000000000000 0.000880500329891
8.500000000000000 0.000872462069857
8.510000000000000 0.000864997146500
8.520000000000000 0.000857546435533
8.529999999999999 0.000850109905444
8.539999999999999 0.000842687524787
8.550000000000001 0.000835279262182
8.560000000000000 0.000827885086318
8.570000000000000 0.000820504965946
8.580000000000000 0.000813138869888
8.590000000000000 0.000805786767027
8.600000000000000 0.000798448626317
8.609999999999999 0.000791633505158
8.619999999999999 0.000784831294810
8.630000000000001 0.000778041966666
8.640000000000001 0.000771265492185
8.650000000000000 0.000764501842881
8.660000000000000 0.000757750990335
8.670000000000000 0.000751012906184
8.680000000000000 0.000744287562129
8.690000000000000 0.000737574929932
8.699999999999999 0.000730874981416
8.710000000000001 0.000724647570331
8.720000000000001 0.000718431897780
8.730000000000000 0.000712227937780
8.740000000000000 0.000706035664406
8.750000000000000 0.000699855051788
8.760000000000000 0.000693686074113
8.770000000000000 0.000687528705624
8.779999999999999 0.000681382920621
8.789999999999999 0.000675248693459
8.800000000000001 0.000669125998551
8.810000000000000 0.000663427544986
8.820000000000000 0.000657739779162
8.830000000000000 0.000652062677449
8.840000000000000 0.000646396216274
8.850000000000000 0.000640740372113
8.859999999999999 0.000635095121494
8.869999999999999 0.000629460440986
8.880000000000001 0.000623836307246
8.890000000000001 0.000618222696945
8.900000000000000 0.000612619586831
8.910000000000000 0.000607405626590
8.920000000000000 0.000602201396096
8.930000000000000 0.000597006873871
8.940000000000000 0.000591822038485
8.949999999999999 0.000586646868556
8.960000000000001 0.000581481342751
8.970000000000001 0.000576325439783
8.980000000000000 0.000571179138412
8.990000000000000 0.000566042417447
9.000000000000000 0.000560915255744
9.010000000000000 0.000556140748373
9.020000000000000 0.000551375105636
9.029999999999999 0.000546618307998
9.039999999999999 0.000541870335969
9.050000000000001 0.000537131170102
9.060000000000000 0.000532400790993
9.070000000000000 0.000527679179283
9.080000000000000 0.000522966315658
9.090000000000000 0.000518262180844
9.100000000000000 0.000513566755614
9.109999999999999 0.000509186868269
9.119999999999999 0.000504815071865
9.130000000000001 0.000500451348606
9.140000000000001 0.000496095680735
9.150000000000000 0.000491748050538
9.160000000000000 0.000487408440339
9.170000000000000 0.000483076832502
9.180000000000000 0.000478753209433
9.190000000000000 0.000474437553577
9.199999999999999 0.000470129847419
9.210000000000001 0.000466112155150
9.220000000000001 0.000462101847119
9.230000000000000 0.000458098907118
9.240000000000000 0.000454103318975
9.250000000000000 0.000450115066556
9.260000000000000 0.000446134133764
9.270000000000000 0.000442160504538
9.279999999999999 0.000438194162855
9.289999999999999 0.000434235092728
9.300000000000001 0.000430283278207
9.310000000000000 0.000426595197838
9.320000000000000 0.000422913861513
9.330000000000000 0.000419239254461
9.340000000000000 0.000415571361947
9.350000000000000 0.000411910169269
9.359999999999999 0.000408255661758
9.369999999999999 0.000404607824781
9.380000000000001 0.000400966643736
9.390000000000001 0.000397332104057
9.400000000000000 0.000393704191212
9.410000000000000 0.000390313560740
9.420000000000000 0.000386929099044
9.430000000000000 0.000383550792645
9.440000000000000 0.000380178628096
9.449999999999999 0.000376812591983
9.460000000000001 0.000373452670919
9.470000000000001 0.000370098851553
9.480000000000000 0.000366751120561
9.490000000000000 0.000363409464652
9.500000000000000 0.000360073870567
9.510000000000000 0.000356956725884
9.520000000000000 0.000353845223665
9.529999999999999 0.000350739351612
9.539999999999999 0.000347639097458
9.550000000000001 0.000344544448961
9.560000000000000 0.000341455393912
9.570000000000000 0.000338371920127
9.580000000000000 0.000335294015453
9.590000000000000 0.000332221667764
9.600000000000000 0.000329154864962
9.609999999999999 0.000326285063577
9.619999999999999 0.000323420430714
9.630000000000001 0.000320560955140
9.640000000000001 0.000317706625647
9.650000000000000 0.000314857431053
9.660000000000000 0.000312013360202
9.670000000000000 0.000309174401966
9.680000000000000 0.000306340545240
9.690000000000000 0.000303511778948
9.699999999999999 0.000300688092040
9.710000000000001 0.000298045197326
9.720000000000001 0.000295407038466
9.730000000000000 0.000292773605194
9.740000000000000 0.000290144887269
9.750000000000000 0.000287520874474
9.760000000000000 0.000284901556615
9.770000000000000 0.000282286923524
9.779999999999999 0.000279676965056
9.789999999999999 0.000277071671090
9.800000000000001 0.000274471031529
9.810000000000000 0.000272034068110
9.820000000000000 0.000269601449612
9.830000000000000 0.000267173166645
9.840000000000000 0.000264749209838
9.850000000000000 0.000262329569846
9.859999999999999 0.000259914237344
9.869999999999999 0.000257503203030
9.880000000000001 0.000255096457624
9.890000000000001 0.000252693991866
9.900000000000000 0.000250295796521
9.910000000000000 0.000248046675783
9.920000000000000 0.000245801545012
9.930000000000000 0.000243560395611
9.940000000000000 0.000241323219002
9.949999999999999 0.000239090006626
9.960000000000001 0.000236860749948
9.970000000000001 0.000234635440450
9.980000000000000 0.000232414069636
9.990000000000000 0.000230196629029
10.000000000000000 0.000227983110173
