0.000000000000000 0.000000000000000
0.010000000000000 0.000080674721654
0.020000000000000 0.000327996438869
0.030000000000000 0.000749609042969
0.040000000000000 0.001352755845211
0.050000000000000 0.002144283322646
0.060000000000000 0.003130645337399
0.070000000000000 0.004317907808051
0.080000000000000 0.005711753811037
0.090000000000000 0.007317489089390
0.100000000000000 0.009140047945613
0.110000000000000 0.011137233204897
0.120000000000000 0.013343237838758
0.130000000000000 0.015760116599787
0.140000000000000 0.018389659859964
0.150000000000000 0.021233400204546
0.160000000000000 0.024292619184268
0.170000000000000 0.027568354206617
0.180000000000000 0.031061405547246
0.190000000000000 0.034772343463037
0.200000000000000 0.038701515388741
0.210000000000000 0.042729114681548
0.220000000000000 0.046954119944947
0.230000000000000 0.051375303766916
0.240000000000000 0.055991300063926
0.250000000000000 0.060800610365282
0.260000000000000 0.065801610051517
0.270000000000000 0.070992554536397
0.280000000000000 0.076371585382721
0.290000000000000 0.081936736342707
0.300000000000000 0.087685939314416
0.310000000000000 0.093429828829707
0.320000000000000 0.099332786622101
0.330000000000000 0.105392024078151
0.340000000000000 0.111604709491140
0.350000000000000 0.117967972503878
0.360000000000000 0.124478908423698
0.370000000000000 0.131134582407286
0.380000000000000 0.137932033513454
0.390000000000000 0.144868278622394
0.400000000000000 0.151940316220336
0.410000000000000 0.158906714087752
0.420000000000000 0.165984477645635
0.430000000000000 0.173170404597228
0.440000000000000 0.180461310607266
0.450000000000000 0.187854031626089
0.460000000000000 0.195345426087478
0.470000000000000 0.202932376982426
0.480000000000000 0.210611793811235
0.490000000000000 0.218380614416511
0.500000000000000 0.226235806699734
0.510000000000000 0.233902116022096
0.520000000000000 0.241633236674504
0.530000000000000 0.249426220870755
0.540000000000000 0.257278170221298
0.550000000000000 0.265186236339114
0.560000000000000 0.273147621358236
0.570000000000000 0.281159578368487
0.580000000000000 0.289219411770005
0.590000000000000 0.297324477551056
0.600000000000000 0.305472183492658
0.610000000000000 0.313366226575465
0.620000000000000 0.321284946018910
0.630000000000000 0.329225965959829
0.640000000000000 0.337186970322764
0.650000000000000 0.345165702311564
0.660000000000000 0.353159963858124
0.670000000000000 0.361167615031327
0.680000000000000 0.369186573409190
0.690000000000000 0.377214813417097
0.700000000000000 0.385250365634881
0.710000000000000 0.392986564712922
0.720000000000000 0.400715748730596
0.730000000000000 0.408436205378885
0.740000000000000 0.416146279715446
0.750000000000000 0.423844373089227
0.760000000000000 0.431528942057094
0.770000000000000 0.439198497294410
0.780000000000000 0.446851602501423
0.790000000000000 0.454486873307223
0.800000000000000 0.462102976172895
0.810000000000000 0.469388233835692
0.820000000000000 0.476643216568844
0.830000000000000 0.483866839867717
0.840000000000000 0.491058067764435
0.850000000000000 0.498215911576677
0.860000000000000 0.505339428670125
0.870000000000000 0.512427721235450
0.880000000000000 0.519479935080633
0.890000000000000 0.526495258439364
0.900000000000000 0.533472920796170
0.910000000000000 0.540100893229270
0.920000000000000 0.546682824653171
0.930000000000000 0.553218162655418
0.940000000000000 0.559706392333182
0.950000000000000 0.566147035101497
0.960000000000000 0.572539647525540
0.970000000000000 0.578883820177033
0.980000000000000 0.585179176514862
0.990000000000000 0.591425371789937
1.000000000000000 0.597622091974277
1.010000000000000 0.603453151096635
1.020000000000000 0.609228445874374
1.030000000000000 0.614947843999384
1.040000000000000 0.620611239884203
1.050000000000000 0.626218553643607
1.060000000000000 0.631769730102976
1.070000000000000 0.637264737833079
1.080000000000000 0.642703568210954
1.090000000000000 0.648086234506508
1.100000000000000 0.653412770994459
1.110000000000000 0.658370281428754
1.120000000000000 0.663267128041752
1.130000000000000 0.668103489146502
1.140000000000000 0.672879560385730
1.150000000000000 0.677595553925085
1.160000000000000 0.682251697671438
1.170000000000000 0.686848234515717
1.180000000000000 0.691385421599748
1.190000000000000 0.695863529606576
1.200000000000000 0.700282842073730
1.210000000000000 0.704324523225890
1.220000000000000 0.708304107620328
1.230000000000000 0.712221991968057
1.240000000000000 0.716078582714852
1.250000000000000 0.719874295439307
1.260000000000000 0.723609554272248
1.270000000000000 0.727284791336917
1.280000000000000 0.730900446209395
1.290000000000000 0.734456965398687
1.300000000000000 0.737954801845937
1.310000000000000 0.741077808462092
1.320000000000000 0.744139870625176
1.330000000000000 0.747141526758209
1.340000000000000 0.750083319211928
1.350000000000000 0.752965793841233
1.360000000000000 0.755789499598689
1.370000000000000 0.758554988144537
1.380000000000000 0.761262813472731
1.390000000000000 0.763913531552474
1.400000000000000 0.766507699984790
1.410000000000000 0.768723946746660
1.420000000000000 0.770882101184027
1.430000000000000 0.772982785696988
1.440000000000000 0.775026622366233
1.450000000000000 0.777014232674265
1.460000000000000 0.778946237239615
1.470000000000000 0.780823255563553
1.480000000000000 0.782645905788917
1.490000000000000 0.784414804470611
1.500000000000000 0.786130566357374
1.510000000000000 0.787474692037677
1.520000000000000 0.788764741705063
1.530000000000000 0.790001377295573
1.540000000000000 0.791185257475200
1.550000000000000 0.792317037473199
1.560000000000000 0.793397368924833
1.570000000000000 0.794426899723224
1.580000000000000 0.795406273879968
1.590000000000000 0.796336131394160
1.600000000000000 0.797217108129529
1.610000000000000 0.797732013389801
1.620000000000000 0.798197539945746
1.630000000000000 0.798614357557434
1.640000000000000 0.798983130778161
1.650000000000000 0.799304518871058
1.660000000000000 0.799579175732315
1.670000000000000 0.799807749820734
1.680000000000000 0.799990884093354
1.690000000000000 0.800129215946903
1.700000000000000 0.800223377164818
1.710000000000000 0.799963700650098
1.720000000000000 0.799659711705453
1.730000000000000 0.799312065144705
1.740000000000000 0.798921409416150
1.750000000000000 0.798488386578798
1.760000000000000 0.798013632283010
1.770000000000000 0.797497775755336
1.780000000000000 0.796941439787354
1.790000000000000 0.796345240728324
1.800000000000000 0.795709788481483
1.810000000000000 0.794737216922959
1.820000000000000 0.793725523909760
1.830000000000000 0.792675333794652
1.840000000000000 0.791587263983459
1.850000000000000 0.790461924952225
1.860000000000000 0.789299920267107
1.870000000000000 0.788101846606883
1.880000000000000 0.786868293787896
1.890000000000000 0.785599844791355
1.900000000000000 0.784297075792813
1.910000000000000 0.782679968779607
1.920000000000000 0.781028882915566
1.930000000000000 0.779344401929920
1.940000000000000 0.777627102442685
1.950000000000000 0.775877554008389
1.960000000000000 0.774096319161343
1.970000000000000 0.772283953462348
1.980000000000000 0.770441005546756
1.990000000000000 0.768568017173778
2.000000000000000 0.766665523276961
2.010000000000000 0.764478917665655
2.020000000000000 0.762263303509920
2.030000000000000 0.760019217668291
2.040000000000000 0.757747190025300
2.050000000000000 0.755447743551025
2.060000000000000 0.753121394361357
2.070000000000000 0.750768651778881
2.080000000000000 0.748390018394329
2.090000000000000 0.745985990128545
2.100000000000000 0.743557056294886
2.110000000000000 0.740879288370311
2.120000000000000 0.738177213889739
2.130000000000000 0.735451319716126
2.140000000000000 0.732702086074553
2.150000000000000 0.729929986619801
2.160000000000000 0.727135488504051
2.170000000000000 0.724319052444670
2.180000000000000 0.721481132792032
2.190000000000000 0.718622177597357
2.200000000000000 0.715742628680496
2.210000000000000 0.712656793867565
2.220000000000000 0.709551022192559
2.230000000000000 0.706425749515666
2.240000000000000 0.703281405526286
2.250000000000000 0.700118413813052
2.260000000000000 0.696937191933600
2.270000000000000 0.693738151484077
2.280000000000000 0.690521698168358
2.290000000000000 0.687288231866940
2.300000000000000 0.684038146705516
2.310000000000000 0.680629389405642
2.320000000000000 0.677204684907970
2.330000000000000 0.673764418733171
2.340000000000000 0.670308970774859
2.350000000000000 0.666838715368211
2.360000000000000 0.663354021358139
2.370000000000000 0.659855252166975
2.380000000000000 0.656342765861675
2.390000000000000 0.652816915220522
2.400000000000000 0.649278047799323
2.410000000000000 0.645629102177606
2.420000000000000 0.641967786948749
2.430000000000000 0.638294439326791
2.440000000000000 0.634609391475997
2.450000000000000 0.630912970575620
2.460000000000000 0.627205498884080
2.470000000000000 0.623487293802583
2.480000000000000 0.619758667938135
2.490000000000000 0.616019929165975
2.500000000000000 0.612271380691416
2.510000000000000 0.608464637000136
2.520000000000000 0.604648675485240
2.530000000000000 0.600823787862485
2.540000000000000 0.596990261380518
2.550000000000000 0.593148378880265
2.560000000000000 0.589298418853710
2.570000000000000 0.585440655502049
2.580000000000000 0.581575358793237
2.590000000000000 0.577702794518913
2.600000000000000 0.573823224350708
2.610000000000000 0.569934614926444
2.620000000000000 0.566039511414573
2.630000000000000 0.562138163546983
2.640000000000000 0.558230817153042
2.650000000000000 0.554317714212860
2.660000000000000 0.550399092909945
2.670000000000000 0.546475187683263
2.680000000000000 0.542546229278677
2.690000000000000 0.538612444799802
2.700000000000000 0.534674057758248
2.710000000000000 0.530775615270122
2.720000000000000 0.526872984250343
2.730000000000000 0.522966376234893
2.740000000000000 0.519055999390476
2.750000000000000 0.515142058561416
2.760000000000000 0.511224755315965
2.770000000000000 0.507304287992054
2.780000000000000 0.503380851742479
2.790000000000000 0.499454638579523
2.800000000000000 0.495525837419025
2.810000000000000 0.491678623807451
2.820000000000000 0.487829130517407
2.830000000000000 0.483977534966157
2.840000000000000 0.480124011691856
2.850000000000000 0.476268732394197
2.860000000000000 0.472411865974536
2.870000000000000 0.468553578575513
2.880000000000000 0.464694033620154
2.890000000000000 0.460833391850472
2.900000000000000 0.456971811365563
2.910000000000000 0.453227625932700
2.920000000000000 0.449482703065620
2.930000000000000 0.445737190138357
2.940000000000000 0.441991232087675
2.950000000000000 0.438244971447846
2.960000000000000 0.434498548384977
2.970000000000000 0.430752100730876
2.980000000000000 0.427005764016474
2.990000000000000 0.423259671504801
3.000000000000000 0.419513954223519
3.010000000000000 0.415915370410708
3.020000000000000 0.412317260194909
3.030000000000000 0.408719744837871
3.040000000000000 0.405122943555922
3.050000000000000 0.401526973549386
3.060000000000000 0.397931950031620
3.070000000000000 0.394337986257642
3.080000000000000 0.390745193552382
3.090000000000000 0.387153681338546
3.100000000000000 0.383563557164097
3.110000000000000 0.380143201246205
3.120000000000000 0.376724238213961
3.130000000000000 0.373306766925606
3.140000000000000 0.369890884536253
3.150000000000000 0.366476686522535
3.160000000000000 0.363064266706915
3.170000000000000 0.359653717281663
3.180000000000000 0.356245128832502
3.190000000000000 0.352838590361933
3.200000000000000 0.349434189312224
3.210000000000000 0.346214912430128
3.220000000000000 0.342997697336831
3.230000000000000 0.339782623906743
3.240000000000000 0.336569770606072
3.250000000000000 0.333359214513304
3.260000000000000 0.330151031339385
3.270000000000000 0.326945295447633
3.280000000000000 0.323742079873370
3.290000000000000 0.320541456343280
3.300000000000000 0.317343495294495
3.310000000000000 0.314339497051990
3.320000000000000 0.311338019678298
3.330000000000000 0.308339127144012
3.340000000000000 0.305342882262636
3.350000000000000 0.302349346707468
3.360000000000000 0.299358581028244
3.370000000000000 0.296370644667552
3.380000000000000 0.293385595977011
3.390000000000000 0.290403492233232
3.400000000000000 0.287424389653545
3.410000000000000 0.284642283561603
3.420000000000000 0.281862986025781
3.430000000000000 0.279086547834766
3.440000000000000 0.276313018831699
3.450000000000000 0.273542447928013
3.460000000000000 0.270774883117069
3.470000000000000 0.268010371487606
3.480000000000000 0.265248959237001
3.490000000000000 0.262490691684337
3.500000000000000 0.259735613283290
3.510000000000000 0.257175710706740
3.520000000000000 0.254618767997081
3.530000000000000 0.252064825124911
3.540000000000000 0.249513921291839
3.550000000000000 0.246966094941767
3.560000000000000 0.244421383772003
3.570000000000000 0.241879824744229
3.580000000000000 0.239341454095305
3.590000000000000 0.236806307347926
3.600000000000000 0.234274419321121
3.610000000000000 0.231932436362706
3.620000000000000 0.229593458392789
3.630000000000000 0.227257516581535
3.640000000000000 0.224924641476364
3.650000000000000 0.222594863011110
3.660000000000000 0.220268210515042
3.670000000000000 0.217944712721760
3.680000000000000 0.215624397777967
3.690000000000000 0.213307293252117
3.700000000000000 0.210993426142936
3.710000000000000 0.208861284546630
3.720000000000000 0.206732113276086
3.730000000000000 0.204605936404011
3.740000000000000 0.202482777500648
3.750000000000000 0.200362659641182
3.760000000000000 0.198245605413033
3.770000000000000 0.196131636923053
3.780000000000000 0.194020775804617
3.790000000000000 0.191913043224617
3.800000000000000 0.189808459890353
3.810000000000000 0.187875110828773
3.820000000000000 0.185944640209262
3.830000000000000 0.184017066428399
3.840000000000000 0.182092407478572
3.850000000000000 0.180170680953949
3.860000000000000 0.178251904056361
3.870000000000000 0.176336093601104
3.880000000000000 0.174423266022657
3.890000000000000 0.172513437380325
3.900000000000000 0.170606623363792
3.910000000000000 0.168859691101521
3.920000000000000 0.167115505382311
3.930000000000000 0.165374080095850
3.940000000000000 0.163635428807574
3.950000000000000 0.161899564763466
3.960000000000000 0.160166500894792
3.970000000000000 0.158436249822769
3.980000000000000 0.156708823863164
3.990000000000000 0.154984235030833
4.000000000000000 0.153262495044192
4.010000000000000 0.151687964714773
4.020000000000000 0.150116024549253
4.030000000000000 0.148546684887905
4.040000000000000 0.146979955811395
4.050000000000000 0.145415847144640
4.060000000000000 0.143854368460610
4.070000000000000 0.142295529084075
4.080000000000000 0.140739338095306
4.090000000000000 0.139185804333716
4.100000000000000 0.137634936401457
4.110000000000000 0.136219677188664
4.120000000000000 0.134806835946797
4.130000000000000 0.133396420237211
4.140000000000000 0.131988437413886
4.150000000000000 0.130582894626523
4.160000000000000 0.129179798823594
4.170000000000000 0.127779156755345
4.180000000000000 0.126380974976768
4.190000000000000 0.124985259850518
4.200000000000000 0.123592017549799
4.210000000000000 0.122322004450974
4.220000000000000 0.121054231590218
4.230000000000000 0.119788704372163
4.240000000000000 0.118525428036043
4.250000000000000 0.117264407658170
4.260000000000000 0.116005648154379
4.270000000000000 0.114749154282440
4.280000000000000 0.113494930644431
4.290000000000000 0.112242981689086
4.300000000000000 0.110993311714100
4.310000000000000 0.109855359098049
4.320000000000000 0.108719468801377
4.330000000000000 0.107585644567202
4.340000000000000 0.106453890006917
4.350000000000000 0.105324208602186
4.360000000000000 0.104196603706892
4.370000000000000 0.103071078549074
4.380000000000000 0.101947636232829
4.390000000000000 0.100826279740186
4.400000000000000 0.099707011932964
4.410000000000000 0.098688478233610
4.420000000000000 0.097671833348509
4.430000000000000 0.096657079751918
4.440000000000000 0.095644219813332
4.450000000000000 0.094633255799076
4.460000000000000 0.093624189873873
4.470000000000000 0.092617024102392
4.480000000000000 0.091611760450767
4.490000000000000 0.090608400788108
4.500000000000000 0.089606946887977
4.510000000000000 0.088695822459666
4.520000000000000 0.087786421085110
4.530000000000000 0.086878744278915
4.540000000000000 0.085972793472455
4.550000000000000 0.085068570015155
4.560000000000000 0.084166075175736
4.570000000000000 0.083265310143464
4.580000000000000 0.082366276029362
4.590000000000000 0.081468973867421
4.600000000000000 0.080573404615787
4.610000000000000 0.079758705004755
4.620000000000000 0.078945572029553
4.630000000000000 0.078134006487041
4.640000000000000 0.077324009108036
4.650000000000000 0.076515580558326
4.660000000000000 0.075708721439685
4.670000000000000 0.074903432290857
4.680000000000000 0.074099713588542
4.690000000000000 0.073297565748353
4.700000000000000 0.072496989125777
4.710000000000000 0.071768611195120
4.720000000000000 0.071041653961033
4.730000000000000 0.070316117690869
4.740000000000000 0.069592002599632
4.750000000000000 0.068869308850793
4.760000000000000 0.068148036557098
4.770000000000000 0.067428185781365
4.780000000000000 0.066709756537265
4.790000000000000 0.065992748790100
4.800000000000000 0.065277162457562
4.810000000000000 0.064625933806636
4.820000000000000 0.063975990807762
4.830000000000000 0.063327333344420
4.840000000000000 0.062679961258648
4.850000000000000 0.062033874351700
4.860000000000000 0.061389072384688
4.870000000000000 0.060745555079225
4.880000000000000 0.060103322118054
4.890000000000000 0.059462373145664
4.900000000000000 0.058822707768911
4.910000000000000 0.058240351787857
4.920000000000000 0.057659157299180
4.930000000000000 0.057079123914509
4.940000000000000 0.056500251212708
4.950000000000000 0.055922538740412
4.960000000000000 0.055345986012542
4.970000000000000 0.054770592512814
4.980000000000000 0.054196357694254
4.990000000000000 0.053623280979686
5.000000000000000 0.053051361762231
5.010000000000000 0.052530440052906
5.020000000000000 0.052010566272495
5.030000000000000 0.051491739846378
5.040000000000000 0.050973960174078
5.050000000000000 0.050457226629696
5.060000000000000 0.049941538562315
5.070000000000000 0.049426895296420
5.080000000000000 0.048913296132301
5.090000000000000 0.048400740346456
5.100000000000000 0.047889227191981
5.110000000000000 0.047423063095688
5.120000000000000 0.046957843515891
5.130000000000000 0.046493567756622
5.140000000000000 0.046030235101552
5.150000000000000 0.045567844814333
5.160000000000000 0.045106396138933
5.170000000000000 0.044645888299963
5.180000000000000 0.044186320503009
5.190000000000000 0.043727691934952
5.200000000000000 0.043270001764285
5.210000000000000 0.042852605386059
5.220000000000000 0.042436059724277
5.230000000000000 0.042020364010335
5.240000000000000 0.041605517459634
5.250000000000000 0.041191519271851
5.260000000000000 0.040778368631209
5.270000000000000 0.040366064706744
5.280000000000000 0.039954606652569
5.290000000000000 0.039543993608131
5.300000000000000 0.039134224698466
5.310000000000000 0.038760240515304
5.320000000000000 0.038387022232394
5.330000000000000 0.038014569044643
5.340000000000000 0.037642880134424
5.350000000000000 0.037271954671796
5.360000000000000 0.036901791814725
5.370000000000000 0.036532390709296
5.380000000000000 0.036163750489926
5.390000000000000 0.035795870279571
5.400000000000000 0.035428749189935
5.410000000000000 0.035093250940302
5.420000000000000 0.034758442416606
5.430000000000000 0.034424322803185
5.440000000000000 0.034090891274589
5.450000000000000 0.033758146995759
5.460000000000000 0.033426089122201
5.470000000000000 0.033094716800161
5.480000000000000 0.032764029166793
5.490000000000000 0.032434025350329
5.500000000000000 0.032104704470247
5.510000000000000 0.031803890000111
5.520000000000000 0.031503695732849
5.530000000000000 0.031204120862756
5.540000000000000 0.030905164576526
5.550000000000000 0.030606826053392
5.560000000000000 0.030309104465270
5.570000000000000 0.030011998976897
5.580000000000000 0.029715508745971
5.590000000000000 0.029419632923284
5.600000000000000 0.029124370652857
5.610000000000000 0.028854223387612
5.620000000000000 0.028584634285345
5.630000000000000 0.028315602562826
5.640000000000000 0.028047127430949
5.650000000000000 0.027779208094846
5.660000000000000 0.027511843754004
5.670000000000000 0.027245033602374
5.680000000000000 0.026978776828485
5.690000000000000 0.026713072615555
5.700000000000000 0.026447920141595
5.710000000000000 0.026205053489056
5.720000000000000 0.025962689353865
5.730000000000000 0.025720826984123
5.740000000000000 0.025479465623423
5.750000000000000 0.025238604510937
5.760000000000000 0.024998242881514
5.770000000000000 0.024758379965764
5.780000000000000 0.024519014990156
5.790000000000000 0.024280147177099
5.800000000000000 0.024041775745036
5.810000000000000 0.023823257440340
5.820000000000000 0.023605191631801
5.830000000000000 0.023387577604755
5.840000000000000 0.023170414641100
5.850000000000000 0.022953702019379
5.860000000000000 0.022737439014852
5.870000000000000 0.022521624899566
5.880000000000000 0.022306258942436
5.890000000000000 0.022091340409307
5.900000000000000 0.021876868563031
5.910000000000000 0.021680060512850
5.920000000000000 0.021483660092714
5.930000000000000 0.021287666628501
5.940000000000000 0.021092079443504
5.950000000000000 0.020896897858493
5.960000000000000 0.020702121191779
5.970000000000000 0.020507748759268
5.980000000000000 0.020313779874522
5.990000000000000 0.020120213848820
6.000000000000000 0.019927049991210
6.010000000000000 0.019749621692620
6.020000000000000 0.019572560776145
6.030000000000000 0.019395866609765
6.040000000000000 0.019219538559548
6.050000000000000 0.019043575989692
6.060000000000000 0.018867978262581
6.070000000000000 0.018692744738832
6.080000000000000 0.018517874777338
6.090000000000000 0.018343367735318
6.100000000000000 0.018169222968367
6.110000000000000 0.018009137356963
6.120000000000000 0.017849382962153
6.130000000000000 0.017689959194410
6.140000000000000 0.017530865462815
6.150000000000000 0.017372101175100
6.160000000000000 0.017213665737683
6.170000000000000 0.017055558555712
6.180000000000000 0.016897779033102
6.190000000000000 0.016740326572570
6.200000000000000 0.016583200575678
6.210000000000000 0.016438625113900
6.220000000000000 0.016294348419995
6.230000000000000 0.016150369946265
6.240000000000000 0.016006689144030
6.250000000000000 0.015863305463664
6.260000000000000 0.015720218354621
6.270000000000000 0.015577427265472
6.280000000000000 0.015434931643934
6.290000000000000 0.015292730936900
6.300000000000000 0.015150824590472
6.310000000000000 0.015020094493207
6.320000000000000 0.014889634127736
6.330000000000000 0.014759442986714
6.340000000000000 0.014629520562129
6.350000000000000 0.014499866345335
6.360000000000000 0.014370479827073
6.370000000000000 0.014241360497501
6.380000000000000 0.014112507846217
6.390000000000000 0.013983921362285
6.400000000000000 0.013855600534257
6.410000000000000 0.013737271759121
6.420000000000000 0.013619186659750
6.430000000000000 0.013501344767401
6.440000000000000 0.013383745612914
6.450000000000000 0.013266388726734
6.460000000000000 0.013149273638932
6.470000000000000 0.013032399879225
6.480000000000000 0.012915766976997
6.490000000000000 0.012799374461320
6.500000000000000 0.012683221860973
6.510000000000000 0.012576013615842
6.520000000000000 0.012469025651680
6.530000000000000 0.012362257536343
6.540000000000000 0.012255708837460
6.550000000000000 0.012149379122451
6.560000000000000 0.012043267958539
6.570000000000000 0.011937374912775
6.580000000000000 0.011831699552048
6.590000000000000 0.011726241443104
6.600000000000000 0.011621000152562
6.610000000000000 0.011523771511738
6.620000000000000 0.011426742141810
6.630000000000000 0.011329911645068
6.640000000000000 0.011233279623721
6.650000000000000 0.011136845679904
6.660000000000000 0.011040609415700
6.670000000000000 0.010944570433148
6.680000000000000 0.010848728334259
6.690000000000000 0.010753082721028
6.700000000000000 0.010657633195447
6.710000000000000 0.010569368137719
6.720000000000000 0.010481283475051
6.730000000000000 0.010393378841938
6.740000000000000 0.010305653872896
6.750000000000000 0.010218108202482
6.760000000000000 0.010130741465296
6.770000000000000 0.010043553295998
6.780000000000000 0.009956543329315
6.790000000000000 0.009869711200056
6.800000000000000 0.009783056543117
6.810000000000000 0.009702850224560
6.820000000000000 0.009622807333812
6.830000000000000 0.009542927535340
6.840000000000000 0.009463210493717
6.850000000000000 0.009383655873629
6.860000000000000 0.009304263339885
6.870000000000000 0.009225032557425
6.880000000000000 0.009145963191329
6.890000000000000 0.009067054906828
6.900000000000000 0.008988307369307
6.910000000000000 0.008915354817396
6.920000000000000 0.008842550429769
6.930000000000000 0.008769893898692
6.940000000000000 0.008697384916596
6.950000000000000 0.008625023176078
6.960000000000000 0.008552808369913
6.970000000000000 0.008480740191062
6.980000000000000 0.008408818332676
6.990000000000000 0.008337042488104
7.000000000000000 0.008265412350900
7.010000000000000 0.008198994754247
7.020000000000000 0.008132711583935
7.030000000000000 0.008066562557930
7.040000000000000 0.008000547394397
7.050000000000000 0.007934665811711
7.060000000000000 0.007868917528463
7.070000000000000 0.007803302263462
7.080000000000000 0.007737819735747
7.090000000000000 0.007672469664585
7.100000000000000 0.007607251769482
7.110000000000000 0.007546732364847
7.120000000000000 0.007486335003147
7.130000000000000 0.007426059426062
7.140000000000000 0.007365905375503
7.150000000000000 0.007305872593615
7.160000000000000 0.007245960822783
7.170000000000000 0.007186169805635
7.180000000000000 0.007126499285050
7.190000000000000 0.007066949004159
7.200000000000000 0.007007518706349
7.210000000000000 0.006952314810648
7.220000000000000 0.006897221815514
7.230000000000000 0.006842239484411
7.240000000000000 0.006787367581045
7.250000000000000 0.006732605869376
7.260000000000000 0.006677954113617
7.270000000000000 0.006623412078238
7.280000000000000 0.006568979527974
7.290000000000000 0.006514656227821
7.300000000000000 0.006460441943048
7.310000000000000 0.006410046857589
7.320000000000000 0.006359752611358
7.330000000000000 0.006309558987849
7.340000000000000 0.006259465770815
7.350000000000000 0.006209472744265
7.360000000000000 0.006159579692469
7.370000000000000 0.006109786399963
7.380000000000000 0.006060092651550
7.390000000000000 0.006010498232304
7.400000000000000 0.005961002927571
7.410000000000000 0.005914960187224
7.420000000000000 0.005869009199247
7.430000000000000 0.005823149765525
7.440000000000000 0.005777381688201
7.450000000000000 0.005731704769681
7.460000000000000 0.005686118812629
7.470000000000000 0.005640623619980
7.480000000000000 0.005595218994934
7.490000000000000 0.005549904740959
7.500000000000000 0.005504680661799
7.510000000000000 0.005462564322926
7.520000000000000 0.005420531557907
7.530000000000000 0.005378582185412
7.540000000000000 0.005336716024366
7.550000000000000 0.005294932893953
7.560000000000000 0.005253232613617
7.570000000000000 0.005211615003065
7.580000000000000 0.005170079882266
7.590000000000000 0.005128627071456
7.600000000000000 0.005087256391137
7.610000000000000 0.005048698565907
7.620000000000000 0.005010216921363
7.630000000000000 0.004971811291540
7.640000000000000 0.004933481510726
7.650000000000000 0.004895227413459
7.660000000000000 0.004857048834533
7.670000000000000 0.004818945608996
7.680000000000000 0.004780917572154
7.690000000000000 0.004742964559572
7.700000000000000 0.004705086407072
7.710000000000000 0.004669754970640
7.720000000000000 0.004634493030262
7.730000000000000 0.004599300434022
7.740000000000000 0.004564177030248
7.750000000000000 0.004529122667515
7.760000000000000 0.004494137194641
7.770000000000000 0.004459220460693
7.780000000000000 0.004424372314983
7.790000000000000 0.004389592607075
7.800000000000000 0.004354881186783
7.810000000000000 0.004322483452577
7.820000000000000 0.004290149154305
7.830000000000000 0.004257878152916
7.840000000000000 0.004225670309595
7.850000000000000 0.004193525485762
7.860000000000000 0.004161443543072
7.870000000000000 0.004129424343416
7.880000000000000 0.004097467748926
7.890000000000000 0.004065573621968
7.900000000000000 0.004033741825151
7.910000000000000 0.004004002824691
7.920000000000000 0.003974321784911
7.930000000000000 0.003944698578485
7.940000000000000 0.003915133078310
7.950000000000000 0.003885625157510
7.960000000000000 0.003856174689429
7.970000000000000 0.003826781547642
7.980000000000000 0.003797445605947
7.990000000000000 0.003768166738371
8.000000000000000 0.003738944819166
8.010000000000000 0.003711623249573
8.020000000000000 0.003684354678576
8.029999999999999 0.003657138989557
8.039999999999999 0.003629976066108
8.050000000000001 0.003602865792035
8.060000000000000 0.003575808051358
8.070000000000000 0.003548802728311
8.080000000000000 0.003521849707343
8.090000000000000 0.003494948873116
8.100000000000000 0.003468100110509
8.109999999999999 0.003442980057679
8.119999999999999 0.003417908500010
8.130000000000001 0.003392885330668
8.140000000000001 0.003367910443014
8.150000000000000 0.003342983730617
8.160000000000000 0.003318105087242
8.170000000000000 0.003293274406861
8.180000000000000 0.003268491583646
8.190000000000000 0.003243756511972
8.199999999999999 0.003219069086419
8.210000000000001 0.003195954411140
8.220000000000001 0.003172884143329
8.230000000000000 0.003149858185080
8.240000000000000 0.003126876438677
8.250000000000000 0.003103938806596
8.260000000000000 0.003081045191500
8.270000000000000 0.003058195496246
8.279999999999999 0.003035389623879
8.289999999999999 0.003012627477637
8.300000000000001 0.002989908960946
8.310000000000000 0.002968624331918
8.320000000000000 0.002947380393796
8.330000000000000 0.002926177056839
8.340000000000000 0.002905014231483
8.350000000000000 0.002883891828341
8.359999999999999 0.002862809758207
8.369999999999999 0.002841767932052
8.380000000000001 0.002820766261028
8.390000000000001 0.002799804656463
8.400000000000000 0.002778883029868
8.410000000000000 0.002759265247837
8.420000000000000 0.002739684784185
8.430000000000000 0.002720141556608
8.440000000000000 0.002700635482970
8.449999999999999 0.002681166481302
8.460000000000001 0.002661734469804
8.470000000000001 0.002642339366841
8.480000000000000 0.002622981090946
8.490000000000000 0.002603659560822
8.500000000000000 0.002584374695337
8.510000000000000 0.002566277728787
8.520000000000000 0.002548215015364
8.529999999999999 0.002530186479553
8.539999999999999 0.002512192045994
8.550000000000001 0.002494231639482
8.560000000000000 0.002476305184970
8.570000000000000 0.002458412607568
8.580000000000000 0.002440553832542
8.590000000000000 0.002422728785315
8.600000000000000 0.002404937391464
8.609999999999999 0.002388234219691
8.619999999999999 0.002371562503165
8.630000000000001 0.002354922172584
8.640000000000001 0.002338313158791
8.650000000000000 0.002321735392777
8.660000000000000 0.002305188805678
8.670000000000000 0.002288673328777
8.680000000000000 0.002272188893501
8.690000000000000 0.002255735431426
8.699999999999999 0.002239312874272
8.710000000000001 0.002223880995460
8.720000000000001 0.002208478030025
8.730000000000000 0.002193103914326
8.740000000000000 0.002177758584858
8.750000000000000 0.002162441978250
8.760000000000000 0.002147154031272
8.770000000000000 0.002131894680824
8.779999999999999 0.002116663863948
8.789999999999999 0.002101461517818
8.800000000000001 0.002086287579746
8.810000000000000 0.002072021087146
8.820000000000000 0.002057781187514
8.830000000000000 0.002043567822386
8.840000000000000 0.002029380933426
8.850000000000000 0.002015220462426
8.859999999999999 0.002001086351301
8.869999999999999 0.001986978542057
8.880000000000001 0.001972896976944
8.890000000000001 0.001958841598221
8.900000000000000 0.001944812348349
8.910000000000000 0.001931612424899
8.920000000000000 0.001918436979596
8.930000000000000 0.001905285958704
8.940000000000000 0.001892159308606
8.949999999999999 0.001879056975802
8.960000000000001 0.001865978906911
8.970000000000001 0.001852925048669
8.980000000000000 0.001839895347929
8.990000000000000 0.001826889751663
9.000000000000000 0.001813908206961
9.010000000000000 0.001801686477976
9.020000000000000 0.001789487295828
9.029999999999999 0.001777310611103
9.039999999999999 0.001765156374499
9.050000000000001 0.001753024536822
9.060000000000000 0.001740915048987
9.070000000000000 0.001728827862021
9.080000000000000 0.001716762927059
9.090000000000000 0.001704720195344
9.100000000000000 0.001692699618230
9.109999999999999 0.001681375578768
9.119999999999999 0.001670072321441
9.130000000000001 0.001658789800790
9.140000000000001 0.001647527971457
9.150000000000000 0.001636286788186
9.160000000000000 0.001625066205823
9.170000000000000 0.001613866179316
9.180000000000000 0.001602686663714
9.190000000000000 0.001591527614168
9.199999999999999 0.001580388985930
9.210000000000001 0.001569890677645
9.220000000000001 0.001559411535461
9.230000000000000 0.001548951517539
9.240000000000000 0.001538510582137
9.250000000000000 0.001528088687606
9.260000000000000 0.001517685792393
9.270000000000000 0.001507301855038
9.279999999999999 0.001496936834176
9.289999999999999 0.001486590688535
9.300000000000001 0.001476263376939
9.310000000000000 0.001466523860838
9.320000000000000 0.001456802032388
9.330000000000000 0.001447097853068
9.340000000000000 0.001437411284440
9.350000000000000 0.001427742288159
9.359999999999999 0.001418090825964
9.369999999999999 0.001408456859683
9.380000000000001 0.001398840351230
9.390000000000001 0.001389241262607
9.400000000000000 0.001379659555905
9.410000000000000 0.001370616612205
9.420000000000000 0.001361590004919
9.430000000000000 0.001352579698554
9.440000000000000 0.001343585657695
9.449999999999999 0.001334607847013
9.460000000000001 0.001325646231257
9.470000000000001 0.001316700775258
9.480000000000000 0.001307771443929
9.490000000000000 0.001298858202261
9.500000000000000 0.001289961015330
9.510000000000000 0.001281559029889
9.520000000000000 0.001273172143110
9.529999999999999 0.001264800322272
9.539999999999999 0.001256443534729
9.550000000000001 0.001248101747913
9.560000000000000 0.001239774929328
9.570000000000000 0.001231463046556
9.580000000000000 0.001223166067253
9.590000000000000 0.001214883959150
9.600000000000000 0.001206616690053
9.609999999999999 0.001198806705142
9.619999999999999 0.001191010681023
9.630000000000001 0.001183228587524
9.640000000000001 0.001175460394541
9.650000000000000 0.001167706072042
9.660000000000000 0.001159965590064
9.670000000000000 0.001152238918715
9.680000000000000 0.001144526028170
9.690000000000000 0.001136826888675
9.699999999999999 0.001129141470547
9.710000000000001 0.001121874815250
9.720000000000001 0.001114621081036
9.730000000000000 0.001107380240058
9.740000000000000 0.001100152264534
9.750000000000000 0.001092937126749
9.760000000000000 0.001085734799049
9.770000000000000 0.001078545253849
9.779999999999999 0.001071368463625
9.789999999999999 0.001064204400919
9.800000000000001 0.001057053038337
9.810000000000000 0.001050287979119
9.820000000000000 0.001043534885601
9.830000000000000 0.001036793732072
9.840000000000000 0.001030064492882
9.850000000000000 0.001023347142439
9.859999999999999 0.001016641655213
9.869999999999999 0.001009948005732
9.880000000000001 0.001003266168586
9.890000000000001 0.000996596118424
9.900000000000000 0.000989937829952
9.910000000000000 0.000983634695755
9.920000000000000 0.000977342651434
9.930000000000000 0.000971061673232
9.940000000000000 0.000964791737449
9.949999999999999 0.000958532820441
9.960000000000001 0.000952284898618
9.970000000000001 0.000946047948447
9.980000000000000 0.000939821946451
9.990000000000000 0.000933606869206
10.000000000000000 0.000927402693344
