0.000000000000000 0.000000000000000
0.010000000000000 0.000599155657984
0.020000000000000 0.002346285913943
0.030000000000000 0.005166995647999
0.040000000000000 0.008988393906705
0.050000000000000 0.013739121930661
0.060000000000000 0.019349378478986
0.070000000000000 0.025750942457248
0.080000000000000 0.032877192864007
0.090000000000000 0.040663126079119
0.100000000000000 0.049045370524679
0.110000000000000 0.058104100644513
0.120000000000000 0.067688267528892
0.130000000000000 0.077744932083221
0.140000000000000 0.088222577371257
0.150000000000000 0.099071113453273
0.160000000000000 0.110241880166614
0.170000000000000 0.121687647906573
0.180000000000000 0.133362616469311
0.190000000000000 0.145222412021852
0.200000000000000 0.157224082267182
0.210000000000000 0.169694903719690
0.220000000000000 0.182290149337225
0.230000000000000 0.194974007133885
0.240000000000000 0.207711881982102
0.250000000000000 0.220470386164379
0.260000000000000 0.233217328669723
0.270000000000000 0.245921703302413
0.280000000000000 0.258553675671046
0.290000000000000 0.271084569125843
0.300000000000000 0.283486849711996
0.310000000000000 0.296316430463835
0.320000000000000 0.309029665606182
0.330000000000000 0.321603749121525
0.340000000000000 0.334016837248255
0.350000000000000 0.346248032578501
0.360000000000000 0.358277367579053
0.370000000000000 0.370085787589784
0.380000000000000 0.381655133352673
0.390000000000000 0.392968123123082
0.400000000000000 0.404008334413418
0.410000000000000 0.415506841889360
0.420000000000000 0.426759800018595
0.430000000000000 0.437753774449142
0.440000000000000 0.448476043644648
0.450000000000000 0.458914581941163
0.460000000000000 0.469058042478977
0.470000000000000 0.478895740044304
0.480000000000000 0.488417633853980
0.490000000000000 0.497614310314699
0.500000000000000 0.506476965786676
0.510000000000000 0.515854284012284
0.520000000000000 0.524930811414919
0.530000000000000 0.533699518600358
0.540000000000000 0.542153875032904
0.550000000000000 0.550287834015806
0.560000000000000 0.558095817787765
0.570000000000000 0.565572702753398
0.580000000000000 0.572713804864307
0.590000000000000 0.579514865166070
0.600000000000000 0.585972035525313
0.610000000000000 0.592997360450579
0.620000000000000 0.599712587418359
0.630000000000000 0.606114828780474
0.640000000000000 0.612201528226710
0.650000000000000 0.617970448823283
0.660000000000000 0.623419661259959
0.670000000000000 0.628547532312453
0.680000000000000 0.633352713525942
0.690000000000000 0.637834130124731
0.700000000000000 0.641990970152374
0.710000000000000 0.646759238871479
0.720000000000000 0.651234487903911
0.730000000000000 0.655416344900884
0.740000000000000 0.659304646219800
0.750000000000000 0.662899428071882
0.760000000000000 0.666200917886137
0.770000000000000 0.669209525890090
0.780000000000000 0.671925836907344
0.790000000000000 0.674350602371597
0.800000000000000 0.676484732556367
0.810000000000000 0.679253006816004
0.820000000000000 0.681758470454018
0.830000000000000 0.684002158946160
0.840000000000000 0.685985231496339
0.850000000000000 0.687708964833976
0.860000000000000 0.689174747196873
0.870000000000000 0.690384072497406
0.880000000000000 0.691338534669598
0.890000000000000 0.692039822194513
0.900000000000000 0.692489712801237
0.910000000000000 0.693583179406011
0.920000000000000 0.694449014698944
0.930000000000000 0.695088943661478
0.940000000000000 0.695504758786204
0.950000000000000 0.695698315921238
0.960000000000000 0.695671530258282
0.970000000000000 0.695426372461410
0.980000000000000 0.694964864933565
0.990000000000000 0.694289078217720
1.000000000000000 0.693401127529651
1.010000000000000 0.693150525261180
1.020000000000000 0.692707531551309
1.030000000000000 0.692074119291437
1.040000000000000 0.691252293317400
1.050000000000000 0.690244087734278
1.060000000000000 0.689051563345444
1.070000000000000 0.687676805183073
1.080000000000000 0.686121920137395
1.090000000000000 0.684389034681937
1.100000000000000 0.682480292692093
1.110000000000000 0.681190049370166
1.120000000000000 0.679740082852095
1.130000000000000 0.678132359059826
1.140000000000000 0.676368854403921
1.150000000000000 0.674451554128800
1.160000000000000 0.672382450730190
1.170000000000000 0.670163542442545
1.180000000000000 0.667796831794235
1.190000000000000 0.665284324228373
1.200000000000000 0.662628026787141
1.210000000000000 0.660565937611608
1.220000000000000 0.658373076518269
1.230000000000000 0.656051266997495
1.240000000000000 0.653602330835262
1.250000000000000 0.651028087135866
1.260000000000000 0.648330351392873
1.270000000000000 0.645510934606657
1.280000000000000 0.642571642446896
1.290000000000000 0.639514274458442
1.300000000000000 0.636340623309023
1.310000000000000 0.633729144210963
1.320000000000000 0.631011750983762
1.330000000000000 0.628190064060274
1.340000000000000 0.625265695833526
1.350000000000000 0.622240250114398
1.360000000000000 0.619115321620589
1.370000000000000 0.615892495495678
1.380000000000000 0.612573346857147
1.390000000000000 0.609159440372251
1.400000000000000 0.605652329860654
1.410000000000000 0.602672745928460
1.420000000000000 0.599608150566368
1.430000000000000 0.596459944015243
1.440000000000000 0.593229515707741
1.450000000000000 0.589918243996476
1.460000000000000 0.586527495901891
1.470000000000000 0.583058626879043
1.480000000000000 0.579512980602525
1.490000000000000 0.575891888768754
1.500000000000000 0.572196670914915
1.510000000000000 0.568993194023815
1.520000000000000 0.565722018829165
1.530000000000000 0.562384332264672
1.540000000000000 0.558981309764459
1.550000000000000 0.555514115153532
1.560000000000000 0.551983900550316
1.570000000000000 0.548391806280708
1.580000000000000 0.544738960803137
1.590000000000000 0.541026480644139
1.600000000000000 0.537255470343954
1.610000000000000 0.533939396707666
1.620000000000000 0.530569798080863
1.630000000000000 0.527147667100614
1.640000000000000 0.523673985347129
1.650000000000000 0.520149723327303
1.660000000000000 0.516575840465394
1.670000000000000 0.512953285100451
1.680000000000000 0.509282994490188
1.690000000000000 0.505565894820957
1.700000000000000 0.501802901223529
1.710000000000000 0.498460225229992
1.720000000000000 0.495075534404837
1.730000000000000 0.491649650673726
1.740000000000000 0.488183385909047
1.750000000000000 0.484677541963363
1.760000000000000 0.481132910706852
1.770000000000000 0.477550274068526
1.780000000000000 0.473930404081000
1.790000000000000 0.470274062928621
1.800000000000000 0.466582002998755
1.810000000000000 0.463275874747378
1.820000000000000 0.459937010477422
1.830000000000000 0.456566085890256
1.840000000000000 0.453163767855422
1.850000000000000 0.449730714467793
1.860000000000000 0.446267575106805
1.870000000000000 0.442774990497614
1.880000000000000 0.439253592774056
1.890000000000000 0.435704005543276
1.900000000000000 0.432126843951905
1.910000000000000 0.428902901980953
1.920000000000000 0.425653662493018
1.930000000000000 0.422379678031812
1.940000000000000 0.419081493556229
1.950000000000000 0.415759646505885
1.960000000000000 0.412414666867560
1.970000000000000 0.409047077242481
1.980000000000000 0.405657392914353
1.990000000000000 0.402246121918054
2.000000000000000 0.398813765108947
2.010000000000000 0.395704904877381
2.020000000000000 0.392576684576842
2.030000000000000 0.389429554154864
2.040000000000000 0.386263957147235
2.050000000000000 0.383080330743321
2.060000000000000 0.379879105851636
2.070000000000000 0.376660707165620
2.080000000000000 0.373425553229553
2.090000000000000 0.370174056504588
2.100000000000000 0.366906623434833
2.110000000000000 0.363934542360103
2.120000000000000 0.360947818828411
2.130000000000000 0.357946818086758
2.140000000000000 0.354931900021936
2.150000000000000 0.351903419221214
2.160000000000000 0.348861725032909
2.170000000000000 0.345807161626802
2.180000000000000 0.342740068054392
2.190000000000000 0.339660778308945
2.200000000000000 0.336569621385324
2.210000000000000 0.333747924985167
2.220000000000000 0.330915319202203
2.230000000000000 0.328072099779784
2.240000000000000 0.325218558015985
2.250000000000000 0.322354980817686
2.260000000000000 0.319481650754338
2.270000000000000 0.316598846111431
2.280000000000000 0.313706840943620
2.290000000000000 0.310805905127518
2.300000000000000 0.307896304414128
2.310000000000000 0.305232403594673
2.320000000000000 0.302560534883406
2.330000000000000 0.299880937245175
2.340000000000000 0.297193845979886
2.350000000000000 0.294499492769405
2.360000000000000 0.291798105724097
2.370000000000000 0.289089909428976
2.380000000000000 0.286375124989472
2.390000000000000 0.283653970076802
2.400000000000000 0.280926658972947
2.410000000000000 0.278423164004269
2.420000000000000 0.275914008160154
2.430000000000000 0.273399384182640
2.440000000000000 0.270879481805056
2.450000000000000 0.268354487791970
2.460000000000000 0.265824585978761
2.470000000000000 0.263289957310797
2.480000000000000 0.260750779882230
2.490000000000000 0.258207228974392
2.500000000000000 0.255659477093798
2.510000000000000 0.253315743250838
2.520000000000000 0.250968148548972
2.530000000000000 0.248616848184203
2.540000000000000 0.246261994890421
2.550000000000000 0.243903738973005
2.560000000000000 0.241542228342055
2.570000000000000 0.239177608545257
2.580000000000000 0.236810022800390
2.590000000000000 0.234439612027459
2.600000000000000 0.232066514880470
2.610000000000000 0.229879242130609
2.620000000000000 0.227689504235786
2.630000000000000 0.225497425956071
2.640000000000000 0.223303130041379
2.650000000000000 0.221106737259465
2.660000000000000 0.218908366423581
2.670000000000000 0.216708134419821
2.680000000000000 0.214506156234121
2.690000000000000 0.212302544978946
2.700000000000000 0.210097411919651
2.710000000000000 0.208061874078210
2.720000000000000 0.206024945055164
2.730000000000000 0.203986724961328
2.740000000000000 0.201947312269342
2.750000000000000 0.199906803836837
2.760000000000000 0.197865294929313
2.770000000000000 0.195822879242722
2.780000000000000 0.193779648925782
2.790000000000000 0.191735694601991
2.800000000000000 0.189691105391374
2.810000000000000 0.187801036093399
2.820000000000000 0.185910394215368
2.830000000000000 0.184019259937706
2.840000000000000 0.182127712107494
2.850000000000000 0.180235828257540
2.860000000000000 0.178343684625203
2.870000000000000 0.176451356170978
2.880000000000000 0.174558916596832
2.890000000000000 0.172666438364301
2.900000000000000 0.170773992712352
2.910000000000000 0.169022544896591
2.920000000000000 0.167271140808734
2.930000000000000 0.165519844524341
2.940000000000000 0.163768719034835
2.950000000000000 0.162017826263150
2.960000000000000 0.160267227079165
2.970000000000000 0.158516981314938
2.980000000000000 0.156767147779729
2.990000000000000 0.155017784274827
3.000000000000000 0.153268947608171
3.010000000000000 0.151648858884643
3.020000000000000 0.150029270366090
3.030000000000000 0.148410233124819
3.040000000000000 0.146791797352364
3.050000000000000 0.145174012372272
3.060000000000000 0.143556926652735
3.070000000000000 0.141940587819039
3.080000000000000 0.140325042665844
3.090000000000000 0.138710337169297
3.100000000000000 0.137096516498978
3.110000000000000 0.135600309883663
3.120000000000000 0.134104934094763
3.130000000000000 0.132610429714755
3.140000000000000 0.131116836611045
3.150000000000000 0.129624193946413
3.160000000000000 0.128132540189312
3.170000000000000 0.126641913124033
3.180000000000000 0.125152349860715
3.190000000000000 0.123663886845234
3.200000000000000 0.122176559868933
3.210000000000000 0.120796747729743
3.220000000000000 0.119417998298701
3.230000000000000 0.118040343703590
3.240000000000000 0.116663815492016
3.250000000000000 0.115288444639932
3.260000000000000 0.113914261560021
3.270000000000000 0.112541296109981
3.280000000000000 0.111169577600678
3.290000000000000 0.109799134804199
3.300000000000000 0.108429995961778
3.310000000000000 0.107159242013249
3.320000000000000 0.105889705498140
3.330000000000000 0.104621411736370
3.340000000000000 0.103354385577446
3.350000000000000 0.102088651407395
3.360000000000000 0.100824233155596
3.370000000000000 0.099561154301510
3.380000000000000 0.098299437881325
3.390000000000000 0.097039106494498
3.400000000000000 0.095780182310209
3.410000000000000 0.094611369947613
3.420000000000000 0.093443869798675
3.430000000000000 0.092277701708174
3.440000000000000 0.091112885139756
3.450000000000000 0.089949439181566
3.460000000000000 0.088787382551802
3.470000000000000 0.087626733604186
3.480000000000000 0.086467510333368
3.490000000000000 0.085309730380240
3.500000000000000 0.084153411037183
3.510000000000000 0.083079659736423
3.520000000000000 0.082007269253912
3.530000000000000 0.080936255038178
3.540000000000000 0.079866632229200
3.550000000000000 0.078798415662977
3.560000000000000 0.077731619876044
3.570000000000000 0.076666259109919
3.580000000000000 0.075602347315486
3.590000000000000 0.074539898157314
3.600000000000000 0.073478925017923
3.610000000000000 0.072493731461175
3.620000000000000 0.071509911948892
3.630000000000000 0.070527478405660
3.640000000000000 0.069546442506519
3.650000000000000 0.068566815680689
3.660000000000000 0.067588609115223
3.670000000000000 0.066611833758620
3.680000000000000 0.065636500324384
3.690000000000000 0.064662619294531
3.700000000000000 0.063690200923046
3.710000000000000 0.062787366386792
3.720000000000000 0.061885892440271
3.730000000000000 0.060985788190150
3.740000000000000 0.060087062541523
3.750000000000000 0.059189724200920
3.760000000000000 0.058293781679280
3.770000000000000 0.057399243294880
3.780000000000000 0.056506117176216
3.790000000000000 0.055614411264855
3.800000000000000 0.054724133318235
3.810000000000000 0.053897829311715
3.820000000000000 0.053072852567219
3.830000000000000 0.052249209944411
3.840000000000000 0.051426908140364
3.850000000000000 0.050605953692001
3.860000000000000 0.049786352978501
3.870000000000000 0.048968112223675
3.880000000000000 0.048151237498304
3.890000000000000 0.047335734722443
3.900000000000000 0.046521609667698
3.910000000000000 0.045766364159529
3.920000000000000 0.045012398105738
3.930000000000000 0.044259716580604
3.940000000000000 0.043508324527487
3.950000000000000 0.042758226760812
3.960000000000000 0.042009427968011
3.970000000000000 0.041261932711452
3.980000000000000 0.040515745430327
3.990000000000000 0.039770870442524
4.000000000000000 0.039027311946465
4.010000000000000 0.038338018209328
4.020000000000000 0.037649945854435
4.030000000000000 0.036963098543699
4.040000000000000 0.036277479833844
4.050000000000000 0.035593093178012
4.060000000000000 0.034909941927336
4.070000000000000 0.034228029332498
4.080000000000000 0.033547358545259
4.090000000000000 0.032867932619971
4.100000000000000 0.032189754515067
4.110000000000000 0.031561630325794
4.120000000000000 0.030934662537554
4.130000000000000 0.030308853701230
4.140000000000000 0.029684206283411
4.150000000000000 0.029060722667687
4.160000000000000 0.028438405155925
4.170000000000000 0.027817255969522
4.180000000000000 0.027197277250646
4.190000000000000 0.026578471063456
4.200000000000000 0.025960839395305
4.210000000000000 0.025389452939739
4.220000000000000 0.024819153541208
4.230000000000000 0.024249942882670
4.240000000000000 0.023681822579744
4.250000000000000 0.023114794181754
4.260000000000000 0.022548859172759
4.270000000000000 0.021984018972567
4.280000000000000 0.021420274937733
4.290000000000000 0.020857628362544
4.300000000000000 0.020296080479993
4.310000000000000 0.019777315901795
4.320000000000000 0.019259566671245
4.330000000000000 0.018742833799326
4.340000000000000 0.018227118243434
4.350000000000000 0.017712420908218
4.360000000000000 0.017198742646404
4.370000000000000 0.016686084259615
4.380000000000000 0.016174446499177
4.390000000000000 0.015663830066908
4.400000000000000 0.015154235615905
4.410000000000000 0.014684284660364
4.420000000000000 0.014215276492380
4.430000000000000 0.013747211608677
4.440000000000000 0.013280090463529
4.450000000000000 0.012813913469429
4.460000000000000 0.012348680997765
4.470000000000000 0.011884393379465
4.480000000000000 0.011421050905652
4.490000000000000 0.010958653828280
4.500000000000000 0.010497202360762
4.510000000000000 0.010072547685671
4.520000000000000 0.009648763529883
4.530000000000000 0.009225850002570
4.540000000000000 0.008803807179459
4.550000000000000 0.008382635103380
4.560000000000000 0.007962333784793
4.570000000000000 0.007542903202318
4.580000000000000 0.007124343303254
4.590000000000000 0.006706654004086
4.600000000000000 0.006289835190994
4.610000000000000 0.005907240835103
4.620000000000000 0.005525445853727
4.630000000000000 0.005144450070069
4.640000000000000 0.004764253281163
4.650000000000000 0.004384855258313
4.660000000000000 0.004006255747518
4.670000000000000 0.003628454469888
4.680000000000000 0.003251451122064
4.690000000000000 0.002875245376623
4.700000000000000 0.002499836882482
4.710000000000000 0.002247448918562
4.720000000000000 0.001995596025963
4.730000000000000 0.001744277934980
4.740000000000000 0.001493494360903
4.750000000000000 0.001243245004268
4.760000000000000 0.000993529551108
4.770000000000000 0.000744347673200
4.780000000000000 0.000495699028309
4.790000000000000 0.000247583260425
4.800000000000000 0.000000000000000
4.810000000000000 0.000000000000000
4.820000000000000 0.000000000000000
4.830000000000000 0.000000000000000
4.840000000000000 0.000000000000000
4.850000000000000 0.000000000000000
4.860000000000000 0.000000000000000
4.870000000000000 0.000000000000000
4.880000000000000 0.000000000000000
4.890000000000000 0.000000000000000
4.900000000000000 -0.000000000000000
4.910000000000000 0.000000000000000
4.920000000000000 0.000000000000000
4.930000000000000 0.000000000000000
4.940000000000000 0.000000000000000
4.950000000000000 0.000000000000000
4.960000000000000 0.000000000000000
4.970000000000000 0.000000000000000
4.980000000000000 0.000000000000000
4.990000000000000 0.000000000000000
5.000000000000000 -0.000000000000000
5.010000000000000 0.000000000000000
5.020000000000000 0.000000000000000
5.030000000000000 0.000000000000000
5.040000000000000 0.000000000000000
5.050000000000000 0.000000000000000
5.060000000000000 0.000000000000000
5.070000000000000 0.000000000000000
5.080000000000000 0.000000000000000
5.090000000000000 0.000000000000000
5.100000000000000 -0.000000000000000
5.110000000000000 0.000000000000000
5.120000000000000 0.000000000000000
5.130000000000000 0.000000000000000
5.140000000000000 0.000000000000000
5.150000000000000 0.000000000000000
5.160000000000000 0.000000000000000
5.170000000000000 0.000000000000000
5.180000000000000 0.000000000000000
5.190000000000000 0.000000000000000
5.200000000000000 -0.000000000000000
5.210000000000000 0.000000000000000
5.220000000000000 0.000000000000000
5.230000000000000 0.000000000000000
5.240000000000000 0.000000000000000
5.250000000000000 0.000000000000000
5.260000000000000 0.000000000000000
5.270000000000000 0.000000000000000
5.280000000000000 0.000000000000000
5.290000000000000 0.000000000000000
5.300000000000000 0.000000000000000
5.310000000000000 0.000000000000000
5.320000000000000 0.000000000000000
5.330000000000000 0.000000000000000
5.340000000000000 0.000000000000000
5.350000000000000 0.000000000000000
5.360000000000000 0.000000000000000
5.370000000000000 0.000000000000000
5.380000000000000 0.000000000000000
5.390000000000000 0.000000000000000
5.400000000000000 -0.000000000000000
5.410000000000000 0.000000000000000
5.420000000000000 0.000000000000000
5.430000000000000 0.000000000000000
5.440000000000000 0.000000000000000
5.450000000000000 0.000000000000000
5.460000000000000 0.000000000000000
5.470000000000000 0.000000000000000
5.480000000000000 0.000000000000000
5.490000000000000 0.000000000000000
5.500000000000000 -0.000000000000000
5.510000000000000 0.000000000000000
5.520000000000000 0.000000000000000
5.530000000000000 0.000000000000000
5.540000000000000 0.000000000000000
5.550000000000000 0.000000000000000
5.560000000000000 0.000000000000000
5.570000000000000 0.000000000000000
5.580000000000000 0.000000000000000
5.590000000000000 0.000000000000000
5.600000000000000 -0.000000000000000
5.610000000000000 0.000000000000000
5.620000000000000 0.000000000000000
5.630000000000000 0.000000000000000
5.640000000000000 0.000000000000000
5.650000000000000 0.000000000000000
5.660000000000000 0.000000000000000
5.670000000000000 0.000000000000000
5.680000000000000 0.000000000000000
5.690000000000000 0.000000000000000
5.700000000000000 -0.000000000000000
5.710000000000000 0.000000000000000
5.720000000000000 0.000000000000000
5.730000000000000 0.000000000000000
5.740000000000000 0.000000000000000
5.750000000000000 0.000000000000000
5.760000000000000 0.000000000000000
5.770000000000000 0.000000000000000
5.780000000000000 0.000000000000000
5.790000000000000 0.000000000000000
5.800000000000000 0.000000000000000
5.810000000000000 0.000000000000000
5.820000000000000 0.000000000000000
5.830000000000000 0.000000000000000
5.840000000000000 0.000000000000000
5.850000000000000 0.000000000000000
5.860000000000000 0.000000000000000
5.870000000000000 0.000000000000000
5.880000000000000 0.000000000000000
5.890000000000000 0.000000000000000
5.900000000000000 -0.000000000000000
5.910000000000000 0.000000000000000
5.920000000000000 0.000000000000000
5.930000000000000 0.000000000000000
5.940000000000000 0.000000000000000
5.950000000000000 0.000000000000000
5.960000000000000 0.000000000000000
5.970000000000000 0.000000000000000
5.980000000000000 0.000000000000000
5.990000000000000 0.000000000000000
6.000000000000000 -0.000000000000000
6.010000000000000 0.000000000000000
6.020000000000000 0.000000000000000
6.030000000000000 0.000000000000000
6.040000000000000 0.000000000000000
6.050000000000000 0.000000000000000
6.060000000000000 0.000000000000000
6.070000000000000 0.000000000000000
6.080000000000000 0.000000000000000
6.090000000000000 0.000000000000000
6.100000000000000 -0.000000000000000
6.110000000000000 0.000000000000000
6.120000000000000 0.000000000000000
6.130000000000000 0.000000000000000
6.140000000000000 0.000000000000000
6.150000000000000 0.000000000000000
6.160000000000000 0.000000000000000
6.170000000000000 0.000000000000000
6.180000000000000 0.000000000000000
6.190000000000000 0.000000000000000
6.200000000000000 -0.000000000000000
6.210000000000000 0.000000000000000
6.220000000000000 0.000000000000000
6.230000000000000 0.000000000000000
6.240000000000000 0.000000000000000
6.250000000000000 0.000000000000000
6.260000000000000 0.000000000000000
6.270000000000000 0.000000000000000
6.280000000000000 0.000000000000000
6.290000000000000 0.000000000000000
6.300000000000000 0.000000000000000
6.310000000000000 0.000000000000000
6.320000000000000 0.000000000000000
6.330000000000000 0.000000000000000
6.340000000000000 0.000000000000000
6.350000000000000 0.000000000000000
6.360000000000000 0.000000000000000
6.370000000000000 0.000000000000000
6.380000000000000 0.000000000000000
6.390000000000000 0.000000000000000
6.400000000000000 -0.000000000000000
6.410000000000000 0.000000000000000
6.420000000000000 0.000000000000000
6.430000000000000 0.000000000000000
6.440000000000000 0.000000000000000
6.450000000000000 0.000000000000000
6.460000000000000 0.000000000000000
6.470000000000000 0.000000000000000
6.480000000000000 0.000000000000000
6.490000000000000 0.000000000000000
6.500000000000000 -0.000000000000000
6.510000000000000 0.000000000000000
6.520000000000000 0.000000000000000
6.530000000000000 0.000000000000000
6.540000000000000 0.000000000000000
6.550000000000000 0.000000000000000
6.560000000000000 0.000000000000000
6.570000000000000 0.000000000000000
6.580000000000000 0.000000000000000
6.590000000000000 0.000000000000000
6.600000000000000 -0.000000000000000
6.610000000000000 0.000000000000000
6.620000000000000 0.000000000000000
6.630000000000000 0.000000000000000
6.640000000000000 0.000000000000000
6.650000000000000 0.000000000000000
6.660000000000000 0.000000000000000
6.670000000000000 0.000000000000000
6.680000000000000 0.000000000000000
6.690000000000000 0.000000000000000
6.700000000000000 -0.000000000000000
6.710000000000000 0.000000000000000
6.720000000000000 0.000000000000000
6.730000000000000 0.000000000000000
6.740000000000000 0.000000000000000
6.750000000000000 0.000000000000000
6.760000000000000 0.000000000000000
6.770000000000000 0.000000000000000
6.780000000000000 0.000000000000000
6.790000000000000 0.000000000000000
6.800000000000000 0.000000000000000
6.810000000000000 0.000000000000000
6.820000000000000 0.000000000000000
6.830000000000000 0.000000000000000
6.840000000000000 0.000000000000000
6.850000000000000 0.000000000000000
6.860000000000000 0.000000000000000
6.870000000000000 0.000000000000000
6.880000000000000 0.000000000000000
6.890000000000000 0.000000000000000
6.900000000000000 -0.000000000000000
6.910000000000000 0.000000000000000
6.920000000000000 0.000000000000000
6.930000000000000 0.000000000000000
6.940000000000000 0.000000000000000
6.950000000000000 0.000000000000000
6.960000000000000 0.000000000000000
6.970000000000000 0.000000000000000
6.980000000000000 0.000000000000000
6.990000000000000 0.000000000000000
7.000000000000000 -0.000000000000000
7.010000000000000 0.000000000000000
7.020000000000000 0.000000000000000
7.030000000000000 0.000000000000000
7.040000000000000 0.000000000000000
7.050000000000000 0.000000000000000
7.060000000000000 0.000000000000000
7.070000000000000 0.000000000000000
7.080000000000000 0.000000000000000
7.090000000000000 0.000000000000000
7.100000000000000 -0.000000000000000
7.110000000000000 0.000000000000000
7.120000000000000 0.000000000000000
7.130000000000000 0.000000000000000
7.140000000000000 0.000000000000000
7.150000000000000 0.000000000000000
7.160000000000000 0.000000000000000
7.170000000000000 0.000000000000000
7.180000000000000 0.000000000000000
7.190000000000000 0.000000000000000
7.200000000000000 -0.000000000000000
7.210000000000000 0.000000000000000
7.220000000000000 0.000000000000000
7.230000000000000 0.000000000000000
7.240000000000000 0.000000000000000
7.250000000000000 0.000000000000000
7.260000000000000 0.000000000000000
7.270000000000000 0.000000000000000
7.280000000000000 0.000000000000000
7.290000000000000 0.000000000000000
7.300000000000000 0.000000000000000
7.310000000000000 0.000000000000000
7.320000000000000 0.000000000000000
7.330000000000000 0.000000000000000
7.340000000000000 0.000000000000000
7.350000000000000 0.000000000000000
7.360000000000000 0.000000000000000
7.370000000000000 0.000000000000000
7.380000000000000 0.000000000000000
7.390000000000000 0.000000000000000
7.400000000000000 -0.000000000000000
7.410000000000000 0.000000000000000
7.420000000000000 0.000000000000000
7.430000000000000 0.000000000000000
7.440000000000000 0.000000000000000
7.450000000000000 0.000000000000000
7.460000000000000 0.000000000000000
7.470000000000000 0.000000000000000
7.480000000000000 0.000000000000000
7.490000000000000 0.000000000000000
7.500000000000000 -0.000000000000000
7.510000000000000 0.000000000000000
7.520000000000000 0.000000000000000
7.530000000000000 0.000000000000000
7.540000000000000 0.000000000000000
7.550000000000000 0.000000000000000
7.560000000000000 0.000000000000000
7.570000000000000 0.000000000000000
7.580000000000000 0.000000000000000
7.590000000000000 0.000000000000000
7.600000000000000 -0.000000000000000
7.610000000000000 0.000000000000000
7.620000000000000 0.000000000000000
7.630000000000000 0.000000000000000
7.640000000000000 0.000000000000000
7.650000000000000 0.000000000000000
7.660000000000000 0.000000000000000
7.670000000000000 0.000000000000000
7.680000000000000 0.000000000000000
7.690000000000000 0.000000000000000
7.700000000000000 -0.000000000000000
7.710000000000000 0.000000000000000
7.720000000000000 0.000000000000000
7.730000000000000 0.000000000000000
7.740000000000000 0.000000000000000
7.750000000000000 0.000000000000000
7.760000000000000 0.000000000000000
7.770000000000000 0.000000000000000
7.780000000000000 0.000000000000000
7.790000000000000 0.000000000000000
7.800000000000000 0.000000000000000
7.810000000000000 0.000000000000000
7.820000000000000 0.000000000000000
7.830000000000000 0.000000000000000
7.840000000000000 0.000000000000000
7.850000000000000 0.000000000000000
7.860000000000000 0.000000000000000
7.870000000000000 0.000000000000000
7.880000000000000 0.000000000000000
7.890000000000000 0.000000000000000
7.900000000000000 -0.000000000000000
7.910000000000000 0.000000000000000
7.920000000000000 0.000000000000000
7.930000000000000 0.000000000000000
7.940000000000000 0.000000000000000
7.950000000000000 0.000000000000000
7.960000000000000 0.000000000000000
7.970000000000000 0.000000000000000
7.980000000000000 0.000000000000000
7.990000000000000 0.000000000000000
8.000000000000000 -0.000000000000000
8.010000000000000 0.000000000000000
8.020000000000000 0.000000000000000
8.029999999999999 0.000000000000000
8.039999999999999 0.000000000000000
8.050000000000001 0.000000000000000
8.060000000000000 0.000000000000000
8.070000000000000 0.000000000000000
8.080000000000000 0.000000000000000
8.090000000000000 0.000000000000000
8.100000000000000 -0.000000000000000
8.109999999999999 0.000000000000000
8.119999999999999 0.000000000000000
8.130000000000001 0.000000000000000
8.140000000000001 0.000000000000000
8.150000000000000 0.000000000000000
8.160000000000000 0.000000000000000
8.170000000000000 0.000000000000000
8.180000000000000 0.000000000000000
8.190000000000000 0.000000000000000
8.199999999999999 0.000000000000000
8.210000000000001 0.000000000000000
8.220000000000001 0.000000000000000
8.230000000000000 0.000000000000000
8.240000000000000 0.000000000000000
8.250000000000000 0.000000000000000
8.260000000000000 0.000000000000000
8.270000000000000 0.000000000000000
8.279999999999999 0.000000000000000
8.289999999999999 0.000000000000000
8.300000000000001 -0.000000000000000
8.310000000000000 0.000000000000000
8.320000000000000 0.000000000000000
8.330000000000000 0.000000000000000
8.340000000000000 0.000000000000000
8.350000000000000 0.000000000000000
8.359999999999999 0.000000000000000
8.369999999999999 0.000000000000000
8.380000000000001 0.000000000000000
8.390000000000001 0.000000000000000
8.400000000000000 -0.000000000000000
8.410000000000000 0.000000000000000
8.420000000000000 0.000000000000000
8.430000000000000 0.000000000000000
8.440000000000000 0.000000000000000
8.449999999999999 0.000000000000000
8.460000000000001 0.000000000000000
8.470000000000001 0.000000000000000
8.480000000000000 0.000000000000000
8.490000000000000 0.000000000000000
8.500000000000000 -0.000000000000000
8.510000000000000 0.000000000000000
8.520000000000000 0.000000000000000
8.529999999999999 0.000000000000000
8.539999999999999 0.000000000000000
8.550000000000001 0.000000000000000
8.560000000000000 0.000000000000000
8.570000000000000 0.000000000000000
8.580000000000000 0.000000000000000
8.590000000000000 0.000000000000000
8.600000000000000 -0.000000000000000
8.609999999999999 0.000000000000000
8.619999999999999 0.000000000000000
8.630000000000001 0.000000000000000
8.640000000000001 0.000000000000000
8.650000000000000 0.000000000000000
8.660000000000000 0.000000000000000
8.670000000000000 0.000000000000000
8.680000000000000 0.000000000000000
8.690000000000000 0.000000000000000
8.699999999999999 -0.000000000000000
8.710000000000001 0.000000000000000
8.720000000000001 0.000000000000000
8.730000000000000 0.000000000000000
8.740000000000000 0.000000000000000
8.750000000000000 0.000000000000000
8.760000000000000 0.000000000000000
8.770000000000000 0.000000000000000
8.779999999999999 0.000000000000000
8.789999999999999 0.000000000000000
8.800000000000001 -0.000000000000000
8.810000000000000 0.000000000000000
8.820000000000000 0.000000000000000
8.830000000000000 0.000000000000000
8.840000000000000 0.000000000000000
8.850000000000000 0.000000000000000
8.859999999999999 0.000000000000000
8.869999999999999 0.000000000000000
8.880000000000001 0.000000000000000
8.890000000000001 0.000000000000000
8.900000000000000 -0.000000000000000
8.910000000000000 0.000000000000000
8.920000000000000 0.000000000000000
8.930000000000000 0.000000000000000
8.940000000000000 0.000000000000000
8.949999999999999 0.000000000000000
8.960000000000001 0.000000000000000
8.970000000000001 0.000000000000000
8.980000000000000 0.000000000000000
8.990000000000000 0.000000000000000
9.000000000000000 -0.000000000000000
9.010000000000000 0.000000000000000
9.020000000000000 0.000000000000000
9.029999999999999 0.000000000000000
9.039999999999999 0.000000000000000
9.050000000000001 0.000000000000000
9.060000000000000 0.000000000000000
9.070000000000000 0.000000000000000
9.080000000000000 0.000000000000000
9.090000000000000 0.000000000000000
9.100000000000000 -0.000000000000000
9.109999999999999 0.000000000000000
9.119999999999999 0.000000000000000
9.130000000000001 0.000000000000000
9.140000000000001 0.000000000000000
9.150000000000000 0.000000000000000
9.160000000000000 0.000000000000000
9.170000000000000 0.000000000000000
9.180000000000000 0.000000000000000
9.190000000000000 0.000000000000000
9.199999999999999 -0.000000000000000
9.210000000000001 0.000000000000000
9.220000000000001 0.000000000000000
9.230000000000000 0.000000000000000
9.240000000000000 0.000000000000000
9.250000000000000 0.000000000000000
9.260000000000000 0.000000000000000
9.270000000000000 0.000000000000000
9.279999999999999 0.000000000000000
9.289999999999999 0.000000000000000
9.300000000000001 -0.000000000000000
9.310000000000000 0.000000000000000
9.320000000000000 0.000000000000000
9.330000000000000 0.000000000000000
9.340000000000000 0.000000000000000
9.350000000000000 0.000000000000000
9.359999999999999 0.000000000000000
9.369999999999999 0.000000000000000
9.380000000000001 0.000000000000000
9.390000000000001 0.000000000000000
9.400000000000000 -0.000000000000000
9.410000000000000 0.000000000000000
9.420000000000000 0.000000000000000
9.430000000000000 0.000000000000000
9.440000000000000 0.000000000000000
9.449999999999999 0.000000000000000
9.460000000000001 0.000000000000000
9.470000000000001 0.000000000000000
9.480000000000000 0.000000000000000
9.490000000000000 0.000000000000000
9.500000000000000 -0.000000000000000
9.510000000000000 0.000000000000000
9.520000000000000 0.000000000000000
9.529999999999999 0.000000000000000
9.539999999999999 0.000000000000000
9.550000000000001 0.000000000000000
9.560000000000000 0.000000000000000
9.570000000000000 0.000000000000000
9.580000000000000 0.000000000000000
9.590000000000000 0.000000000000000
9.600000000000000 0.000000000000000
9.609999999999999 0.000000000000000
9.619999999999999 0.000000000000000
9.630000000000001 0.000000000000000
9.640000000000001 0.000000000000000
9.650000000000000 0.000000000000000
9.660000000000000 0.000000000000000
9.670000000000000 0.000000000000000
9.680000000000000 0.000000000000000
9.690000000000000 0.000000000000000
9.699999999999999 -0.000000000000000
9.710000000000001 0.000000000000000
9.720000000000001 0.000000000000000
9.730000000000000 0.000000000000000
9.740000000000000 0.000000000000000
9.750000000000000 0.000000000000000
9.760000000000000 0.000000000000000
9.770000000000000 0.000000000000000
9.779999999999999 0.000000000000000
9.789999999999999 0.000000000000000
9.800000000000001 -0.000000000000000
9.810000000000000 0.000000000000000
9.820000000000000 0.000000000000000
9.830000000000000 0.000000000000000
9.840000000000000 0.000000000000000
9.850000000000000 0.000000000000000
9.859999999999999 0.000000000000000
9.869999999999999 0.000000000000000
9.880000000000001 0.000000000000000
9.890000000000001 0.000000000000000
9.900000000000000 -0.000000000000000
9.910000000000000 0.000000000000000
9.920000000000000 0.000000000000000
9.930000000000000 0.000000000000000
9.940000000000000 0.000000000000000
9.949999999999999 0.000000000000000
9.960000000000001 0.000000000000000
9.970000000000001 0.000000000000000
9.980000000000000 0.000000000000000
9.990000000000000 0.000000000000000
10.000000000000000 -0.000000000000000
