0.000000000000000 0.000000000000000
0.010000000000000 0.000403024620034
0.020000000000000 0.001582189874690
0.030000000000000 0.003493231630598
0.040000000000000 0.006092700221124
0.050000000000000 0.009337979290113
0.060000000000000 0.013187303091314
0.070000000000000 0.017599772240659
0.080000000000000 0.022535367923712
0.090000000000000 0.027954964565404
0.100000000000000 0.033820340973878
0.110000000000000 0.040171285809670
0.120000000000000 0.046921986957061
0.130000000000000 0.054039962319455
0.140000000000000 0.061493531800209
0.150000000000000 0.069251822560086
0.160000000000000 0.077284773038690
0.170000000000000 0.085563135769680
0.180000000000000 0.094058479022074
0.190000000000000 0.102743187302143
0.200000000000000 0.111590460752426
0.210000000000000 0.120772693727527
0.220000000000000 0.130100873094694
0.230000000000000 0.139552203393933
0.240000000000000 0.149104601398431
0.250000000000000 0.158736692384110
0.260000000000000 0.168427805599133
0.270000000000000 0.178157968972002
0.280000000000000 0.187907903097303
0.290000000000000 0.197659014538374
0.300000000000000 0.207393388486299
0.310000000000000 0.217403845782607
0.320000000000000 0.227397802221315
0.330000000000000 0.237360073882322
0.340000000000000 0.247276060952953
0.350000000000000 0.257131739387392
0.360000000000000 0.266913652161867
0.370000000000000 0.276608900158642
0.380000000000000 0.286205132711241
0.390000000000000 0.295690537842520
0.400000000000000 0.305053832226476
0.410000000000000 0.314678480151860
0.420000000000000 0.324190392303334
0.430000000000000 0.333580084827321
0.440000000000000 0.342838522870365
0.450000000000000 0.351957110888040
0.460000000000000 0.360927682831238
0.470000000000000 0.369742492232215
0.480000000000000 0.378394202211854
0.490000000000000 0.386875875428636
0.500000000000000 0.395180963988813
0.510000000000000 0.403752032745537
0.520000000000000 0.412160248960195
0.530000000000000 0.420400197221218
0.540000000000000 0.428466788795101
0.550000000000000 0.436355252545811
0.560000000000000 0.444061125894539
0.570000000000000 0.451580245832182
0.580000000000000 0.458908739996127
0.590000000000000 0.466043017822106
0.600000000000000 0.472979761781130
0.610000000000000 0.480193077983948
0.620000000000000 0.487224020483489
0.630000000000000 0.494069941106259
0.640000000000000 0.500728417951940
0.650000000000000 0.507197247826271
0.660000000000000 0.513474438787076
0.670000000000000 0.519558202808635
0.680000000000000 0.525446948569098
0.690000000000000 0.531139274365099
0.700000000000000 0.536633961157233
0.710000000000000 0.542415286149545
0.720000000000000 0.548013862255805
0.730000000000000 0.553428829828966
0.740000000000000 0.558659478676530
0.750000000000000 0.563705242221510
0.760000000000000 0.568565691793462
0.770000000000000 0.573240531050575
0.780000000000000 0.577729590533533
0.790000000000000 0.582032822351566
0.800000000000000 0.586150295000846
0.810000000000000 0.590560662431581
0.820000000000000 0.594798975294603
0.830000000000000 0.598865462541467
0.840000000000000 0.602760446910871
0.850000000000000 0.606484340667805
0.860000000000000 0.610037641461282
0.870000000000000 0.613420928299627
0.880000000000000 0.616634857642134
0.890000000000000 0.619680159605795
0.900000000000000 0.622557634285683
0.910000000000000 0.625729754188733
0.920000000000000 0.628746160549398
0.930000000000000 0.631607692333417
0.940000000000000 0.634315243714061
0.950000000000000 0.636869761096543
0.960000000000000 0.639272240238810
0.970000000000000 0.641523723466959
0.980000000000000 0.643625296983483
0.990000000000000 0.645578088266498
1.000000000000000 0.647383263558093
1.010000000000000 0.649479913080612
1.020000000000000 0.651439355037999
1.030000000000000 0.653262725045970
1.040000000000000 0.654951188231974
1.050000000000000 0.656505937233673
1.060000000000000 0.657928190270428
1.070000000000000 0.659219189286007
1.080000000000000 0.660380198160729
1.090000000000000 0.661412500991254
1.100000000000000 0.662317400436279
1.110000000000000 0.663507128306089
1.120000000000000 0.664578229016667
1.130000000000000 0.665531938561789
1.140000000000000 0.666369505987586
1.150000000000000 0.667092192093255
1.160000000000000 0.667701268184464
1.170000000000000 0.668198014877921
1.180000000000000 0.668583720955596
1.190000000000000 0.668859682267107
1.200000000000000 0.669027200678826
1.210000000000000 0.669469381419281
1.220000000000000 0.669810407945164
1.230000000000000 0.670051500388100
1.240000000000000 0.670193881839661
1.250000000000000 0.670238777539467
1.260000000000000 0.670187414099982
1.270000000000000 0.670041018766787
1.280000000000000 0.669800818713190
1.290000000000000 0.669468040367998
1.300000000000000 0.669043908775355
1.310000000000000 0.668882525119465
1.320000000000000 0.668635781611643
1.330000000000000 0.668304818692828
1.340000000000000 0.667890773917979
1.350000000000000 0.667394781472169
1.360000000000000 0.666817971711478
1.370000000000000 0.666161470727814
1.380000000000000 0.665426399936803
1.390000000000000 0.664613875687901
1.400000000000000 0.663725008895926
1.410000000000000 0.663085077845412
1.420000000000000 0.662373688416053
1.430000000000000 0.661591870958644
1.440000000000000 0.660740649837447
1.450000000000000 0.659821043160900
1.460000000000000 0.658834062528689
1.470000000000000 0.657780712794533
1.480000000000000 0.656661991844082
1.490000000000000 0.655478890387340
1.500000000000000 0.654232391765030
1.510000000000000 0.653220562221754
1.520000000000000 0.652149292625421
1.530000000000000 0.651019493083289
1.540000000000000 0.649832066335306
1.550000000000000 0.648587907621403
1.560000000000000 0.647287904559277
1.570000000000000 0.645932937032250
1.580000000000000 0.644523877086780
1.590000000000000 0.643061588839201
1.600000000000000 0.641546928391324
1.610000000000000 0.640252177393512
1.620000000000000 0.638908242435928
1.630000000000000 0.637515915044664
1.640000000000000 0.636075979034041
1.650000000000000 0.634589210458048
1.660000000000000 0.633056377568340
1.670000000000000 0.631478240778508
1.680000000000000 0.629855552634317
1.690000000000000 0.628189057789656
1.700000000000000 0.626479492987923
1.710000000000000 0.624975211142893
1.720000000000000 0.623430416984601
1.730000000000000 0.621845791434238
1.740000000000000 0.620222007949535
1.750000000000000 0.618559732525940
1.760000000000000 0.616859623701749
1.770000000000000 0.615122332566983
1.780000000000000 0.613348502775836
1.790000000000000 0.611538770562499
1.800000000000000 0.609693764760192
1.810000000000000 0.608039822720045
1.820000000000000 0.606352650872279
1.830000000000000 0.604632830448101
1.840000000000000 0.602880935775267
1.850000000000000 0.601097534306876
1.860000000000000 0.599283186652411
1.870000000000000 0.597438446610916
1.880000000000000 0.595563861206165
1.890000000000000 0.593659970723725
1.900000000000000 0.591727308749790
1.910000000000000 0.589971932596021
1.920000000000000 0.588189411531310
1.930000000000000 0.586380238948730
1.940000000000000 0.584544902036058
1.950000000000000 0.582683881818276
1.960000000000000 0.580797653201247
1.970000000000000 0.578886685016491
1.980000000000000 0.576951440066976
1.990000000000000 0.574992375173851
2.000000000000000 0.573009941224051
2.010000000000000 0.571191814275955
2.020000000000000 0.569351607976990
2.030000000000000 0.567489739494912
2.040000000000000 0.565606620525447
2.050000000000000 0.563702657340007
2.060000000000000 0.561778250833925
2.070000000000000 0.559833796575134
2.080000000000000 0.557869684853268
2.090000000000000 0.555886300729125
2.100000000000000 0.553884024084440
2.110000000000000 0.552033695372800
2.120000000000000 0.550165492061348
2.130000000000000 0.548279765887037
2.140000000000000 0.546376863824523
2.150000000000000 0.544457128134108
2.160000000000000 0.542520896409798
2.170000000000000 0.540568501627437
2.180000000000000 0.538600272192887
2.190000000000000 0.536616531990231
2.200000000000000 0.534617600429972
2.210000000000000 0.532759154435316
2.220000000000000 0.530886316592094
2.230000000000000 0.528999382888142
2.240000000000000 0.527098645204898
2.250000000000000 0.525184391362817
2.260000000000000 0.523256905166653
2.270000000000000 0.521316466450615
2.280000000000000 0.519363351123355
2.290000000000000 0.517397831212793
2.300000000000000 0.515420174910752
2.310000000000000 0.513572301177856
2.320000000000000 0.511712915153173
2.330000000000000 0.509842265579891
2.340000000000000 0.507960597683472
2.350000000000000 0.506068153213137
2.360000000000000 0.504165170483121
2.370000000000000 0.502251884413667
2.380000000000000 0.500328526571767
2.390000000000000 0.498395325211628
2.400000000000000 0.496452505314868
2.410000000000000 0.494629468607555
2.420000000000000 0.492797296815268
2.430000000000000 0.490956198796811
2.440000000000000 0.489106380411342
2.450000000000000 0.487248044555406
2.460000000000000 0.485381391199677
2.470000000000000 0.483506617425404
2.480000000000000 0.481623917460547
2.490000000000000 0.479733482715606
2.500000000000000 0.477835501819140
2.510000000000000 0.476048146707901
2.520000000000000 0.474253616354327
2.530000000000000 0.472452086027966
2.540000000000000 0.470643728448691
2.550000000000000 0.468828713819236
2.560000000000000 0.467007209857434
2.570000000000000 0.465179381828136
2.580000000000000 0.463345392574816
2.590000000000000 0.461505402550876
2.600000000000000 0.459659569850619
2.610000000000000 0.457915837828215
2.620000000000000 0.456166544093008
2.630000000000000 0.454411835677468
2.640000000000000 0.452651857451492
2.650000000000000 0.450886752150681
2.660000000000000 0.449116660404312
2.670000000000000 0.447341720763017
2.680000000000000 0.445562069726158
2.690000000000000 0.443777841768909
2.700000000000000 0.441989169369031
2.710000000000000 0.440294808821274
2.720000000000000 0.438596213029276
2.730000000000000 0.436893505309592
2.740000000000000 0.435186807147057
2.750000000000000 0.433476238219166
2.760000000000000 0.431761916420170
2.770000000000000 0.430043957884901
2.780000000000000 0.428322477012313
2.790000000000000 0.426597586488757
2.800000000000000 0.424869397310975
2.810000000000000 0.423228322572490
2.820000000000000 0.421584101257847
2.830000000000000 0.419936836776547
2.840000000000000 0.418286630987810
2.850000000000000 0.416633584221470
2.860000000000000 0.414977795298631
2.870000000000000 0.413319361552058
2.880000000000000 0.411658378846328
2.890000000000000 0.409994941597735
2.900000000000000 0.408329142793950
2.910000000000000 0.406743836499374
2.920000000000000 0.405156275385468
2.930000000000000 0.403566546154619
2.940000000000000 0.401974734197553
2.950000000000000 0.400380923611176
2.960000000000000 0.398785197216204
2.970000000000000 0.397187636574564
2.980000000000000 0.395588322006575
2.990000000000000 0.393987332607921
3.000000000000000 0.392384746266397
3.010000000000000 0.390856599398446
3.020000000000000 0.389326926416133
3.030000000000000 0.387795799997999
3.040000000000000 0.386263291712806
3.050000000000000 0.384729472034735
3.060000000000000 0.383194410358392
3.070000000000000 0.381658175013616
3.080000000000000 0.380120833280100
3.090000000000000 0.378582451401826
3.100000000000000 0.377043094601301
3.110000000000000 0.375572618607721
3.120000000000000 0.374101210215735
3.130000000000000 0.372628930328798
3.140000000000000 0.371155838911154
3.150000000000000 0.369681995000753
3.160000000000000 0.368207456722005
3.170000000000000 0.366732281298363
3.180000000000000 0.365256525064745
3.190000000000000 0.363780243479787
3.200000000000000 0.362303491137934
3.210000000000000 0.360890492241982
3.220000000000000 0.359477042950199
3.230000000000000 0.358063194275176
3.240000000000000 0.356648996434279
3.250000000000000 0.355234498860622
3.260000000000000 0.353819750213886
3.270000000000000 0.352404798391008
3.280000000000000 0.350989690536719
3.290000000000000 0.349574473053943
3.300000000000000 0.348159191614056
3.310000000000000 0.346802950021590
3.320000000000000 0.345446647590327
3.330000000000000 0.344090327020335
3.340000000000000 0.342734030337969
3.350000000000000 0.341377798905176
3.360000000000000 0.340021673428686
3.370000000000000 0.338665693969074
3.380000000000000 0.337309899949700
3.390000000000000 0.335954330165533
3.400000000000000 0.334599022791852
3.410000000000000 0.333298468271105
3.420000000000000 0.331998165914157
3.430000000000000 0.330698151430423
3.440000000000000 0.329398459958163
3.450000000000000 0.328099126072381
3.460000000000000 0.326800183792618
3.470000000000000 0.325501666590645
3.480000000000000 0.324203607398043
3.490000000000000 0.322906038613690
3.500000000000000 0.321608992111141
3.510000000000000 0.320362765617289
3.520000000000000 0.319117040943375
3.530000000000000 0.317871847916371
3.540000000000000 0.316627215878685
3.550000000000000 0.315383173694866
3.560000000000000 0.314139749758220
3.570000000000000 0.312896971997336
3.580000000000000 0.311654867882518
3.590000000000000 0.310413464432137
3.600000000000000 0.309172788218893
3.610000000000000 0.307979277152006
3.620000000000000 0.306786465245588
3.630000000000000 0.305594377374270
3.640000000000000 0.304403038001261
3.650000000000000 0.303212471184049
3.660000000000000 0.302022700580008
3.670000000000000 0.300833749451940
3.680000000000000 0.299645640673542
3.690000000000000 0.298458396734790
3.700000000000000 0.297272039747259
3.710000000000000 0.296129488564329
3.720000000000000 0.294987790663734
3.730000000000000 0.293846966748526
3.740000000000000 0.292707037172165
3.750000000000000 0.291568021943356
3.760000000000000 0.290429940730819
3.770000000000000 0.289292812867996
3.780000000000000 0.288156657357691
3.790000000000000 0.287021492876649
3.800000000000000 0.285887337780072
3.810000000000000 0.284793941530006
3.820000000000000 0.283701516937393
3.830000000000000 0.282610081189426
3.840000000000000 0.281519651176024
3.850000000000000 0.280430243493938
3.860000000000000 0.279341874450808
3.870000000000000 0.278254560069163
3.880000000000000 0.277168316090370
3.890000000000000 0.276083157978521
3.900000000000000 0.274999100924278
3.910000000000000 0.273952954662156
3.920000000000000 0.272907869039948
3.930000000000000 0.271863858280766
3.940000000000000 0.270820936354741
3.950000000000000 0.269779116982523
3.960000000000000 0.268738413638727
3.970000000000000 0.267698839555344
3.980000000000000 0.266660407725089
3.990000000000000 0.265623130904725
4.000000000000000 0.264587021618318
4.010000000000000 0.263586233540815
4.020000000000000 0.262586570839937
4.030000000000000 0.261588045239032
4.040000000000000 0.260590668246015
4.050000000000000 0.259594451156350
4.060000000000000 0.258599405055989
4.070000000000000 0.257605540824268
4.080000000000000 0.256612869136770
4.090000000000000 0.255621400468147
4.100000000000000 0.254631145094900
4.110000000000000 0.253673818833298
4.120000000000000 0.252717662783815
4.130000000000000 0.251762686561335
4.140000000000000 0.250808899597175
4.150000000000000 0.249856311141622
4.160000000000000 0.248904930266440
4.170000000000000 0.247954765867342
4.180000000000000 0.247005826666425
4.190000000000000 0.246058121214582
4.200000000000000 0.245111657893867
4.210000000000000 0.244195900998522
4.220000000000000 0.243281342887495
4.230000000000000 0.242367991397295
4.240000000000000 0.241455854207927
4.250000000000000 0.240544938845054
4.260000000000000 0.239635252682141
4.270000000000000 0.238726802942562
4.280000000000000 0.237819596701677
4.290000000000000 0.236913640888893
4.300000000000000 0.236008942289681
4.310000000000000 0.235132895791752
4.320000000000000 0.234258063390441
4.330000000000000 0.233384451422526
4.340000000000000 0.232512066091286
4.350000000000000 0.231640913468356
4.360000000000000 0.230770999495552
4.370000000000000 0.229902329986673
4.380000000000000 0.229034910629279
4.390000000000000 0.228168746986447
4.400000000000000 0.227303844498499
4.410000000000000 0.226465730699093
4.420000000000000 0.225628835470827
4.430000000000000 0.224793163886146
4.440000000000000 0.223958720903584
4.450000000000000 0.223125511369350
4.460000000000000 0.222293540018885
4.470000000000000 0.221462811478411
4.480000000000000 0.220633330266442
4.490000000000000 0.219805100795294
4.500000000000000 0.218978127372559
4.510000000000000 0.218176203758827
4.520000000000000 0.217375494464573
4.530000000000000 0.216576003497022
4.540000000000000 0.215777734766174
4.550000000000000 0.214980692086163
4.560000000000000 0.214184879176595
4.570000000000000 0.213390299663866
4.580000000000000 0.212596957082467
4.590000000000000 0.211804854876262
4.600000000000000 0.211013996399765
4.610000000000000 0.210246566521579
4.620000000000000 0.209480339738019
4.630000000000000 0.208715319159590
4.640000000000000 0.207951507813809
4.650000000000000 0.207188908646368
4.660000000000000 0.206427524522273
4.670000000000000 0.205667358226984
4.680000000000000 0.204908412467523
4.690000000000000 0.204150689873580
4.700000000000000 0.203394192998600
4.710000000000000 0.202659639723886
4.720000000000000 0.201926272745051
4.730000000000000 0.201194094418601
4.740000000000000 0.200463107030200
4.750000000000000 0.199733312795672
4.760000000000000 0.199004713861984
4.770000000000000 0.198277312308211
4.780000000000000 0.197551110146499
4.790000000000000 0.196826109323006
4.800000000000000 0.196102311718838
4.810000000000000 0.195399069293526
4.820000000000000 0.194696992010904
4.830000000000000 0.193996081594403
4.840000000000000 0.193296339707001
4.850000000000000 0.192597767952074
4.860000000000000 0.191900367874242
4.870000000000000 0.191204140960198
4.880000000000000 0.190509088639540
4.890000000000000 0.189815212285571
4.900000000000000 0.189122513216107
4.910000000000000 0.188449084774264
4.920000000000000 0.187776796949059
4.930000000000000 0.187105650933388
4.940000000000000 0.186435647868566
4.950000000000000 0.185766788845069
4.960000000000000 0.185099074903253
4.970000000000000 0.184432507034075
4.980000000000000 0.183767086179797
4.990000000000000 0.183102813234687
5.000000000000000 0.182439689045704
5.010000000000000 0.181794652280847
5.020000000000000 0.181150729033229
5.030000000000000 0.180507920052196
5.040000000000000 0.179866226043108
5.050000000000000 0.179225647668001
5.060000000000000 0.178586185546169
5.070000000000000 0.177947840254805
5.080000000000000 0.177310612329608
5.090000000000000 0.176674502265378
5.100000000000000 0.176039510516610
5.110000000000000 0.175421479625184
5.120000000000000 0.174804533317117
5.130000000000000 0.174188671971951
5.140000000000000 0.173573895931758
5.150000000000000 0.172960205501686
5.160000000000000 0.172347600950494
5.170000000000000 0.171736082511083
5.180000000000000 0.171125650381022
5.190000000000000 0.170516304723062
5.200000000000000 0.169908045665648
5.210000000000000 0.169315770660426
5.220000000000000 0.168724549872124
5.230000000000000 0.168134383373252
5.240000000000000 0.167545271204428
5.250000000000000 0.166957213374849
5.260000000000000 0.166370209862755
5.270000000000000 0.165784260615884
5.280000000000000 0.165199365551928
5.290000000000000 0.164615524558971
5.300000000000000 0.164032737495937
5.310000000000000 0.163464955958687
5.320000000000000 0.162898197460810
5.330000000000000 0.162332461820880
5.340000000000000 0.161767748830365
5.350000000000000 0.161204058254031
5.360000000000000 0.160641389830345
5.370000000000000 0.160079743271863
5.380000000000000 0.159519118265628
5.390000000000000 0.158959514473547
5.400000000000000 0.158400931532772
5.410000000000000 0.157856465054145
5.420000000000000 0.157312989951639
5.430000000000000 0.156770505835008
5.440000000000000 0.156229012291002
5.450000000000000 0.155688508883722
5.460000000000000 0.155148995154960
5.470000000000000 0.154610470624547
5.480000000000000 0.154072934790679
5.490000000000000 0.153536387130260
5.500000000000000 0.153000827099217
5.510000000000000 0.152478560067469
5.520000000000000 0.151957252560258
5.530000000000000 0.151436904016804
5.540000000000000 0.150917513856850
5.550000000000000 0.150399081480965
5.560000000000000 0.149881606270841
5.570000000000000 0.149365087589588
5.580000000000000 0.148849524782025
5.590000000000000 0.148334917174964
5.600000000000000 0.147821264077494
5.610000000000000 0.147320128232140
5.620000000000000 0.146819920139738
5.630000000000000 0.146320639101419
5.640000000000000 0.145822284401862
5.650000000000000 0.145324855309561
5.660000000000000 0.144828351077073
5.670000000000000 0.144332770941282
5.680000000000000 0.143838114123644
5.690000000000000 0.143344379830435
5.700000000000000 0.142851567252998
5.710000000000000 0.142370551219274
5.720000000000000 0.141890431441001
5.730000000000000 0.141411207108721
5.740000000000000 0.140932877399125
5.750000000000000 0.140455441475281
5.760000000000000 0.139978898486854
5.770000000000000 0.139503247570326
5.780000000000000 0.139028487849214
5.790000000000000 0.138554618434283
5.800000000000000 0.138081638423757
5.810000000000000 0.137619785155092
5.820000000000000 0.137158797072537
5.830000000000000 0.136698673279341
5.840000000000000 0.136239412867138
5.850000000000000 0.135781014916140
5.860000000000000 0.135323478495327
5.870000000000000 0.134866802662643
5.880000000000000 0.134410986465176
5.890000000000000 0.133956028939348
5.900000000000000 0.133501929111098
5.910000000000000 0.133058331698550
5.920000000000000 0.132615568955301
5.930000000000000 0.132173639917020
5.940000000000000 0.131732543609674
5.950000000000000 0.131292279049701
5.960000000000000 0.130852845244175
5.970000000000000 0.130414241190971
5.980000000000000 0.129976465878927
5.990000000000000 0.129539518288004
6.000000000000000 0.129103397389442
6.010000000000000 0.128677193716225
6.020000000000000 0.128251794850892
6.030000000000000 0.127827199778165
6.040000000000000 0.127403407474711
6.050000000000000 0.126980416909296
6.060000000000000 0.126558227042921
6.070000000000000 0.126136836828969
6.080000000000000 0.125716245213346
6.090000000000000 0.125296451134615
6.100000000000000 0.124877453524139
6.110000000000000 0.124467824650828
6.120000000000000 0.124058971457400
6.130000000000000 0.123650892891649
6.140000000000000 0.123243587894729
6.150000000000000 0.122837055401284
6.160000000000000 0.122431294339575
6.170000000000000 0.122026303631599
6.180000000000000 0.121622082193210
6.190000000000000 0.121218628934244
6.200000000000000 0.120815942758635
6.210000000000000 0.120422105680696
6.220000000000000 0.120029015957517
6.230000000000000 0.119636672511723
6.240000000000000 0.119245074260516
6.250000000000000 0.118854220115783
6.260000000000000 0.118464108984209
6.270000000000000 0.118074739767377
6.280000000000000 0.117686111361880
6.290000000000000 0.117298222659420
6.300000000000000 0.116911072546911
6.310000000000000 0.116532291606039
6.320000000000000 0.116154230521631
6.330000000000000 0.115776888201033
6.340000000000000 0.115400263547210
6.350000000000000 0.115024355458838
6.360000000000000 0.114649162830404
6.370000000000000 0.114274684552292
6.380000000000000 0.113900919510876
6.390000000000000 0.113527866588613
6.400000000000000 0.113155524664126
6.410000000000000 0.112791101111858
6.420000000000000 0.112427370773362
6.430000000000000 0.112064332548966
6.440000000000000 0.111701985335509
6.450000000000000 0.111340328026423
6.460000000000000 0.110979359511814
6.470000000000000 0.110619078678544
6.480000000000000 0.110259484410308
6.490000000000000 0.109900575587710
6.500000000000000 0.109542351088343
6.510000000000000 0.109191624256659
6.520000000000000 0.108841564862680
6.530000000000000 0.108492171806600
6.540000000000000 0.108143443985891
6.550000000000000 0.107795380295369
6.560000000000000 0.107447979627266
6.570000000000000 0.107101240871303
6.580000000000000 0.106755162914753
6.590000000000000 0.106409744642511
6.600000000000000 0.106064984937158
6.610000000000000 0.105727324792241
6.620000000000000 0.105390307189539
6.630000000000000 0.105053931034803
6.640000000000000 0.104718195231709
6.650000000000000 0.104383098681928
6.660000000000000 0.104048640285178
6.670000000000000 0.103714818939290
6.680000000000000 0.103381633540266
6.690000000000000 0.103049082982333
6.700000000000000 0.102717166158005
6.710000000000000 0.102391973608219
6.720000000000000 0.102067399587764
6.730000000000000 0.101743443012615
6.740000000000000 0.101420102797237
6.750000000000000 0.101097377854634
6.760000000000000 0.100775267096402
6.770000000000000 0.100453769432781
6.780000000000000 0.100132883772708
6.790000000000000 0.099812609023863
6.800000000000000 0.099492944092722
6.810000000000000 0.099179652115799
6.820000000000000 0.098866955527917
6.830000000000000 0.098554853259101
6.840000000000000 0.098243344238339
6.850000000000000 0.097932427393629
6.860000000000000 0.097622101652019
6.870000000000000 0.097312365939658
6.880000000000000 0.097003219181836
6.890000000000000 0.096694660303028
6.900000000000000 0.096386688226937
6.910000000000000 0.096084758784556
6.920000000000000 0.095783402451838
6.930000000000000 0.095482618175947
6.940000000000000 0.095182404903417
6.950000000000000 0.094882761580183
6.960000000000000 0.094583687151629
6.970000000000000 0.094285180562621
6.980000000000000 0.093987240757546
6.990000000000000 0.093689866680350
7.000000000000000 0.093393057274574
7.010000000000000 0.093101977467335
7.020000000000000 0.092811449340639
7.030000000000000 0.092521471861248
7.040000000000000 0.092232043995634
7.050000000000000 0.091943164710010
7.060000000000000 0.091654832970367
7.070000000000000 0.091367047742506
7.080000000000000 0.091079807992068
7.090000000000000 0.090793112684571
7.100000000000000 0.090506960785439
7.110000000000000 0.090226247479118
7.120000000000000 0.089946065247998
7.130000000000000 0.089666413080382
7.140000000000000 0.089387289964576
7.150000000000000 0.089108694888911
7.160000000000000 0.088830626841774
7.170000000000000 0.088553084811640
7.180000000000000 0.088276067787094
7.190000000000000 0.087999574756863
7.200000000000000 0.087723604709842
7.210000000000000 0.087452806700206
7.220000000000000 0.087182519948118
7.230000000000000 0.086912743464961
7.240000000000000 0.086643476262359
7.250000000000000 0.086374717352205
7.260000000000000 0.086106465746681
7.270000000000000 0.085838720458288
7.280000000000000 0.085571480499863
7.290000000000000 0.085304744884611
7.300000000000000 0.085038512626123
7.310000000000000 0.084777169090831
7.320000000000000 0.084516317829140
7.330000000000000 0.084255957876509
7.340000000000000 0.083996088268846
7.350000000000000 0.083736708042523
7.360000000000000 0.083477816234402
7.370000000000000 0.083219411881853
7.380000000000000 0.082961494022779
7.390000000000000 0.082704061695631
7.400000000000000 0.082447113939430
7.410000000000000 0.082194815297505
7.420000000000000 0.081942990694224
7.430000000000000 0.081691639189940
7.440000000000000 0.081440759845624
7.450000000000000 0.081190351722878
7.460000000000000 0.080940413883959
7.470000000000000 0.080690945391792
7.480000000000000 0.080441945309989
7.490000000000000 0.080193412702868
7.500000000000000 0.079945346635468
7.510000000000000 0.079701701554318
7.520000000000000 0.079458513006710
7.530000000000000 0.079215780078426
7.540000000000000 0.078973501856006
7.550000000000000 0.078731677426758
7.560000000000000 0.078490305878780
7.570000000000000 0.078249386300971
7.580000000000000 0.078008917783046
7.590000000000000 0.077768899415553
7.600000000000000 0.077529330289885
7.610000000000000 0.077293958928388
7.620000000000000 0.077059027317011
7.630000000000000 0.076824534567236
7.640000000000000 0.076590479791416
7.650000000000000 0.076356862102787
7.660000000000000 0.076123680615482
7.670000000000000 0.075890934444543
7.680000000000000 0.075658622705937
7.690000000000000 0.075426744516563
7.700000000000000 0.075195298994270
7.710000000000000 0.074967845208281
7.720000000000000 0.074740815074959
7.730000000000000 0.074514207731589
7.740000000000000 0.074288022316419
7.750000000000000 0.074062257968673
7.760000000000000 0.073836913828560
7.770000000000000 0.073611989037285
7.780000000000000 0.073387482737061
7.790000000000000 0.073163394071120
7.800000000000000 0.072939722183720
7.810000000000000 0.072719841881145
7.820000000000000 0.072500369805783
7.830000000000000 0.072281305120645
7.840000000000000 0.072062646989777
7.850000000000000 0.071844394578272
7.860000000000000 0.071626547052282
7.870000000000000 0.071409103579021
7.880000000000000 0.071192063326780
7.890000000000000 0.070975425464934
7.900000000000000 0.070759189163948
7.910000000000000 0.070546559224972
7.920000000000000 0.070334322725865
7.930000000000000 0.070122478855171
7.940000000000000 0.069911026802529
7.950000000000000 0.069699965758681
7.960000000000000 0.069489294915483
7.970000000000000 0.069279013465907
7.980000000000000 0.069069120604053
7.990000000000000 0.068859615525155
8.000000000000000 0.068650497425588
8.010000000000000 0.068444808814056
8.020000000000000 0.068239499471765
8.029999999999999 0.068034568612490
8.039999999999999 0.067830015451143
8.050000000000001 0.067625839203785
8.060000000000000 0.067422039087628
8.070000000000000 0.067218614321046
8.080000000000000 0.067015564123574
8.090000000000000 0.066812887715924
8.100000000000000 0.066610584319981
8.109999999999999 0.066411541583704
8.119999999999999 0.066212864541054
8.130000000000001 0.066014552430638
8.140000000000001 0.065816604492232
8.150000000000000 0.065619019966794
8.160000000000000 0.065421798096462
8.170000000000000 0.065224938124563
8.180000000000000 0.065028439295619
8.190000000000000 0.064832300855347
8.199999999999999 0.064636522050669
8.210000000000001 0.064443842022337
8.220000000000001 0.064251514686800
8.230000000000000 0.064059539307020
8.240000000000000 0.063867915147154
8.250000000000000 0.063676641472557
8.260000000000000 0.063485717549789
8.270000000000000 0.063295142646616
8.279999999999999 0.063104916032017
8.289999999999999 0.062915036976186
8.300000000000001 0.062725504750535
8.310000000000000 0.062538919262460
8.320000000000000 0.062352674014578
8.330000000000000 0.062166768293682
8.340000000000000 0.061981201387775
8.350000000000000 0.061795972586072
8.359999999999999 0.061611081179002
8.369999999999999 0.061426526458214
8.380000000000001 0.061242307716577
8.390000000000001 0.061058424248188
8.400000000000000 0.060874875348369
8.410000000000000 0.060694130068989
8.420000000000000 0.060513713100478
8.430000000000000 0.060333623752898
8.440000000000000 0.060153861337530
8.449999999999999 0.059974425166869
8.460000000000001 0.059795314554631
8.470000000000001 0.059616528815756
8.480000000000000 0.059438067266410
8.490000000000000 0.059259929223983
8.500000000000000 0.059082114007098
8.510000000000000 0.058906966257942
8.520000000000000 0.058732135392344
8.529999999999999 0.058557620743041
8.539999999999999 0.058383421643986
8.550000000000001 0.058209537430348
8.560000000000000 0.058035967438516
8.570000000000000 0.057862711006100
8.580000000000000 0.057689767471932
8.590000000000000 0.057517136176070
8.600000000000000 0.057344816459797
8.609999999999999 0.057175027667026
8.619999999999999 0.057005544825396
8.630000000000001 0.056836367289667
8.640000000000001 0.056667494415806
8.650000000000000 0.056498925560994
8.660000000000000 0.056330660083623
8.670000000000000 0.056162697343303
8.680000000000000 0.055995036700857
8.690000000000000 0.055827677518324
8.699999999999999 0.055660619158965
8.710000000000001 0.055495971502809
8.720000000000001 0.055331619320269
8.730000000000000 0.055167561987499
8.740000000000000 0.055003798881855
8.750000000000000 0.054840329381896
8.760000000000000 0.054677152867382
8.770000000000000 0.054514268719277
8.779999999999999 0.054351676319752
8.789999999999999 0.054189375052180
8.800000000000001 0.054027364301141
8.810000000000000 0.053867641911314
8.820000000000000 0.053708204968648
8.830000000000000 0.053549052870026
8.840000000000000 0.053390185013516
8.850000000000000 0.053231600798378
8.859999999999999 0.053073299625058
8.869999999999999 0.052915280894108
8.880000000000001 0.052757544010535
8.890000000000001 0.052600088377262
8.900000000000000 0.052442913400560
8.910000000000000 0.052287914384568
8.920000000000000 0.052133191212952
8.930000000000000 0.051978743302664
8.940000000000000 0.051824570071827
8.949999999999999 0.051670670939738
8.960000000000001 0.051517045326866
8.970000000000001 0.051363692654854
8.980000000000000 0.051210612346516
8.990000000000000 0.051057803825840
9.000000000000000 0.050905266517986
9.010000000000000 0.050754795281395
9.020000000000000 0.050604590697202
9.029999999999999 0.050454652201761
9.039999999999999 0.050304979232580
9.050000000000001 0.050155571228321
9.060000000000000 0.050006427628800
9.070000000000000 0.049857547874986
9.080000000000000 0.049708931409001
9.090000000000000 0.049560577674122
9.100000000000000 0.049412486114776
9.109999999999999 0.049266355590801
9.119999999999999 0.049120482920704
9.130000000000001 0.048974867559575
9.140000000000001 0.048829508963639
9.150000000000000 0.048684406590253
9.160000000000000 0.048539559897910
9.170000000000000 0.048394968346232
9.180000000000000 0.048250631395978
9.190000000000000 0.048106548509033
9.199999999999999 0.047962719148417
9.210000000000001 0.047820749397471
9.220000000000001 0.047679029080486
9.230000000000000 0.047537557670627
9.240000000000000 0.047396334642170
9.250000000000000 0.047255359470504
9.260000000000000 0.047114631632128
9.270000000000000 0.046974150604653
9.279999999999999 0.046833915866798
9.289999999999999 0.046693926898391
9.300000000000001 0.046554183180370
9.310000000000000 0.046416201626363
9.320000000000000 0.046278461449578
9.330000000000000 0.046140962140597
9.340000000000000 0.046003703191094
9.350000000000000 0.045866684093831
9.359999999999999 0.045729904342655
9.369999999999999 0.045593363432504
9.380000000000001 0.045457060859400
9.390000000000001 0.045320996120450
9.400000000000000 0.045185168713845
9.410000000000000 0.045051011912162
9.420000000000000 0.044917088775345
9.430000000000000 0.044783398810760
9.440000000000000 0.044649941526837
9.449999999999999 0.044516716433072
9.460000000000001 0.044383723040027
9.470000000000001 0.044250960859323
9.480000000000000 0.044118429403644
9.490000000000000 0.043986128186736
9.500000000000000 0.043854056723403
9.510000000000000 0.043723568149142
9.520000000000000 0.043593305857104
9.529999999999999 0.043463269370812
9.539999999999999 0.043333458214833
9.550000000000001 0.043203871914771
9.560000000000000 0.043074509997271
9.570000000000000 0.042945371990016
9.580000000000000 0.042816457421725
9.590000000000000 0.042687765822153
9.600000000000000 0.042559296722091
9.609999999999999 0.042432320060534
9.619999999999999 0.042305562625925
9.630000000000001 0.042179023957311
9.640000000000001 0.042052703594754
9.650000000000000 0.041926601079332
9.660000000000000 0.041800715953139
9.670000000000000 0.041675047759281
9.680000000000000 0.041549596041874
9.690000000000000 0.041424360346046
9.699999999999999 0.041299340217935
9.710000000000001 0.041175733773037
9.720000000000001 0.041052339798240
9.730000000000000 0.040929157847525
9.740000000000000 0.040806187475866
9.750000000000000 0.040683428239229
9.760000000000000 0.040560879694566
9.770000000000000 0.040438541399820
9.779999999999999 0.040316412913917
9.789999999999999 0.040194493796771
9.800000000000001 0.040072783609278
9.810000000000000 0.039952404363597
9.820000000000000 0.039832231129987
9.830000000000000 0.039712263476768
9.840000000000000 0.039592500973223
9.850000000000000 0.039472943189604
9.859999999999999 0.039353589697124
9.869999999999999 0.039234440067962
9.880000000000001 0.039115493875255
9.890000000000001 0.038996750693103
9.900000000000000 0.038878210096561
9.910000000000000 0.038760923898323
9.920000000000000 0.038643837534670
9.930000000000000 0.038526950587684
9.940000000000000 0.038410262640391
9.949999999999999 0.038293773276757
9.960000000000001 0.038177482081688
9.970000000000001 0.038061388641026
9.980000000000000 0.037945492541551
9.990000000000000 0.037829793370977
10.000000000000000 0.037714290717952
