0.000000000000000 0.000000000000000
0.010000000000000 0.000432145791694
0.020000000000000 0.001695686537911
0.030000000000000 0.003741950281610
0.040000000000000 0.006523179685002
0.050000000000000 0.009992552236807
0.060000000000000 0.014104198746229
0.070000000000000 0.018813220122207
0.080000000000000 0.024075702441997
0.090000000000000 0.029848730318561
0.100000000000000 0.036090398581255
0.110000000000000 0.042846187307619
0.120000000000000 0.050020870463643
0.130000000000000 0.057578958707031
0.140000000000000 0.065485855255995
0.150000000000000 0.073707861104669
0.160000000000000 0.082212178881965
0.170000000000000 0.090966915387753
0.180000000000000 0.099941082842920
0.190000000000000 0.109104598892299
0.200000000000000 0.118428285401543
0.210000000000000 0.128106635388212
0.220000000000000 0.137928289951789
0.230000000000000 0.147868529742301
0.240000000000000 0.157903421724780
0.250000000000000 0.168009814622156
0.260000000000000 0.178165333490797
0.270000000000000 0.188348373471603
0.280000000000000 0.198538092759933
0.290000000000000 0.208714404837856
0.300000000000000 0.218857970012294
0.310000000000000 0.229299077220968
0.320000000000000 0.239709289564848
0.330000000000000 0.250072288938254
0.340000000000000 0.260372397182691
0.350000000000000 0.270594566638164
0.360000000000000 0.280724370264401
0.370000000000000 0.290747991368203
0.380000000000000 0.300652212972365
0.390000000000000 0.310424406860795
0.400000000000000 0.320052522333517
0.410000000000000 0.329969614011358
0.420000000000000 0.339754488368563
0.430000000000000 0.349397068664476
0.440000000000000 0.358887766348397
0.450000000000000 0.368217470296988
0.460000000000000 0.377377535928447
0.470000000000000 0.386359774217696
0.480000000000000 0.395156440635758
0.490000000000000 0.403760224035476
0.500000000000000 0.412164235504607
0.510000000000000 0.420868808871405
0.520000000000000 0.429390080833938
0.530000000000000 0.437722390272840
0.540000000000000 0.445860428498386
0.550000000000000 0.453799229285670
0.560000000000000 0.461534158961263
0.570000000000000 0.469060906554570
0.580000000000000 0.476375474026204
0.590000000000000 0.483474166584849
0.600000000000000 0.490353583103236
0.610000000000000 0.497550352806604
0.620000000000000 0.504545653992529
0.630000000000000 0.511336799123170
0.640000000000000 0.517921342758879
0.650000000000000 0.524297073332122
0.660000000000000 0.530462005048786
0.670000000000000 0.536414369922293
0.680000000000000 0.542152609945380
0.690000000000000 0.547675369403873
0.700000000000000 0.552981487336178
0.710000000000000 0.558619465348679
0.720000000000000 0.564058063879118
0.730000000000000 0.569296494663557
0.740000000000000 0.574334127893545
0.750000000000000 0.579170485921555
0.760000000000000 0.583805237109484
0.770000000000000 0.588238189821117
0.780000000000000 0.592469286559188
0.790000000000000 0.596498598247322
0.800000000000000 0.600326318656892
0.810000000000000 0.604495008164529
0.820000000000000 0.608477843964062
0.830000000000000 0.612275176254417
0.840000000000000 0.615887453613440
0.850000000000000 0.619315218441191
0.860000000000000 0.622559102531985
0.870000000000000 0.625619822773976
0.880000000000000 0.628498176974923
0.890000000000000 0.631195039812634
0.900000000000000 0.633711358908473
0.910000000000000 0.636571136101141
0.920000000000000 0.639264158240421
0.930000000000000 0.641791399366216
0.940000000000000 0.644153890640217
0.950000000000000 0.646352717188779
0.960000000000000 0.648389015049419
0.970000000000000 0.650263968219025
0.980000000000000 0.651978805801777
0.990000000000000 0.653534799254746
1.000000000000000 0.654933259729151
1.010000000000000 0.656672220198457
1.020000000000000 0.658265418234433
1.030000000000000 0.659714118512601
1.040000000000000 0.661019615615667
1.050000000000000 0.662183231927302
1.060000000000000 0.663206315603784
1.070000000000000 0.664090238621530
1.080000000000000 0.664836394898620
1.090000000000000 0.665446198488351
1.100000000000000 0.665921081842942
1.110000000000000 0.666727945047755
1.120000000000000 0.667409735518764
1.130000000000000 0.667967803096702
1.140000000000000 0.668403510287498
1.150000000000000 0.668718230907033
1.160000000000000 0.668913348781653
1.170000000000000 0.668990256502792
1.180000000000000 0.668950354234081
1.190000000000000 0.668795048569373
1.200000000000000 0.668525751440107
1.210000000000000 0.668576679163229
1.220000000000000 0.668521745995225
1.230000000000000 0.668362267322924
1.240000000000000 0.668099560765966
1.250000000000000 0.667734945338432
1.260000000000000 0.667269740649012
1.270000000000000 0.666705266138406
1.280000000000000 0.666042840352744
1.290000000000000 0.665283780251803
1.300000000000000 0.664429400550826
1.310000000000000 0.663880260997713
1.320000000000000 0.663242438406587
1.330000000000000 0.662517150109696
1.340000000000000 0.661705609735530
1.350000000000000 0.660809026715255
1.360000000000000 0.659828605815016
1.370000000000000 0.658765546693156
1.380000000000000 0.657621043481447
1.390000000000000 0.656396284389465
1.400000000000000 0.655092451331240
1.410000000000000 0.654077593700568
1.420000000000000 0.652989038686406
1.430000000000000 0.651827876834847
1.440000000000000 0.650595191928156
1.450000000000000 0.649292060714806
1.460000000000000 0.647919552656432
1.470000000000000 0.646478729691011
1.480000000000000 0.644970646011673
1.490000000000000 0.643396347860493
1.500000000000000 0.641756873336674
1.510000000000000 0.640388902123521
1.520000000000000 0.638960080155682
1.530000000000000 0.637471363491288
1.540000000000000 0.635923700142924
1.550000000000000 0.634318029948504
1.560000000000000 0.632655284452918
1.570000000000000 0.630936386799990
1.580000000000000 0.629162251634322
1.590000000000000 0.627333785012593
1.600000000000000 0.625451884323908
1.610000000000000 0.623824112202317
1.620000000000000 0.622146369684152
1.630000000000000 0.620419482446685
1.640000000000000 0.618644267895749
1.650000000000000 0.616821535122361
1.660000000000000 0.614952084866013
1.670000000000000 0.613036709484309
1.680000000000000 0.611076192928672
1.690000000000000 0.609071310725827
1.700000000000000 0.607022829964792
1.710000000000000 0.605210156745795
1.720000000000000 0.603356640551629
1.730000000000000 0.601462987088822
1.740000000000000 0.599529894155305
1.750000000000000 0.597558051646950
1.760000000000000 0.595548141568081
1.770000000000000 0.593500838045738
1.780000000000000 0.591416807347524
1.790000000000000 0.589296707902821
1.800000000000000 0.587141190327223
1.810000000000000 0.585205210600022
1.820000000000000 0.583236001270029
1.830000000000000 0.581234160908491
1.840000000000000 0.579200280841621
1.850000000000000 0.577134945184230
1.860000000000000 0.575038730875596
1.870000000000000 0.572912207717421
1.880000000000000 0.570755938413765
1.890000000000000 0.568570478612844
1.900000000000000 0.566356376950553
1.910000000000000 0.564345446065401
1.920000000000000 0.562307601635389
1.930000000000000 0.560243348644394
1.940000000000000 0.558153185616953
1.950000000000000 0.556037604664812
1.960000000000000 0.553897091534622
1.970000000000000 0.551732125656679
1.980000000000000 0.549543180194649
1.990000000000000 0.547330722096186
2.000000000000000 0.545095212144376
2.010000000000000 0.543047365396951
2.020000000000000 0.540977825499641
2.030000000000000 0.538887016854110
2.040000000000000 0.536775358207095
2.050000000000000 0.534643262701340
2.060000000000000 0.532491137927002
2.070000000000000 0.530319385973471
2.080000000000000 0.528128403481557
2.090000000000000 0.525918581696002
2.100000000000000 0.523690306518254
2.110000000000000 0.521634950827071
2.120000000000000 0.519562204155650
2.130000000000000 0.517472422231157
2.140000000000000 0.515365955891747
2.150000000000000 0.513243151136959
2.160000000000000 0.511104349178186
2.170000000000000 0.508949886489189
2.180000000000000 0.506780094856605
2.190000000000000 0.504595301430457
2.200000000000000 0.502395828774605
2.210000000000000 0.500355777290316
2.220000000000000 0.498301872683507
2.230000000000000 0.496234412550716
2.240000000000000 0.494153690298923
2.250000000000000 0.492059995192757
2.260000000000000 0.489953612401538
2.270000000000000 0.487834823046163
2.280000000000000 0.485703904245796
2.290000000000000 0.483561129164351
2.300000000000000 0.481406767056772
2.310000000000000 0.479399144095275
2.320000000000000 0.477380571592787
2.330000000000000 0.475351298196083
2.340000000000000 0.473311568984020
2.350000000000000 0.471261625510283
2.360000000000000 0.469201705845871
2.370000000000000 0.467132044621293
2.380000000000000 0.465052873068495
2.390000000000000 0.462964419062479
2.400000000000000 0.460866907162635
2.410000000000000 0.458904704309822
2.420000000000000 0.456933931044338
2.430000000000000 0.454954794922208
2.440000000000000 0.452967500474417
2.450000000000000 0.450972249244785
2.460000000000000 0.448969239827508
2.470000000000000 0.446958667904399
2.480000000000000 0.444940726281794
2.490000000000000 0.442915604927136
2.500000000000000 0.440883491005230
2.510000000000000 0.438976044824261
2.520000000000000 0.437061974210866
2.530000000000000 0.435141452315818
2.540000000000000 0.433214649732974
2.550000000000000 0.431281734532310
2.560000000000000 0.429342872292639
2.570000000000000 0.427398226133999
2.580000000000000 0.425447956749728
2.590000000000000 0.423492222438199
2.600000000000000 0.421531179134237
2.610000000000000 0.419684856221039
2.620000000000000 0.417833497777830
2.630000000000000 0.415977248199373
2.640000000000000 0.414116249723517
2.650000000000000 0.412250642459720
2.660000000000000 0.410380564417268
2.670000000000000 0.408506151533184
2.680000000000000 0.406627537699826
2.690000000000000 0.404744854792184
2.700000000000000 0.402858232694863
2.710000000000000 0.401077173288114
2.720000000000000 0.399292373290782
2.730000000000000 0.397503953085977
2.740000000000000 0.395712031239578
2.750000000000000 0.393916724524684
2.760000000000000 0.392118147945768
2.770000000000000 0.390316414762568
2.780000000000000 0.388511636513676
2.790000000000000 0.386703923039866
2.800000000000000 0.384893382507127
2.810000000000000 0.383180090763792
2.820000000000000 0.381464111472242
2.830000000000000 0.379745544971894
2.840000000000000 0.378024490072196
2.850000000000000 0.376301044073470
2.860000000000000 0.374575302787496
2.870000000000000 0.372847360557851
2.880000000000000 0.371117310279983
2.890000000000000 0.369385243421055
2.900000000000000 0.367651250039527
2.910000000000000 0.366006856421050
2.920000000000000 0.364360629352166
2.930000000000000 0.362712652443684
2.940000000000000 0.361063008018637
2.950000000000000 0.359411777129975
2.960000000000000 0.357759039578053
2.970000000000000 0.356104873927875
2.980000000000000 0.354449357526136
2.990000000000000 0.352792566518037
3.000000000000000 0.351134575863888
3.010000000000000 0.349559268155153
3.020000000000000 0.347982817432147
3.030000000000000 0.346405293339997
3.040000000000000 0.344826764439870
3.050000000000000 0.343247298223970
3.060000000000000 0.341666961130341
3.070000000000000 0.340085818557472
3.080000000000000 0.338503934878713
3.090000000000000 0.336921373456510
3.100000000000000 0.335338196656439
3.110000000000000 0.333831314851917
3.120000000000000 0.332323845965951
3.130000000000000 0.330815847982357
3.140000000000000 0.329307377972287
3.150000000000000 0.327798492106914
3.160000000000000 0.326289245669946
3.170000000000000 0.324779693069970
3.180000000000000 0.323269887852640
3.190000000000000 0.321759882712701
3.200000000000000 0.320249729505848
3.210000000000000 0.318809968185617
3.220000000000000 0.317370065260794
3.230000000000000 0.315930068974866
3.240000000000000 0.314490026802504
3.250000000000000 0.313049985460281
3.260000000000000 0.311609990917239
3.270000000000000 0.310170088405322
3.280000000000000 0.308730322429663
3.290000000000000 0.307290736778737
3.300000000000000 0.305851374534373
3.310000000000000 0.304477191743617
3.320000000000000 0.303103221839791
3.330000000000000 0.301729504923699
3.340000000000000 0.300356080448164
3.350000000000000 0.298982987227075
3.360000000000000 0.297610263444313
3.370000000000000 0.296237946662556
3.380000000000000 0.294866073831961
3.390000000000000 0.293494681298737
3.400000000000000 0.292123804813593
3.410000000000000 0.290813110016265
3.420000000000000 0.289502908182263
3.430000000000000 0.288193232604970
3.440000000000000 0.286884116031234
3.450000000000000 0.285575590669010
3.460000000000000 0.284267688194894
3.470000000000000 0.282960439761560
3.480000000000000 0.281653876005088
3.490000000000000 0.280348027052198
3.500000000000000 0.279042922527383
3.510000000000000 0.277793505500597
3.520000000000000 0.276544800367373
3.530000000000000 0.275296834725931
3.540000000000000 0.274049635713187
3.550000000000000 0.272803230011206
3.560000000000000 0.271557643853567
3.570000000000000 0.270312903031637
3.580000000000000 0.269069032900767
3.590000000000000 0.267826058386394
3.600000000000000 0.266584003990070
3.610000000000000 0.265393527773763
3.620000000000000 0.264203932251344
3.630000000000000 0.263015240254043
3.640000000000000 0.261827474223437
3.650000000000000 0.260640656216898
3.660000000000000 0.259454807912973
3.670000000000000 0.258269950616690
3.680000000000000 0.257086105264781
3.690000000000000 0.255903292430849
3.700000000000000 0.254721532330456
3.710000000000000 0.253587583333327
3.720000000000000 0.252454642793630
3.730000000000000 0.251322729550870
3.740000000000000 0.250191862115173
3.750000000000000 0.249062058671897
3.760000000000000 0.247933337086176
3.770000000000000 0.246805714907408
3.780000000000000 0.245679209373673
3.790000000000000 0.244553837416100
3.800000000000000 0.243429615663163
3.810000000000000 0.242349564604018
3.820000000000000 0.241270616571354
3.830000000000000 0.240192787062118
3.840000000000000 0.239116091294604
3.850000000000000 0.238040544212347
3.860000000000000 0.236966160487973
3.870000000000000 0.235892954526994
3.880000000000000 0.234820940471551
3.890000000000000 0.233750132204101
3.900000000000000 0.232680543351063
3.910000000000000 0.231652126627654
3.920000000000000 0.230624879842122
3.930000000000000 0.229598815689836
3.940000000000000 0.228573946630284
3.950000000000000 0.227550284890377
3.960000000000000 0.226527842467706
3.970000000000000 0.225506631133754
3.980000000000000 0.224486662437069
3.990000000000000 0.223467947706389
4.000000000000000 0.222450498053723
4.010000000000000 0.221471357351455
4.020000000000000 0.220493431159008
4.030000000000000 0.219516729824167
4.040000000000000 0.218541263494924
4.050000000000000 0.217567042122287
4.060000000000000 0.216594075463034
4.070000000000000 0.215622373082444
4.080000000000000 0.214651944356976
4.090000000000000 0.213682798476926
4.100000000000000 0.212714944449038
4.110000000000000 0.211782701193692
4.120000000000000 0.210851699031613
4.130000000000000 0.209921946343871
4.140000000000000 0.208993451342226
4.150000000000000 0.208066222071500
4.160000000000000 0.207140266411920
4.170000000000000 0.206215592081433
4.180000000000000 0.205292206637983
4.190000000000000 0.204370117481761
4.200000000000000 0.203449331857424
4.210000000000000 0.202561564886378
4.220000000000000 0.201675051307359
4.230000000000000 0.200789797854423
4.240000000000000 0.199905811118060
4.250000000000000 0.199023097547212
4.260000000000000 0.198141663451267
4.270000000000000 0.197261515002019
4.280000000000000 0.196382658235606
4.290000000000000 0.195505099054422
4.300000000000000 0.194628843228999
4.310000000000000 0.193783333000542
4.320000000000000 0.192939076808704
4.330000000000000 0.192096080008556
4.340000000000000 0.191254347833394
4.350000000000000 0.190413885396450
4.360000000000000 0.189574697692590
4.370000000000000 0.188736789599981
4.380000000000000 0.187900165881740
4.390000000000000 0.187064831187555
4.400000000000000 0.186230790055292
4.410000000000000 0.185425483855197
4.420000000000000 0.184621422876767
4.430000000000000 0.183818611321297
4.440000000000000 0.183017053286771
4.450000000000000 0.182216752769316
4.460000000000000 0.181417713664649
4.470000000000000 0.180619939769493
4.480000000000000 0.179823434782983
4.490000000000000 0.179028202308048
4.500000000000000 0.178234245852777
4.510000000000000 0.177467040815560
4.520000000000000 0.176701064960657
4.530000000000000 0.175936321525109
4.540000000000000 0.175172813658294
4.550000000000000 0.174410544423169
4.560000000000000 0.173649516797499
4.570000000000000 0.172889733675069
4.580000000000000 0.172131197866876
4.590000000000000 0.171373912102311
4.600000000000000 0.170617879030323
4.610000000000000 0.169886822477709
4.620000000000000 0.169156973329826
4.630000000000000 0.168428334018886
4.640000000000000 0.167700906902723
4.650000000000000 0.166974694265847
4.660000000000000 0.166249698320498
4.670000000000000 0.165525921207674
4.680000000000000 0.164803364998151
4.690000000000000 0.164082031693491
4.700000000000000 0.163361923227034
4.710000000000000 0.162665159263996
4.720000000000000 0.161969576500167
4.730000000000000 0.161275176697187
4.740000000000000 0.160581961553596
4.750000000000000 0.159889932705742
4.760000000000000 0.159199091728676
4.770000000000000 0.158509440137030
4.780000000000000 0.157820979385893
4.790000000000000 0.157133710871666
4.800000000000000 0.156447635932911
4.810000000000000 0.155783367765993
4.820000000000000 0.155120251318418
4.830000000000000 0.154458287794308
4.840000000000000 0.153797478344279
4.850000000000000 0.153137824066214
4.860000000000000 0.152479326006026
4.870000000000000 0.151821985158416
4.880000000000000 0.151165802467614
4.890000000000000 0.150510778828114
4.900000000000000 0.149856915085397
4.910000000000000 0.149223458111548
4.920000000000000 0.148591120944541
4.930000000000000 0.147959904326268
4.940000000000000 0.147329808953278
4.950000000000000 0.146700835477434
4.960000000000000 0.146072984506573
4.970000000000000 0.145446256605145
4.980000000000000 0.144820652294853
4.990000000000000 0.144196172055282
5.000000000000000 0.143572816324515
5.010000000000000 0.142968550194363
5.020000000000000 0.142365370302986
5.030000000000000 0.141763277010318
5.040000000000000 0.141162270637889
5.050000000000000 0.140562351469416
5.060000000000000 0.139963519751328
5.070000000000000 0.139365775693344
5.080000000000000 0.138769119469008
5.090000000000000 0.138173551216231
5.100000000000000 0.137579071037820
5.110000000000000 0.137002470156491
5.120000000000000 0.136426920861320
5.130000000000000 0.135852423197944
5.140000000000000 0.135278977179523
5.150000000000000 0.134706582787227
5.160000000000000 0.134135239970713
5.170000000000000 0.133564948648603
5.180000000000000 0.132995708708944
5.190000000000000 0.132427520009677
5.200000000000000 0.131860382379087
5.210000000000000 0.131309993873295
5.220000000000000 0.130760621716600
5.230000000000000 0.130212265697346
5.240000000000000 0.129664925576443
5.250000000000000 0.129118601087789
5.260000000000000 0.128573291938682
5.270000000000000 0.128028997810220
5.280000000000000 0.127485718357709
5.290000000000000 0.126943453211053
5.300000000000000 0.126402201975145
5.310000000000000 0.125876681194700
5.320000000000000 0.125352141264618
5.330000000000000 0.124828581764057
5.340000000000000 0.124306002249050
5.350000000000000 0.123784402252864
5.360000000000000 0.123263781286348
5.370000000000000 0.122744138838287
5.380000000000000 0.122225474375744
5.390000000000000 0.121707787344397
5.400000000000000 0.121191077168877
5.410000000000000 0.120689106023311
5.420000000000000 0.120188080384233
5.430000000000000 0.119687999662000
5.440000000000000 0.119188863247515
5.450000000000000 0.118690670512536
5.460000000000000 0.118193420809981
5.470000000000000 0.117697113474221
5.480000000000000 0.117201747821381
5.490000000000000 0.116707323149629
5.500000000000000 0.116213838739464
5.510000000000000 0.115734234565487
5.520000000000000 0.115255540816718
5.530000000000000 0.114777756768898
5.540000000000000 0.114300881681452
5.550000000000000 0.113824914797750
5.560000000000000 0.113349855345369
5.570000000000000 0.112875702536350
5.580000000000000 0.112402455567451
5.590000000000000 0.111930113620400
5.600000000000000 0.111458675862138
5.610000000000000 0.111000233261932
5.620000000000000 0.110542666661187
5.630000000000000 0.110085975229479
5.640000000000000 0.109630158122741
5.650000000000000 0.109175214483491
5.660000000000000 0.108721143441057
5.670000000000000 0.108267944111795
5.680000000000000 0.107815615599309
5.690000000000000 0.107364156994667
5.700000000000000 0.106913567376611
5.710000000000000 0.106475212882528
5.720000000000000 0.106037700621844
5.730000000000000 0.105601029682068
5.740000000000000 0.105165199139351
5.750000000000000 0.104730208058680
5.760000000000000 0.104296055494075
5.770000000000000 0.103862740488772
5.780000000000000 0.103430262075416
5.790000000000000 0.102998619276246
5.800000000000000 0.102567811103275
5.810000000000000 0.102148500288233
5.820000000000000 0.101729998785527
5.830000000000000 0.101312305620697
5.840000000000000 0.100895419809873
5.850000000000000 0.100479340359945
5.860000000000000 0.100064066268729
5.870000000000000 0.099649596525130
5.880000000000000 0.099235930109300
5.890000000000000 0.098823065992805
5.900000000000000 0.098411003138774
5.910000000000000 0.098009780431658
5.920000000000000 0.097609334978861
5.930000000000000 0.097209665760882
5.940000000000000 0.096810771750480
5.950000000000000 0.096412651912812
5.960000000000000 0.096015305205578
5.970000000000000 0.095618730579160
5.980000000000000 0.095222926976765
5.990000000000000 0.094827893334559
6.000000000000000 0.094433628581800
6.010000000000000 0.094049578935991
6.020000000000000 0.093666275441771
6.030000000000000 0.093283717048697
6.040000000000000 0.092901902700003
6.050000000000000 0.092520831332723
6.060000000000000 0.092140501877811
6.070000000000000 0.091760913260267
6.080000000000000 0.091382064399251
6.090000000000000 0.091003954208207
6.100000000000000 0.090626581594973
6.110000000000000 0.090258805152116
6.120000000000000 0.089891744834140
6.130000000000000 0.089525399571240
6.140000000000000 0.089159768288493
6.150000000000000 0.088794849905972
6.160000000000000 0.088430643338845
6.170000000000000 0.088067147497483
6.180000000000000 0.087704361287561
6.190000000000000 0.087342283610162
6.200000000000000 0.086980913361874
6.210000000000000 0.086628597742422
6.220000000000000 0.086276969238181
6.230000000000000 0.085926026769721
6.240000000000000 0.085575769253528
6.250000000000000 0.085226195602097
6.260000000000000 0.084877304724021
6.270000000000000 0.084529095524082
6.280000000000000 0.084181566903339
6.290000000000000 0.083834717759215
6.300000000000000 0.083488546985586
6.310000000000000 0.083150904411740
6.320000000000000 0.082813921018654
6.330000000000000 0.082477595725232
6.340000000000000 0.082141927447168
6.350000000000000 0.081806915097032
6.360000000000000 0.081472557584342
6.370000000000000 0.081138853815644
6.380000000000000 0.080805802694589
6.390000000000000 0.080473403122007
6.400000000000000 0.080141653995979
6.410000000000000 0.079817975733962
6.420000000000000 0.079494929717666
6.430000000000000 0.079172514871008
6.440000000000000 0.078850730115445
6.450000000000000 0.078529574370038
6.460000000000000 0.078209046551524
6.470000000000000 0.077889145574379
6.480000000000000 0.077569870350886
6.490000000000000 0.077251219791199
6.500000000000000 0.076933192803405
6.510000000000000 0.076622764099023
6.520000000000000 0.076312941798368
6.530000000000000 0.076003724835627
6.540000000000000 0.075695112143163
6.550000000000000 0.075387102651567
6.560000000000000 0.075079695289717
6.570000000000000 0.074772888984837
6.580000000000000 0.074466682662551
6.590000000000000 0.074161075246942
6.600000000000000 0.073856065660600
6.610000000000000 0.073558236381799
6.620000000000000 0.073260988687413
6.630000000000000 0.072964321526254
6.640000000000000 0.072668233845841
6.650000000000000 0.072372724592454
6.660000000000000 0.072077792711177
6.670000000000000 0.071783437145951
6.680000000000000 0.071489656839621
6.690000000000000 0.071196450733985
6.700000000000000 0.070903817769839
6.710000000000000 0.070617954665406
6.720000000000000 0.070332649370639
6.730000000000000 0.070047900852370
6.740000000000000 0.069763708076590
6.750000000000000 0.069480070008493
6.760000000000000 0.069196985612518
6.770000000000000 0.068914453852394
6.780000000000000 0.068632473691178
6.790000000000000 0.068351044091296
6.800000000000000 0.068070164014585
6.810000000000000 0.067795697924767
6.820000000000000 0.067521766826978
6.830000000000000 0.067248369708868
6.840000000000000 0.066975505557631
6.850000000000000 0.066703173360036
6.860000000000000 0.066431372102470
6.870000000000000 0.066160100770969
6.880000000000000 0.065889358351256
6.890000000000000 0.065619143828776
6.900000000000000 0.065349456188727
6.910000000000000 0.065085825085697
6.920000000000000 0.064822707140624
6.930000000000000 0.064560101364050
6.940000000000000 0.064298006766379
6.950000000000000 0.064036422357906
6.960000000000000 0.063775347148852
6.970000000000000 0.063514780149395
6.980000000000000 0.063254720369696
6.990000000000000 0.062995166819933
7.000000000000000 0.062736118510329
7.010000000000000 0.062482787350344
7.020000000000000 0.062229948475545
7.030000000000000 0.061977600920898
7.040000000000000 0.061725743721503
7.050000000000000 0.061474375912614
7.060000000000000 0.061223496529669
7.070000000000000 0.060973104608315
7.080000000000000 0.060723199184436
7.090000000000000 0.060473779294176
7.100000000000000 0.060224843973965
7.110000000000000 0.059981318160315
7.120000000000000 0.059738264664458
7.130000000000000 0.059495682546947
7.140000000000000 0.059253570868686
7.150000000000000 0.059011928690958
7.160000000000000 0.058770755075442
7.170000000000000 0.058530049084237
7.180000000000000 0.058289809779887
7.190000000000000 0.058050036225399
7.200000000000000 0.057810727484266
7.210000000000000 0.057576543058428
7.220000000000000 0.057342811848765
7.230000000000000 0.057109532942225
7.240000000000000 0.056876705426296
7.250000000000000 0.056644328389020
7.260000000000000 0.056412400919016
7.270000000000000 0.056180922105497
7.280000000000000 0.055949891038290
7.290000000000000 0.055719306807855
7.300000000000000 0.055489168505299
7.310000000000000 0.055263873607914
7.320000000000000 0.055039013686056
7.330000000000000 0.054814587853519
7.340000000000000 0.054590595224783
7.350000000000000 0.054367034915036
7.360000000000000 0.054143906040185
7.370000000000000 0.053921207716876
7.380000000000000 0.053698939062506
7.390000000000000 0.053477099195243
7.400000000000000 0.053255687234038
7.410000000000000 0.053038851327146
7.420000000000000 0.052822432988554
7.430000000000000 0.052606431359082
7.440000000000000 0.052390845580362
7.450000000000000 0.052175674794853
7.460000000000000 0.051960918145853
7.470000000000000 0.051746574777511
7.480000000000000 0.051532643834844
7.490000000000000 0.051319124463748
7.500000000000000 0.051106015811011
7.510000000000000 0.050897241392760
7.520000000000000 0.050688867914492
7.530000000000000 0.050480894544082
7.540000000000000 0.050273320450313
7.550000000000000 0.050066144802894
7.560000000000000 0.049859366772465
7.570000000000000 0.049652985530613
7.580000000000000 0.049447000249880
7.590000000000000 0.049241410103778
7.600000000000000 0.049036214266793
7.610000000000000 0.048835130800464
7.620000000000000 0.048634432380660
7.630000000000000 0.048434118202193
7.640000000000000 0.048234187460861
7.650000000000000 0.048034639353461
7.660000000000000 0.047835473077798
7.670000000000000 0.047636687832696
7.680000000000000 0.047438282818006
7.690000000000000 0.047240257234614
7.700000000000000 0.047042610284454
7.710000000000000 0.046848844233575
7.720000000000000 0.046655448085868
7.730000000000000 0.046462421062714
7.740000000000000 0.046269762386543
7.750000000000000 0.046077471280845
7.760000000000000 0.045885546970175
7.770000000000000 0.045693988680161
7.780000000000000 0.045502795637512
7.790000000000000 0.045311967070029
7.800000000000000 0.045121502206607
7.810000000000000 0.044934711692970
7.820000000000000 0.044748276631770
7.830000000000000 0.044562196270541
7.840000000000000 0.044376469857916
7.850000000000000 0.044191096643631
7.860000000000000 0.044006075878528
7.870000000000000 0.043821406814566
7.880000000000000 0.043637088704826
7.890000000000000 0.043453120803517
7.900000000000000 0.043269502365982
7.910000000000000 0.043089362196466
7.920000000000000 0.042909563693047
7.930000000000000 0.042730106128908
7.940000000000000 0.042550988778359
7.950000000000000 0.042372210916844
7.960000000000000 0.042193771820948
7.970000000000000 0.042015670768399
7.980000000000000 0.041837907038078
7.990000000000000 0.041660479910020
8.000000000000000 0.041483388665418
8.010000000000000 0.041309593422268
8.020000000000000 0.041136126687659
8.029999999999999 0.040962987759850
8.039999999999999 0.040790175938252
8.050000000000001 0.040617690523431
8.060000000000000 0.040445530817114
8.070000000000000 0.040273696122193
8.080000000000000 0.040102185742726
8.090000000000000 0.039930998983945
8.100000000000000 0.039760135152258
8.109999999999999 0.039592386602845
8.119999999999999 0.039424954021856
8.130000000000001 0.039257836731967
8.140000000000001 0.039091034057021
8.150000000000000 0.038924545322029
8.160000000000000 0.038758369853174
8.170000000000000 0.038592506977813
8.180000000000000 0.038426956024482
8.190000000000000 0.038261716322896
8.199999999999999 0.038096787203959
8.210000000000001 0.037934805820495
8.220000000000001 0.037773128447448
8.230000000000000 0.037611754431232
8.240000000000000 0.037450683119429
8.250000000000000 0.037289913860799
8.260000000000000 0.037129446005273
8.270000000000000 0.036969278903964
8.279999999999999 0.036809411909163
8.289999999999999 0.036649844374347
8.300000000000001 0.036490575654177
8.310000000000000 0.036334092777906
8.320000000000000 0.036177902515790
8.330000000000000 0.036022004237253
8.340000000000000 0.035866397312888
8.350000000000000 0.035711081114462
8.359999999999999 0.035556055014912
8.369999999999999 0.035401318388356
8.380000000000001 0.035246870610085
8.390000000000001 0.035092711056572
8.400000000000000 0.034938839105471
8.410000000000000 0.034787603249594
8.420000000000000 0.034636649139951
8.430000000000000 0.034485976168250
8.440000000000000 0.034335583727361
8.449999999999999 0.034185471211321
8.460000000000001 0.034035638015332
8.470000000000001 0.033886083535768
8.480000000000000 0.033736807170167
8.490000000000000 0.033587808317243
8.500000000000000 0.033439086376879
8.510000000000000 0.033292857668347
8.520000000000000 0.033146900343645
8.529999999999999 0.033001213816022
8.539999999999999 0.032855797499879
8.550000000000001 0.032710650810773
8.560000000000000 0.032565773165416
8.570000000000000 0.032421163981675
8.580000000000000 0.032276822678579
8.590000000000000 0.032132748676310
8.600000000000000 0.031988941396211
8.609999999999999 0.031847485908598
8.619999999999999 0.031706291935743
8.630000000000001 0.031565358911662
8.640000000000001 0.031424686271513
8.650000000000000 0.031284273451593
8.660000000000000 0.031144119889339
8.670000000000000 0.031004225023332
8.680000000000000 0.030864588293293
8.690000000000000 0.030725209140087
8.699999999999999 0.030586087005720
8.710000000000001 0.030449186634678
8.720000000000001 0.030312538370888
8.730000000000000 0.030176141668387
8.740000000000000 0.030039995982332
8.750000000000000 0.029904100769006
8.760000000000000 0.029768455485814
8.770000000000000 0.029633059591287
8.779999999999999 0.029497912545078
8.789999999999999 0.029363013807963
8.800000000000001 0.029228362841844
8.810000000000000 0.029095809528813
8.820000000000000 0.028963499356413
8.830000000000000 0.028831431797950
8.840000000000000 0.028699606327837
8.850000000000000 0.028568022421589
8.859999999999999 0.028436679555826
8.869999999999999 0.028305577207693
8.880000000000001 0.028174714857183
8.890000000000001 0.028044091983641
8.900000000000000 0.027913708068666
8.910000000000000 0.027785297159219
8.920000000000000 0.027657120856510
8.930000000000000 0.027529178652354
8.940000000000000 0.027401470039649
8.949999999999999 0.027273994512376
8.960000000000001 0.027146751565599
8.970000000000001 0.027019740695466
8.980000000000000 0.026892961399205
8.990000000000000 0.026766413175124
9.000000000000000 0.026640095522613
9.010000000000000 0.026515636163455
9.020000000000000 0.026391403281599
9.029999999999999 0.026267396386633
9.039999999999999 0.026143614989208
9.050000000000001 0.026020058601033
9.060000000000000 0.025896726734881
9.070000000000000 0.025773618904582
9.080000000000000 0.025650734625025
9.090000000000000 0.025528073412156
9.100000000000000 0.025405634782980
9.109999999999999 0.025284947976308
9.119999999999999 0.025164479897462
9.130000000000001 0.025044230073102
9.140000000000001 0.024924198030920
9.150000000000000 0.024804383299651
9.160000000000000 0.024684785409064
9.170000000000000 0.024565403889963
9.180000000000000 0.024446238274189
9.190000000000000 0.024327288094613
9.199999999999999 0.024208552885143
9.210000000000001 0.024091459703833
9.220000000000001 0.023974577878590
9.230000000000000 0.023857906952415
9.240000000000000 0.023741446469325
9.250000000000000 0.023625195974348
9.260000000000000 0.023509155013528
9.270000000000000 0.023393323133915
9.279999999999999 0.023277699883574
9.289999999999999 0.023162284811576
9.300000000000001 0.023047077468001
9.310000000000000 0.022933409005429
9.320000000000000 0.022819944883699
9.330000000000000 0.022706684661460
9.340000000000000 0.022593627898351
9.350000000000000 0.022480774155001
9.359999999999999 0.022368122993028
9.369999999999999 0.022255673975033
9.380000000000001 0.022143426664606
9.390000000000001 0.022031380626318
9.400000000000000 0.021919535425724
9.410000000000000 0.021809133947487
9.420000000000000 0.021698930128172
9.430000000000000 0.021588923541418
9.440000000000000 0.021479113761825
9.449999999999999 0.021369500364960
9.460000000000001 0.021260082927353
9.470000000000001 0.021150861026492
9.480000000000000 0.021041834240830
9.490000000000000 0.020933002149777
9.500000000000000 0.020824364333699
9.510000000000000 0.020717070690016
9.520000000000000 0.020609968356879
9.529999999999999 0.020503056922236
9.539999999999999 0.020396335974973
9.550000000000001 0.020289805104919
9.560000000000000 0.020183463902839
9.570000000000000 0.020077311960434
9.580000000000000 0.019971348870343
9.590000000000000 0.019865574226137
9.600000000000000 0.019759987622319
9.609999999999999 0.019655655995813
9.619999999999999 0.019551509637848
9.630000000000001 0.019447548150055
9.640000000000001 0.019343771134979
9.650000000000000 0.019240178196081
9.660000000000000 0.019136768937735
9.670000000000000 0.019033542965227
9.680000000000000 0.018930499884753
9.690000000000000 0.018827639303421
9.699999999999999 0.018724960829242
9.710000000000001 0.018623445661172
9.720000000000001 0.018522110023074
9.730000000000000 0.018420953529629
9.740000000000000 0.018319975796409
9.750000000000000 0.018219176439876
9.760000000000000 0.018118555077384
9.770000000000000 0.018018111327171
9.779999999999999 0.017917844808364
9.789999999999999 0.017817755140974
9.800000000000001 0.017717841945893
9.810000000000000 0.017619006582453
9.820000000000000 0.017520345295026
9.830000000000000 0.017421857710745
9.840000000000000 0.017323543457609
9.850000000000000 0.017225402164487
9.859999999999999 0.017127433461112
9.869999999999999 0.017029636978080
9.880000000000001 0.016932012346850
9.890000000000001 0.016834559199741
9.900000000000000 0.016737277169933
9.910000000000000 0.016640988196369
9.920000000000000 0.016544868121085
9.930000000000000 0.016448916583076
9.940000000000000 0.016353133222187
9.949999999999999 0.016257517679103
9.960000000000001 0.016162069595354
9.970000000000001 0.016066788613307
9.980000000000000 0.015971674376171
9.990000000000000 0.015876726527989
10.000000000000000 0.015781944713642
