0.000000000000000 0.000000000000000
0.010000000000000 0.000095265484327
0.020000000000000 0.000384127426118
0.030000000000000 0.000870946308248
0.040000000000000 0.001559768921721
0.050000000000000 0.002454332796409
0.060000000000000 0.003558070969583
0.070000000000000 0.004874117072954
0.080000000000000 0.006405310718518
0.090000000000000 0.008154203163231
0.100000000000000 0.010123063232350
0.110000000000000 0.012314358006468
0.120000000000000 0.014729505926550
0.130000000000000 0.017369984650562
0.140000000000000 0.020237014466304
0.150000000000000 0.023331565213373
0.160000000000000 0.026654363344192
0.170000000000000 0.030205899104807
0.180000000000000 0.033986433816526
0.190000000000000 0.037996007239960
0.200000000000000 0.042234445003520
0.210000000000000 0.046677631064436
0.220000000000000 0.051344587547649
0.230000000000000 0.056234354617711
0.240000000000000 0.061345799185269
0.250000000000000 0.066677622195839
0.260000000000000 0.072228365881605
0.270000000000000 0.077996420963492
0.280000000000000 0.083980033791458
0.290000000000000 0.090177313411675
0.300000000000000 0.096586238549990
0.310000000000000 0.103107480722072
0.320000000000000 0.109825286069464
0.330000000000000 0.116737049802363
0.340000000000000 0.123840082370071
0.350000000000000 0.131131615379391
0.360000000000000 0.138608807377770
0.370000000000000 0.146268749496527
0.380000000000000 0.154108470950053
0.390000000000000 0.162124944387451
0.400000000000000 0.170315091093659
0.410000000000000 0.178449294528961
0.420000000000000 0.186733416131192
0.430000000000000 0.195164094155341
0.440000000000000 0.203737956191509
0.450000000000000 0.212451622840920
0.460000000000000 0.221301711240597
0.470000000000000 0.230284838437879
0.480000000000000 0.239397624616209
0.490000000000000 0.248636696173918
0.500000000000000 0.257998688657970
0.510000000000000 0.267087373911357
0.520000000000000 0.276269788756123
0.530000000000000 0.285542590664481
0.540000000000000 0.294902476182249
0.550000000000000 0.304346182347684
0.560000000000000 0.313870487996839
0.570000000000000 0.323472214959079
0.580000000000000 0.333148229146446
0.590000000000000 0.342895441540541
0.600000000000000 0.352710809080643
0.610000000000000 0.362024109419007
0.620000000000000 0.371374643150673
0.630000000000000 0.380759626169548
0.640000000000000 0.390176338104707
0.650000000000000 0.399622122002044
0.660000000000000 0.409094383949319
0.670000000000000 0.418590592648130
0.680000000000000 0.428108278936249
0.690000000000000 0.437645035263695
0.700000000000000 0.447198515125738
0.710000000000000 0.456055175053451
0.720000000000000 0.464899414301565
0.730000000000000 0.473729282947025
0.740000000000000 0.482542899377808
0.750000000000000 0.491338448937268
0.760000000000000 0.500114182562698
0.770000000000000 0.508868415420318
0.780000000000000 0.517599525538803
0.790000000000000 0.526305952443340
0.800000000000000 0.534986195792060
0.810000000000000 0.542836835510379
0.820000000000000 0.550636276661310
0.830000000000000 0.558383457565846
0.840000000000000 0.566077376630125
0.850000000000000 0.573717090573831
0.860000000000000 0.581301712686631
0.870000000000000 0.588830411113408
0.880000000000000 0.596302407168982
0.890000000000000 0.603716973682854
0.900000000000000 0.611073433374515
0.910000000000000 0.617549641936466
0.920000000000000 0.623948170003666
0.930000000000000 0.630268747657979
0.940000000000000 0.636511150743604
0.950000000000000 0.642675199114358
0.960000000000000 0.648760754925206
0.970000000000000 0.654767720967687
0.980000000000000 0.660696039048862
0.990000000000000 0.666545688413367
1.000000000000000 0.672316684208097
1.010000000000000 0.677228468866626
1.020000000000000 0.682047525496631
1.030000000000000 0.686774204737986
1.040000000000000 0.691408887512046
1.050000000000000 0.695951983525124
1.060000000000000 0.700403929819264
1.070000000000000 0.704765189369378
1.080000000000000 0.709036249725822
1.090000000000000 0.713217621701439
1.100000000000000 0.717309838102126
1.110000000000000 0.720630278430526
1.120000000000000 0.723852512395013
1.130000000000000 0.726977319552352
1.140000000000000 0.730005495986611
1.150000000000000 0.732937853157101
1.160000000000000 0.735775216788938
1.170000000000000 0.738518425805067
1.180000000000000 0.741168331298666
1.190000000000000 0.743725795544795
1.200000000000000 0.746191691050213
1.210000000000000 0.748009950688789
1.220000000000000 0.749731600024057
1.230000000000000 0.751357673936111
1.240000000000000 0.752889213063589
1.250000000000000 0.754327262989905
1.260000000000000 0.755672873464107
1.270000000000000 0.756927097655236
1.280000000000000 0.758090991439172
1.290000000000000 0.759165612716894
1.300000000000000 0.760152020763163
1.310000000000000 0.760637946386373
1.320000000000000 0.761033620998582
1.330000000000000 0.761340194465815
1.340000000000000 0.761558814816878
1.350000000000000 0.761690627715888
1.360000000000000 0.761736775960900
1.370000000000000 0.761698399007724
1.380000000000000 0.761576632518033
1.390000000000000 0.761372607930894
1.400000000000000 0.761087452056891
1.410000000000000 0.760448961184631
1.420000000000000 0.759729317604251
1.430000000000000 0.758929684506647
1.440000000000000 0.758051218430682
1.450000000000000 0.757095068955437
1.460000000000000 0.756062378411028
1.470000000000000 0.754954281607252
1.480000000000000 0.753771905579411
1.490000000000000 0.752516369350607
1.500000000000000 0.751188783709881
1.510000000000000 0.749646315627042
1.520000000000000 0.748033018811489
1.530000000000000 0.746350002438188
1.540000000000000 0.744598366392796
1.550000000000000 0.742779201120352
1.560000000000000 0.740893587486508
1.570000000000000 0.738942596650748
1.580000000000000 0.736927289951132
1.590000000000000 0.734848718800026
1.600000000000000 0.732707924590382
1.610000000000000 0.730472344738190
1.620000000000000 0.728176408536722
1.630000000000000 0.725821131820930
1.640000000000000 0.723407520058655
1.650000000000000 0.720936568303383
1.660000000000000 0.718409261155040
1.670000000000000 0.715826572728457
1.680000000000000 0.713189466629147
1.690000000000000 0.710498895936051
1.700000000000000 0.707755803190915
1.710000000000000 0.705017566791203
1.720000000000000 0.702228914356611
1.730000000000000 0.699390749513969
1.740000000000000 0.696503965478159
1.750000000000000 0.693569445069242
1.760000000000000 0.690588060734455
1.770000000000000 0.687560674574804
1.780000000000000 0.684488138376049
1.790000000000000 0.681371293643799
1.800000000000000 0.678210971642529
1.810000000000000 0.675132904212940
1.820000000000000 0.672013438765406
1.830000000000000 0.668853361975627
1.840000000000000 0.665653450686393
1.850000000000000 0.662414471960935
1.860000000000000 0.659137183138978
1.870000000000000 0.655822331895361
1.880000000000000 0.652470656301022
1.890000000000000 0.649082884886246
1.900000000000000 0.645659736705981
1.910000000000000 0.642376878117599
1.920000000000000 0.639060545881139
1.930000000000000 0.635711413718484
1.940000000000000 0.632330146430706
1.950000000000000 0.628917399968735
1.960000000000000 0.625473821505341
1.970000000000000 0.622000049508345
1.980000000000000 0.618496713814939
1.990000000000000 0.614964435707021
2.000000000000000 0.611403827987463
2.010000000000000 0.608023765219936
2.020000000000000 0.604617024429250
2.030000000000000 0.601184175415366
2.040000000000000 0.597725780105913
2.050000000000000 0.594242392632183
2.060000000000000 0.590734559405603
2.070000000000000 0.587202819194588
2.080000000000000 0.583647703201729
2.090000000000000 0.580069735141260
2.100000000000000 0.576469431316736
2.110000000000000 0.573075867179085
2.120000000000000 0.569661344674382
2.130000000000000 0.566226341032949
2.140000000000000 0.562771326674919
2.150000000000000 0.559296765284444
2.160000000000000 0.555803113883865
2.170000000000000 0.552290822907792
2.180000000000000 0.548760336277060
2.190000000000000 0.545212091472535
2.200000000000000 0.541646519608727
2.210000000000000 0.538302321293873
2.220000000000000 0.534941906075102
2.230000000000000 0.531565670624597
2.240000000000000 0.528174005808476
2.250000000000000 0.524767296755358
2.260000000000000 0.521345922924587
2.270000000000000 0.517910258174137
2.280000000000000 0.514460670828133
2.290000000000000 0.510997523744008
2.300000000000000 0.507521174379255
2.310000000000000 0.504271911693136
2.320000000000000 0.501010313473598
2.330000000000000 0.497736707475010
2.340000000000000 0.494451416554988
2.350000000000000 0.491154758735522
2.360000000000000 0.487847047263655
2.370000000000000 0.484528590671708
2.380000000000000 0.481199692837030
2.390000000000000 0.477860653041278
2.400000000000000 0.474511766029204
2.410000000000000 0.471388978882451
2.420000000000000 0.468256999341572
2.430000000000000 0.465116096951727
2.440000000000000 0.461966537161274
2.450000000000000 0.458808581374987
2.460000000000000 0.455642487006778
2.470000000000000 0.452468507531939
2.480000000000000 0.449286892538881
2.490000000000000 0.446097887780376
2.500000000000000 0.442901735224295
2.510000000000000 0.439926003197506
2.520000000000000 0.436943599733381
2.530000000000000 0.433954745680798
2.540000000000000 0.430959658481538
2.550000000000000 0.427958552215837
2.560000000000000 0.424951637647459
2.570000000000000 0.421939122268298
2.580000000000000 0.418921210342493
2.590000000000000 0.415898102950073
2.600000000000000 0.412869998030121
2.610000000000000 0.410053504299000
2.620000000000000 0.407232342905643
2.630000000000000 0.404406694253505
2.640000000000000 0.401576735925066
2.650000000000000 0.398742642720359
2.660000000000000 0.395904586695044
2.670000000000000 0.393062737198054
2.680000000000000 0.390217260908799
2.690000000000000 0.387368321873939
2.700000000000000 0.384516081543716
2.710000000000000 0.381864375912579
2.720000000000000 0.379209581250338
2.730000000000000 0.376551844561598
2.740000000000000 0.373891310522681
2.750000000000000 0.371228121513928
2.760000000000000 0.368562417651588
2.770000000000000 0.365894336819330
2.780000000000000 0.363224014699368
2.790000000000000 0.360551584803197
2.800000000000000 0.357877178501950
2.810000000000000 0.355391165141306
2.820000000000000 0.352903295015093
2.830000000000000 0.350413687661256
2.840000000000000 0.347922460700453
2.850000000000000 0.345429729862944
2.860000000000000 0.342935609015143
2.870000000000000 0.340440210185843
2.880000000000000 0.337943643592086
2.890000000000000 0.335446017664721
2.900000000000000 0.332947439073623
2.910000000000000 0.330624575024874
2.920000000000000 0.328300806400177
2.930000000000000 0.325976230222599
2.940000000000000 0.323650941938767
2.950000000000000 0.321325035441168
2.960000000000000 0.318998603090151
2.970000000000000 0.316671735735645
2.980000000000000 0.314344522738588
2.990000000000000 0.312017051992085
3.000000000000000 0.309689409942265
3.010000000000000 0.307524686285780
3.020000000000000 0.305359785303077
3.030000000000000 0.303194785608118
3.040000000000000 0.301029764519898
3.050000000000000 0.298864798080870
3.060000000000000 0.296699961075125
3.070000000000000 0.294535327046326
3.080000000000000 0.292370968315401
3.090000000000000 0.290206955998003
3.100000000000000 0.288043360021728
3.110000000000000 0.286030083104158
3.120000000000000 0.284017176588909
3.130000000000000 0.282004704067347
3.140000000000000 0.279992728067587
3.150000000000000 0.277981310069681
3.160000000000000 0.275970510520604
3.170000000000000 0.273960388849033
3.180000000000000 0.271951003479929
3.190000000000000 0.269942411848921
3.200000000000000 0.267934670416484
3.210000000000000 0.266065213633994
3.220000000000000 0.264196532383222
3.230000000000000 0.262328678012507
3.240000000000000 0.260461700997318
3.250000000000000 0.258595650952752
3.260000000000000 0.256730576645874
3.270000000000000 0.254866526007884
3.280000000000000 0.253003546146111
3.290000000000000 0.251141683355852
3.300000000000000 0.249280983132038
3.310000000000000 0.247547207800553
3.320000000000000 0.245814500454012
3.330000000000000 0.244082902473241
3.340000000000000 0.242352454522415
3.350000000000000 0.240623196559337
3.360000000000000 0.238895167845591
3.370000000000000 0.237168406956548
3.380000000000000 0.235442951791231
3.390000000000000 0.233718839582046
3.400000000000000 0.231996106904383
3.410000000000000 0.230389524136904
3.420000000000000 0.228784213499440
3.430000000000000 0.227180208266459
3.440000000000000 0.225577541123831
3.450000000000000 0.223976244177284
3.460000000000000 0.222376348960753
3.470000000000000 0.220777886444604
3.480000000000000 0.219180887043750
3.490000000000000 0.217585380625653
3.500000000000000 0.215991396518208
3.510000000000000 0.214503530861090
3.520000000000000 0.213017072623854
3.530000000000000 0.211532048492878
3.540000000000000 0.210048484670873
3.550000000000000 0.208566406883841
3.560000000000000 0.207085840387937
3.570000000000000 0.205606809976235
3.580000000000000 0.204129339985404
3.590000000000000 0.202653454302288
3.600000000000000 0.201179176370390
3.610000000000000 0.199801826319792
3.620000000000000 0.198425965524656
3.630000000000000 0.197051615319721
3.640000000000000 0.195678796642061
3.650000000000000 0.194307530036812
3.660000000000000 0.192937835662819
3.670000000000000 0.191569733298203
3.680000000000000 0.190203242345855
3.690000000000000 0.188838381838843
3.700000000000000 0.187475170445759
3.710000000000000 0.186200421121961
3.720000000000000 0.184927201830776
3.730000000000000 0.183655529562536
3.740000000000000 0.182385420980422
3.750000000000000 0.181116892425170
3.760000000000000 0.179849959919727
3.770000000000000 0.178584639173835
3.780000000000000 0.177320945588549
3.790000000000000 0.176058894260693
3.800000000000000 0.174798499987262
3.810000000000000 0.173618737420434
3.820000000000000 0.172440514568525
3.830000000000000 0.171263844897962
3.840000000000000 0.170088741605841
3.850000000000000 0.168915217623810
3.860000000000000 0.167743285621900
3.870000000000000 0.166572958012305
3.880000000000000 0.165404246953105
3.890000000000000 0.164237164351941
3.900000000000000 0.163071721869635
3.910000000000000 0.161979710335440
3.920000000000000 0.160889224971425
3.930000000000000 0.159800276387997
3.940000000000000 0.158712874973675
3.950000000000000 0.157627030898292
3.960000000000000 0.156542754116161
3.970000000000000 0.155460054369183
3.980000000000000 0.154378941189928
3.990000000000000 0.153299423904660
4.000000000000000 0.152221511636327
4.010000000000000 0.151210644984834
4.020000000000000 0.150201273512457
4.030000000000000 0.149193405516255
4.040000000000000 0.148187049110381
4.050000000000000 0.147182212228728
4.060000000000000 0.146178902627540
4.070000000000000 0.145177127887985
4.080000000000000 0.144176895418689
4.090000000000000 0.143178212458245
4.100000000000000 0.142181086077677
4.110000000000000 0.141245036105467
4.120000000000000 0.140310438009648
4.130000000000000 0.139377298216286
4.140000000000000 0.138445623000576
4.150000000000000 0.137515418489040
4.160000000000000 0.136586690661674
4.170000000000000 0.135659445354086
4.180000000000000 0.134733688259583
4.190000000000000 0.133809424931249
4.200000000000000 0.132886660783981
4.210000000000000 0.132019585583946
4.220000000000000 0.131153910328680
4.230000000000000 0.130289639933063
4.240000000000000 0.129426779187469
4.250000000000000 0.128565332759580
4.260000000000000 0.127705305196169
4.270000000000000 0.126846700924864
4.280000000000000 0.125989524255880
4.290000000000000 0.125133779383737
4.300000000000000 0.124279470388946
4.310000000000000 0.123475986356261
4.320000000000000 0.122673844573997
4.330000000000000 0.121873048738641
4.340000000000000 0.121073602443893
4.350000000000000 0.120275509182158
4.360000000000000 0.119478772346035
4.370000000000000 0.118683395229770
4.380000000000000 0.117889381030697
4.390000000000000 0.117096732850660
4.400000000000000 0.116305453697411
4.410000000000000 0.115560554592323
4.420000000000000 0.114816936606392
4.430000000000000 0.114074602456072
4.440000000000000 0.113333554772927
4.450000000000000 0.112593796104873
4.460000000000000 0.111855328917412
4.470000000000000 0.111118155594833
4.480000000000000 0.110382278441417
4.490000000000000 0.109647699682608
4.500000000000000 0.108914421466180
4.510000000000000 0.108223461579208
4.520000000000000 0.107533720034734
4.530000000000000 0.106845198763135
4.540000000000000 0.106157899624666
4.550000000000000 0.105471824410491
4.560000000000000 0.104786974843706
4.570000000000000 0.104103352580343
4.580000000000000 0.103420959210364
4.590000000000000 0.102739796258640
4.600000000000000 0.102059865185918
4.610000000000000 0.101418589584486
4.620000000000000 0.100778469165386
4.630000000000000 0.100139505230689
4.640000000000000 0.099501699024540
4.650000000000000 0.098865051734017
4.660000000000000 0.098229564489978
4.670000000000000 0.097595238367903
4.680000000000000 0.096962074388714
4.690000000000000 0.096330073519594
4.700000000000000 0.095699236674789
4.710000000000000 0.095103725532696
4.720000000000000 0.094509307025594
4.730000000000000 0.093915981955557
4.740000000000000 0.093323751076811
4.750000000000000 0.092732615096455
4.760000000000000 0.092142574675165
4.770000000000000 0.091553630427894
4.780000000000000 0.090965782924555
4.790000000000000 0.090379032690706
4.800000000000000 0.089793380208216
4.810000000000000 0.089240037156208
4.820000000000000 0.088687725514844
4.830000000000000 0.088136445690497
4.840000000000000 0.087586198050035
4.850000000000000 0.087036982921419
4.860000000000000 0.086488800594292
4.870000000000000 0.085941651320562
4.880000000000000 0.085395535314975
4.890000000000000 0.084850452755680
4.900000000000000 0.084306403784789
4.910000000000000 0.083791928969108
4.920000000000000 0.083278426176059
4.930000000000000 0.082765895501039
4.940000000000000 0.082254337006847
4.950000000000000 0.081743750724184
4.960000000000000 0.081234136652141
4.970000000000000 0.080725494758690
4.980000000000000 0.080217824981161
4.990000000000000 0.079711127226712
5.000000000000000 0.079205401372800
5.010000000000000 0.078726771350478
5.020000000000000 0.078249056147816
5.030000000000000 0.077772255618004
5.040000000000000 0.077296369587354
5.050000000000000 0.076821397855730
5.060000000000000 0.076347340196937
5.070000000000000 0.075874196359144
5.080000000000000 0.075401966065280
5.090000000000000 0.074930649013425
5.100000000000000 0.074460244877209
5.110000000000000 0.074014685970276
5.120000000000000 0.073569987101322
5.130000000000000 0.073126147937071
5.140000000000000 0.072683168122119
5.150000000000000 0.072241047279279
5.160000000000000 0.071799785009927
5.170000000000000 0.071359380894341
5.180000000000000 0.070919834492035
5.190000000000000 0.070481145342093
5.200000000000000 0.070043312963492
5.210000000000000 0.069628273537030
5.220000000000000 0.069214041945557
5.230000000000000 0.068800617714420
5.240000000000000 0.068388000350770
5.250000000000000 0.067976189343857
5.260000000000000 0.067565184165314
5.270000000000000 0.067154984269446
5.280000000000000 0.066745589093508
5.290000000000000 0.066336998057984
5.300000000000000 0.065929210566858
5.310000000000000 0.065542348514574
5.320000000000000 0.065156244743716
5.330000000000000 0.064770898674642
5.340000000000000 0.064386309712786
5.350000000000000 0.064002477248895
5.360000000000000 0.063619400659272
5.370000000000000 0.063237079306021
5.380000000000000 0.062855512537274
5.390000000000000 0.062474699687428
5.400000000000000 0.062094640077373
5.410000000000000 0.061733812099456
5.420000000000000 0.061373695499256
5.430000000000000 0.061014289621465
5.440000000000000 0.060655593798558
5.450000000000000 0.060297607350999
5.460000000000000 0.059940329587440
5.470000000000000 0.059583759804923
5.480000000000000 0.059227897289081
5.490000000000000 0.058872741314328
5.500000000000000 0.058518291144053
5.510000000000000 0.058181508646714
5.520000000000000 0.057845393293182
5.530000000000000 0.057509944375936
5.540000000000000 0.057175161177483
5.550000000000000 0.056841042970537
5.560000000000000 0.056507589018187
5.570000000000000 0.056174798574062
5.580000000000000 0.055842670882505
5.590000000000000 0.055511205178727
5.600000000000000 0.055180400688976
5.610000000000000 0.054865904479071
5.620000000000000 0.054552033642256
5.630000000000000 0.054238787437762
5.640000000000000 0.053926165116717
5.650000000000000 0.053614165922296
5.660000000000000 0.053302789089863
5.670000000000000 0.052992033847110
5.680000000000000 0.052681899414202
5.690000000000000 0.052372385003909
5.700000000000000 0.052063489821744
5.710000000000000 0.051769573990912
5.720000000000000 0.051476244352018
5.730000000000000 0.051183500145813
5.740000000000000 0.050891340606497
5.750000000000000 0.050599764961842
5.760000000000000 0.050308772433316
5.770000000000000 0.050018362236195
5.780000000000000 0.049728533579686
5.790000000000000 0.049439285667042
5.800000000000000 0.049150617695674
5.810000000000000 0.048875764879626
5.820000000000000 0.048601461452358
5.830000000000000 0.048327706647959
5.840000000000000 0.048054499695255
5.850000000000000 0.047781839817911
5.860000000000000 0.047509726234532
5.870000000000000 0.047238158158765
5.880000000000000 0.046967134799394
5.890000000000000 0.046696655360443
5.900000000000000 0.046426719041266
5.910000000000000 0.046169525106778
5.920000000000000 0.045912846053438
5.930000000000000 0.045656681117895
5.940000000000000 0.045401029532599
5.950000000000000 0.045145890525889
5.960000000000000 0.044891263322080
5.970000000000000 0.044637147141543
5.980000000000000 0.044383541200792
5.990000000000000 0.044130444712567
6.000000000000000 0.043877856885909
6.010000000000000 0.043637034213496
6.020000000000000 0.043396694091612
6.030000000000000 0.043156835766615
6.040000000000000 0.042917458481549
6.050000000000000 0.042678561476214
6.060000000000000 0.042440143987243
6.070000000000000 0.042202205248170
6.080000000000000 0.041964744489499
6.090000000000000 0.041727760938775
6.100000000000000 0.041491253820652
6.110000000000000 0.041265625938474
6.120000000000000 0.041040450322638
6.130000000000000 0.040815726234706
6.140000000000000 0.040591452933659
6.150000000000000 0.040367629675952
6.160000000000000 0.040144255715581
6.170000000000000 0.039921330304139
6.180000000000000 0.039698852690874
6.190000000000000 0.039476822122752
6.200000000000000 0.039255237844507
6.210000000000000 0.039043714512314
6.220000000000000 0.038832615112716
6.230000000000000 0.038621938926577
6.240000000000000 0.038411685232775
6.250000000000000 0.038201853308264
6.260000000000000 0.037992442428115
6.270000000000000 0.037783451865576
6.280000000000000 0.037574880892114
6.290000000000000 0.037366728777469
6.300000000000000 0.037158994789699
6.310000000000000 0.036960559944059
6.320000000000000 0.036762522561637
6.330000000000000 0.036564881945523
6.340000000000000 0.036367637397321
6.350000000000000 0.036170788217198
6.360000000000000 0.035974333703923
6.370000000000000 0.035778273154910
6.380000000000000 0.035582605866262
6.390000000000000 0.035387331132810
6.400000000000000 0.035192448248153
6.410000000000000 0.035006176183114
6.420000000000000 0.034820276841929
6.430000000000000 0.034634749552003
6.440000000000000 0.034449593639665
6.450000000000000 0.034264808430209
6.460000000000000 0.034080393247926
6.470000000000000 0.033896347416139
6.480000000000000 0.033712670257244
6.490000000000000 0.033529361092740
6.500000000000000 0.033346419243262
6.510000000000000 0.033171459664857
6.520000000000000 0.032996849688068
6.530000000000000 0.032822588666001
6.540000000000000 0.032648675951025
6.550000000000000 0.032475110894798
6.560000000000000 0.032301892848302
6.570000000000000 0.032129021161872
6.580000000000000 0.031956495185222
6.590000000000000 0.031784314267479
6.600000000000000 0.031612477757209
6.610000000000000 0.031448044641131
6.620000000000000 0.031283939523709
6.630000000000000 0.031120161784561
6.640000000000000 0.030956710802837
6.650000000000000 0.030793585957251
6.660000000000000 0.030630786626100
6.670000000000000 0.030468312187295
6.680000000000000 0.030306162018381
6.690000000000000 0.030144335496566
6.700000000000000 0.029982831998742
6.710000000000000 0.029828199258505
6.720000000000000 0.029673874337337
6.730000000000000 0.029519856641717
6.740000000000000 0.029366145577881
6.750000000000000 0.029212740551844
6.760000000000000 0.029059640969423
6.770000000000000 0.028906846236255
6.780000000000000 0.028754355757820
6.790000000000000 0.028602168939462
6.800000000000000 0.028450285186409
6.810000000000000 0.028304782564466
6.820000000000000 0.028159568912247
6.830000000000000 0.028014643663091
6.840000000000000 0.027870006250272
6.850000000000000 0.027725656107022
6.860000000000000 0.027581592666547
6.870000000000000 0.027437815362042
6.880000000000000 0.027294323626713
6.890000000000000 0.027151116893790
6.900000000000000 0.027008194596548
6.910000000000000 0.026871205234952
6.920000000000000 0.026734487231162
6.930000000000000 0.026598040045109
6.940000000000000 0.026461863136804
6.950000000000000 0.026325955966356
6.960000000000000 0.026190317993986
6.970000000000000 0.026054948680041
6.980000000000000 0.025919847485010
6.990000000000000 0.025785013869539
7.000000000000000 0.025650447294443
7.010000000000000 0.025521398827827
7.020000000000000 0.025392605266617
7.030000000000000 0.025264066096843
7.040000000000000 0.025135780804731
7.050000000000000 0.025007748876719
7.060000000000000 0.024879969799463
7.070000000000000 0.024752443059855
7.080000000000000 0.024625168145035
7.090000000000000 0.024498144542400
7.100000000000000 0.024371371739618
7.110000000000000 0.024249738519358
7.120000000000000 0.024128344825808
7.130000000000000 0.024007190170465
7.140000000000000 0.023886274065112
7.150000000000000 0.023765596021829
7.160000000000000 0.023645155553003
7.170000000000000 0.023524952171342
7.180000000000000 0.023404985389881
7.190000000000000 0.023285254721993
7.200000000000000 0.023165759681402
7.210000000000000 0.023051047229782
7.220000000000000 0.022936559944076
7.230000000000000 0.022822297360457
7.240000000000000 0.022708259015452
7.250000000000000 0.022594444445953
7.260000000000000 0.022480853189228
7.270000000000000 0.022367484782928
7.280000000000000 0.022254338765095
7.290000000000000 0.022141414674171
7.300000000000000 0.022028712049007
7.310000000000000 0.021920469227985
7.320000000000000 0.021812438146591
7.330000000000000 0.021704618364829
7.340000000000000 0.021597009443114
7.350000000000000 0.021489610942274
7.360000000000000 0.021382422423565
7.370000000000000 0.021275443448675
7.380000000000000 0.021168673579729
7.390000000000000 0.021062112379298
7.400000000000000 0.020955759410407
7.410000000000000 0.020853568418436
7.420000000000000 0.020751576610209
7.430000000000000 0.020649783568664
7.440000000000000 0.020548188877187
7.450000000000000 0.020446792119620
7.460000000000000 0.020345592880268
7.470000000000000 0.020244590743900
7.480000000000000 0.020143785295761
7.490000000000000 0.020043176121572
7.500000000000000 0.019942762807541
7.510000000000000 0.019846226584884
7.520000000000000 0.019749877821017
7.530000000000000 0.019653716120833
7.540000000000000 0.019557741089704
7.550000000000000 0.019461952333480
7.560000000000000 0.019366349458503
7.570000000000000 0.019270932071601
7.580000000000000 0.019175699780104
7.590000000000000 0.019080652191839
7.600000000000000 0.018985788915142
7.610000000000000 0.018894547849571
7.620000000000000 0.018803483273756
7.630000000000000 0.018712594813594
7.640000000000000 0.018621882095475
7.650000000000000 0.018531344746291
7.660000000000000 0.018440982393436
7.670000000000000 0.018350794664811
7.680000000000000 0.018260781188830
7.690000000000000 0.018170941594421
7.700000000000000 0.018081275511033
7.710000000000000 0.017994991806633
7.720000000000000 0.017908874335260
7.730000000000000 0.017822922742838
7.740000000000000 0.017737136675797
7.750000000000000 0.017651515781076
7.760000000000000 0.017566059706126
7.770000000000000 0.017480768098914
7.780000000000000 0.017395640607929
7.790000000000000 0.017310676882179
7.800000000000000 0.017225876571199
7.810000000000000 0.017144241346270
7.820000000000000 0.017062762751221
7.830000000000000 0.016981440451060
7.840000000000000 0.016900274111304
7.850000000000000 0.016819263397983
7.860000000000000 0.016738407977644
7.870000000000000 0.016657707517351
7.880000000000000 0.016577161684692
7.890000000000000 0.016496770147774
7.900000000000000 0.016416532575236
7.910000000000000 0.016339252387556
7.920000000000000 0.016262119848405
7.930000000000000 0.016185134640915
7.940000000000000 0.016108296448727
7.950000000000000 0.016031604955994
7.960000000000000 0.015955059847383
7.970000000000000 0.015878660808078
7.980000000000000 0.015802407523783
7.990000000000000 0.015726299680719
8.000000000000000 0.015650336965634
8.010000000000000 0.015577141523309
8.020000000000000 0.015504085322167
8.029999999999999 0.015431168062540
8.039999999999999 0.015358389445263
8.050000000000001 0.015285749171683
8.060000000000000 0.015213246943652
8.070000000000000 0.015140882463536
8.080000000000000 0.015068655434209
8.090000000000000 0.014996565559064
8.100000000000000 0.014924612542006
8.109999999999999 0.014855251353824
8.119999999999999 0.014786021532286
8.130000000000001 0.014716922794032
8.140000000000001 0.014647954856203
8.150000000000000 0.014579117436435
8.160000000000000 0.014510410252868
8.170000000000000 0.014441833024143
8.180000000000000 0.014373385469404
8.190000000000000 0.014305067308298
8.199999999999999 0.014236878260979
8.210000000000001 0.014171118698328
8.220000000000001 0.014105483123173
8.230000000000000 0.014039971267606
8.240000000000000 0.013974582864206
8.250000000000000 0.013909317646042
8.260000000000000 0.013844175346673
8.270000000000000 0.013779155700147
8.279999999999999 0.013714258441006
8.289999999999999 0.013649483304282
8.300000000000001 0.013584830025503
8.310000000000000 0.013522454612836
8.320000000000000 0.013460196271820
8.330000000000000 0.013398054749168
8.340000000000000 0.013336029792069
8.350000000000000 0.013274121148189
8.359999999999999 0.013212328565669
8.369999999999999 0.013150651793132
8.380000000000001 0.013089090579676
8.390000000000001 0.013027644674879
8.400000000000000 0.012966313828799
8.410000000000000 0.012907117167997
8.420000000000000 0.012848031100235
8.430000000000000 0.012789055386040
8.440000000000000 0.012730189786402
8.449999999999999 0.012671434062774
8.460000000000001 0.012612787977070
8.470000000000001 0.012554251291671
8.480000000000000 0.012495823769420
8.490000000000000 0.012437505173624
8.500000000000000 0.012379295268058
8.510000000000000 0.012323086288337
8.520000000000000 0.012266981829764
8.529999999999999 0.012210981665911
8.539999999999999 0.012155085570797
8.550000000000001 0.012099293318891
8.560000000000000 0.012043604685109
8.570000000000000 0.011988019444816
8.580000000000000 0.011932537373825
8.590000000000000 0.011877158248399
8.600000000000000 0.011821881845251
8.609999999999999 0.011768488327442
8.619999999999999 0.011715193626403
8.630000000000001 0.011661997528044
8.640000000000001 0.011608899818708
8.650000000000000 0.011555900285170
8.660000000000000 0.011502998714638
8.670000000000000 0.011450194894754
8.680000000000000 0.011397488613591
8.690000000000000 0.011344879659657
8.699999999999999 0.011292367821893
8.710000000000001 0.011241619804269
8.720000000000001 0.011190965259765
8.730000000000000 0.011140403985918
8.740000000000000 0.011089935780679
8.750000000000000 0.011039560442417
8.760000000000000 0.010989277769918
8.770000000000000 0.010939087562386
8.779999999999999 0.010888989619438
8.789999999999999 0.010838983741114
8.800000000000001 0.010789069727864
8.810000000000000 0.010740815048740
8.820000000000000 0.010692648822916
8.830000000000000 0.010644570858905
8.840000000000000 0.010596580965621
8.850000000000000 0.010548678952377
8.859999999999999 0.010500864628889
8.869999999999999 0.010453137805058
8.880000000000001 0.010405498291831
8.890000000000001 0.010357945899908
8.900000000000000 0.010310480440816
8.910000000000000 0.010264573019043
8.920000000000000 0.010218749340488
8.930000000000000 0.010173009224011
8.940000000000000 0.010127352488854
8.949999999999999 0.010081778954645
8.960000000000001 0.010036288441396
8.970000000000001 0.009990880769505
8.980000000000000 0.009945555759752
8.990000000000000 0.009900313233305
9.000000000000000 0.009855153011712
9.010000000000000 0.009811458132159
9.020000000000000 0.009767842571336
9.029999999999999 0.009724306157857
9.039999999999999 0.009680848720704
9.050000000000001 0.009637470089231
9.060000000000000 0.009594170093157
9.070000000000000 0.009550948562573
9.080000000000000 0.009507805327935
9.090000000000000 0.009464740220069
9.100000000000000 0.009421753070169
9.109999999999999 0.009380144377644
9.119999999999999 0.009338610846721
9.130000000000001 0.009297152315212
9.140000000000001 0.009255768621280
9.150000000000000 0.009214459603443
9.160000000000000 0.009173225100571
9.170000000000000 0.009132064951888
9.180000000000000 0.009090978996968
9.190000000000000 0.009049967075741
9.199999999999999 0.009009029028484
9.210000000000001 0.008969389159036
9.220000000000001 0.008929820542151
9.230000000000000 0.008890323024313
9.240000000000000 0.008850896452341
9.250000000000000 0.008811540673395
9.260000000000000 0.008772255534970
9.270000000000000 0.008733040884902
9.279999999999999 0.008693896571359
9.289999999999999 0.008654822442850
9.300000000000001 0.008615818348217
9.310000000000000 0.008578036789179
9.320000000000000 0.008540322806674
9.330000000000000 0.008502676255359
9.340000000000000 0.008465096990215
9.350000000000000 0.008427584866543
9.359999999999999 0.008390139739970
9.369999999999999 0.008352761466443
9.380000000000001 0.008315449902231
9.390000000000001 0.008278204903927
9.400000000000000 0.008241026328440
9.410000000000000 0.008204997538930
9.420000000000000 0.008169032871482
9.430000000000000 0.008133132188450
9.440000000000000 0.008097295352494
9.449999999999999 0.008061522226586
9.460000000000001 0.008025812674002
9.470000000000001 0.007990166558329
9.480000000000000 0.007954583743458
9.490000000000000 0.007919064093590
9.500000000000000 0.007883607473231
9.510000000000000 0.007849232763575
9.520000000000000 0.007814918928223
9.529999999999999 0.007780665836775
9.539999999999999 0.007746473359125
9.550000000000001 0.007712341365460
9.560000000000000 0.007678269726263
9.570000000000000 0.007644258312310
9.580000000000000 0.007610306994669
9.590000000000000 0.007576415644701
9.600000000000000 0.007542584134061
9.609999999999999 0.007509774944219
9.619999999999999 0.007477023566922
9.630000000000001 0.007444329878607
9.640000000000001 0.007411693755995
9.650000000000000 0.007379115076085
9.660000000000000 0.007346593716159
9.670000000000000 0.007314129553776
9.680000000000000 0.007281722466777
9.690000000000000 0.007249372333281
9.699999999999999 0.007217079031685
9.710000000000001 0.007185745529685
9.720000000000001 0.007154466964915
9.730000000000000 0.007123243220242
9.740000000000000 0.007092074178799
9.750000000000000 0.007060959723990
9.760000000000000 0.007029899739485
9.770000000000000 0.006998894109219
9.779999999999999 0.006967942717396
9.789999999999999 0.006937045448484
9.800000000000001 0.006906202187219
9.810000000000000 0.006876264843021
9.820000000000000 0.006846379726458
9.830000000000000 0.006816546726457
9.840000000000000 0.006786765732202
9.850000000000000 0.006757036633130
9.859999999999999 0.006727359318936
9.869999999999999 0.006697733679565
9.880000000000001 0.006668159605220
9.890000000000001 0.006638636986354
9.900000000000000 0.006609165713675
9.910000000000000 0.006580546988159
9.920000000000000 0.006551977941042
9.930000000000000 0.006523458466954
9.940000000000000 0.006494988460771
9.949999999999999 0.006466567817611
9.960000000000001 0.006438196432835
9.970000000000001 0.006409874202045
9.980000000000000 0.006381601021087
9.990000000000000 0.006353376786046
10.000000000000000 0.006325201393250
