0.000000000000000 0.000000000000000
0.010000000000000 0.000118424779307
0.020000000000000 0.000476448863689
0.030000000000000 0.001077941029239
0.040000000000000 0.001926433092210
0.050000000000000 0.003025125419330
0.060000000000000 0.004376892784466
0.070000000000000 0.005984290549592
0.080000000000000 0.007849561147700
0.090000000000000 0.009974640845091
0.100000000000000 0.012361166760371
0.110000000000000 0.015003589026618
0.120000000000000 0.017907388966445
0.130000000000000 0.021073084609480
0.140000000000000 0.024500936841777
0.150000000000000 0.028190957243907
0.160000000000000 0.032142916040403
0.170000000000000 0.036356350140222
0.180000000000000 0.040830571248419
0.190000000000000 0.045564674029805
0.200000000000000 0.050557544305987
0.210000000000000 0.055756737259191
0.220000000000000 0.061202972977062
0.230000000000000 0.066894154958467
0.240000000000000 0.072828034025043
0.250000000000000 0.079002215971201
0.260000000000000 0.085414169137034
0.270000000000000 0.092061231892225
0.280000000000000 0.098940620019852
0.290000000000000 0.106049433989765
0.300000000000000 0.113384666111982
0.310000000000000 0.120788897019869
0.320000000000000 0.128396282134235
0.330000000000000 0.136203160163588
0.340000000000000 0.144205818518816
0.350000000000000 0.152400498936490
0.360000000000000 0.160783402936232
0.370000000000000 0.169350697109382
0.380000000000000 0.178098518236722
0.390000000000000 0.187022978233599
0.400000000000000 0.196120168921298
0.410000000000000 0.205075458136354
0.420000000000000 0.214171662452811
0.430000000000000 0.223404622713584
0.440000000000000 0.232770206423490
0.450000000000000 0.242264310628231
0.460000000000000 0.251882864631482
0.470000000000000 0.261621832553094
0.480000000000000 0.271477215731648
0.490000000000000 0.281445054974778
0.500000000000000 0.291521432660873
0.510000000000000 0.301208589815881
0.520000000000000 0.310968296638303
0.530000000000000 0.320796744111870
0.540000000000000 0.330690196419324
0.550000000000000 0.340644991320452
0.560000000000000 0.350657540425206
0.570000000000000 0.360724329366779
0.580000000000000 0.370841917879421
0.590000000000000 0.381006939785740
0.600000000000000 0.391216102898118
0.610000000000000 0.400801412599939
0.620000000000000 0.410395228306073
0.630000000000000 0.419994615168513
0.640000000000000 0.429596728908580
0.650000000000000 0.439198814455901
0.660000000000000 0.448798204551287
0.670000000000000 0.458392318317499
0.680000000000000 0.467978659801720
0.690000000000000 0.477554816493424
0.700000000000000 0.487118457821108
0.710000000000000 0.495882932611049
0.720000000000000 0.504603305666580
0.730000000000000 0.513277722622947
0.740000000000000 0.521904415815957
0.750000000000000 0.530481702038067
0.760000000000000 0.539007980313109
0.770000000000000 0.547481729691790
0.780000000000000 0.555901507069920
0.790000000000000 0.564265945031175
0.800000000000000 0.572573749716034
0.810000000000000 0.579989672912595
0.820000000000000 0.587323511414187
0.830000000000000 0.594574456570216
0.840000000000000 0.601741770615608
0.850000000000000 0.608824784228815
0.860000000000000 0.615822894140498
0.870000000000000 0.622735560793276
0.880000000000000 0.629562306052803
0.890000000000000 0.636302710970343
0.900000000000000 0.642956413596888
0.910000000000000 0.648712346488107
0.920000000000000 0.654362893659804
0.930000000000000 0.659908115194019
0.940000000000000 0.665348121974611
0.950000000000000 0.670683073475546
0.960000000000000 0.675913175611577
0.970000000000000 0.681038678650532
0.980000000000000 0.686059875186371
0.990000000000000 0.690977098172133
1.000000000000000 0.695790719011855
1.010000000000000 0.699789184069478
1.020000000000000 0.703671940572621
1.030000000000000 0.707439680180047
1.040000000000000 0.711093126034833
1.050000000000000 0.714633030984661
1.060000000000000 0.718060175862380
1.070000000000000 0.721375367825497
1.080000000000000 0.724579438753269
1.090000000000000 0.727673243700055
1.100000000000000 0.730657659403591
1.110000000000000 0.732952605324699
1.120000000000000 0.735131319776138
1.130000000000000 0.737194895973913
1.140000000000000 0.739144442689347
1.150000000000000 0.740981082939069
1.160000000000000 0.742705952726156
1.170000000000000 0.744320199830975
1.180000000000000 0.745824982650311
1.190000000000000 0.747221469083402
1.200000000000000 0.748510835463485
1.210000000000000 0.749273623088576
1.220000000000000 0.749926518479459
1.230000000000000 0.750470820777050
1.240000000000000 0.750907832930977
1.250000000000000 0.751238860809795
1.260000000000000 0.751465212350968
1.270000000000000 0.751588196749333
1.280000000000000 0.751609123682788
1.290000000000000 0.751529302573962
1.300000000000000 0.751350041886683
1.310000000000000 0.750813775450344
1.320000000000000 0.750178076640163
1.330000000000000 0.749444303576207
1.340000000000000 0.748613810372741
1.350000000000000 0.747687946582927
1.360000000000000 0.746668056672500
1.370000000000000 0.745555479521374
1.380000000000000 0.744351547952163
1.390000000000000 0.743057588284630
1.400000000000000 0.741674919915115
1.410000000000000 0.740096378694360
1.420000000000000 0.738430848434446
1.430000000000000 0.736679646304834
1.440000000000000 0.734844080858729
1.450000000000000 0.732925451722744
1.460000000000000 0.730925049306591
1.470000000000000 0.728844154531953
1.480000000000000 0.726684038579840
1.490000000000000 0.724445962655631
1.500000000000000 0.722131177771137
1.510000000000000 0.719754942778580
1.520000000000000 0.717304564472915
1.530000000000000 0.714781259773542
1.540000000000000 0.712186234721541
1.550000000000000 0.709520684336745
1.560000000000000 0.706785792487955
1.570000000000000 0.703982731775753
1.580000000000000 0.701112663427362
1.590000000000000 0.698176737203012
1.600000000000000 0.695176091313332
1.610000000000000 0.692228476404360
1.620000000000000 0.689219027975106
1.630000000000000 0.686148831961505
1.640000000000000 0.683018962760277
1.650000000000000 0.679830483193067
1.660000000000000 0.676584444478825
1.670000000000000 0.673281886214015
1.680000000000000 0.669923836360295
1.690000000000000 0.666511311239303
1.700000000000000 0.663045315534193
1.710000000000000 0.659717695895127
1.720000000000000 0.656339434091416
1.730000000000000 0.652911475276067
1.740000000000000 0.649434753394624
1.750000000000000 0.645910191212806
1.760000000000000 0.642338700348994
1.770000000000000 0.638721181311319
1.780000000000000 0.635058523539088
1.790000000000000 0.631351605448313
1.800000000000000 0.627601294481114
1.810000000000000 0.624057948885282
1.820000000000000 0.620473805988441
1.830000000000000 0.616849672408336
1.840000000000000 0.613186344454827
1.850000000000000 0.609484608191215
1.860000000000000 0.605745239498200
1.870000000000000 0.601969004140304
1.880000000000000 0.598156657834589
1.890000000000000 0.594308946321533
1.900000000000000 0.590426605437890
1.910000000000000 0.586792580044121
1.920000000000000 0.583126163052600
1.930000000000000 0.579428033109039
1.940000000000000 0.575698859707860
1.950000000000000 0.571939303268034
1.960000000000000 0.568150015210165
1.970000000000000 0.564331638034677
1.980000000000000 0.560484805401040
1.990000000000000 0.556610142207913
2.000000000000000 0.552708264674125
2.010000000000000 0.549078202529652
2.020000000000000 0.545422779148953
2.030000000000000 0.541742559367887
2.040000000000000 0.538038100094468
2.050000000000000 0.534309950387574
2.060000000000000 0.530558651536051
2.070000000000000 0.526784737138122
2.080000000000000 0.522988733181066
2.090000000000000 0.519171158121093
2.100000000000000 0.515332522963358
2.110000000000000 0.511777540063664
2.120000000000000 0.508202985114222
2.130000000000000 0.504609324211072
2.140000000000000 0.500997016703928
2.150000000000000 0.497366515271146
2.160000000000000 0.493718265994608
2.170000000000000 0.490052708434464
2.180000000000000 0.486370275703702
2.190000000000000 0.482671394542519
2.200000000000000 0.478956485392460
2.210000000000000 0.475525606481003
2.220000000000000 0.472079857292273
2.230000000000000 0.468619619966483
2.240000000000000 0.465145270976270
2.250000000000000 0.461657181194635
2.260000000000000 0.458155715962520
2.270000000000000 0.454641235156030
2.280000000000000 0.451114093253257
2.290000000000000 0.447574639400709
2.300000000000000 0.444023217479318
2.310000000000000 0.440751588498368
2.320000000000000 0.437468867442031
2.330000000000000 0.434175365903970
2.340000000000000 0.430871390763882
2.350000000000000 0.427557244247061
2.360000000000000 0.424233223983503
2.370000000000000 0.420899623066556
2.380000000000000 0.417556730111080
2.390000000000000 0.414204829311141
2.400000000000000 0.410844200497208
2.410000000000000 0.407751828296783
2.420000000000000 0.404651367301233
2.430000000000000 0.401543070572379
2.440000000000000 0.398427187278739
2.450000000000000 0.395303962746618
2.460000000000000 0.392173638510720
2.470000000000000 0.389036452364273
2.480000000000000 0.385892638408674
2.490000000000000 0.382742427102636
2.500000000000000 0.379586045310847
2.510000000000000 0.376682862620379
2.520000000000000 0.373773956663259
2.530000000000000 0.370859532336959
2.540000000000000 0.367939791339695
2.550000000000000 0.365014932213580
2.560000000000000 0.362085150387325
2.570000000000000 0.359150638218474
2.580000000000000 0.356211585035182
2.590000000000000 0.353268177177533
2.600000000000000 0.350320598038399
2.610000000000000 0.347610609353493
2.620000000000000 0.344896744131232
2.630000000000000 0.342179167823388
2.640000000000000 0.339458043263142
2.650000000000000 0.336733530701135
2.660000000000000 0.334005787841093
2.670000000000000 0.331274969875041
2.680000000000000 0.328541229518103
2.690000000000000 0.325804717042890
2.700000000000000 0.323065580313475
2.710000000000000 0.320546774957191
2.720000000000000 0.318025521318246
2.730000000000000 0.315501952719423
2.740000000000000 0.312976200345839
2.750000000000000 0.310448393274813
2.760000000000000 0.307918658505365
2.770000000000000 0.305387120987358
2.780000000000000 0.302853903650270
2.790000000000000 0.300319127431616
2.800000000000000 0.297782911305003
2.810000000000000 0.295449450902333
2.820000000000000 0.293114636005244
2.830000000000000 0.290778573863351
2.840000000000000 0.288441369984174
2.850000000000000 0.286103128157747
2.860000000000000 0.283763950480910
2.870000000000000 0.281423937381291
2.880000000000000 0.279083187640982
2.890000000000000 0.276741798419907
2.900000000000000 0.274399865278882
2.910000000000000 0.272244195059806
2.920000000000000 0.270087998065221
2.930000000000000 0.267931360422668
2.940000000000000 0.265774366841744
2.950000000000000 0.263617100634288
2.960000000000000 0.261459643734305
2.970000000000000 0.259302076717627
2.980000000000000 0.257144478821316
2.990000000000000 0.254986927962803
3.000000000000000 0.252829500758782
3.010000000000000 0.250842081873749
3.020000000000000 0.248854754101257
3.030000000000000 0.246867586502015
3.040000000000000 0.244880646983288
3.050000000000000 0.242894002315416
3.060000000000000 0.240907718148108
3.070000000000000 0.238921859026519
3.080000000000000 0.236936488407110
3.090000000000000 0.234951668673293
3.100000000000000 0.232967461150862
3.110000000000000 0.231138121531446
3.120000000000000 0.229309326058869
3.130000000000000 0.227481130019875
3.140000000000000 0.225653587763160
3.150000000000000 0.223826752712861
3.160000000000000 0.222000677381856
3.170000000000000 0.220175413384887
3.180000000000000 0.218351011451507
3.190000000000000 0.216527521438840
3.200000000000000 0.214704992344173
3.210000000000000 0.213023209108862
3.220000000000000 0.211342294367656
3.230000000000000 0.209662292303325
3.240000000000000 0.207983246335716
3.250000000000000 0.206305199132756
3.260000000000000 0.204628192621300
3.270000000000000 0.202952267997829
3.280000000000000 0.201277465739006
3.290000000000000 0.199603825612078
3.300000000000000 0.197931386685141
3.310000000000000 0.196386243122793
3.320000000000000 0.194842193130521
3.330000000000000 0.193299271952890
3.340000000000000 0.191757514213675
3.350000000000000 0.190216953924829
3.360000000000000 0.188677624495326
3.370000000000000 0.187139558739885
3.380000000000000 0.185602788887575
3.390000000000000 0.184067346590285
3.400000000000000 0.182533262931099
3.410000000000000 0.181114628382235
3.420000000000000 0.179697235395198
3.430000000000000 0.178281112017693
3.440000000000000 0.176866285792079
3.450000000000000 0.175452783762681
3.460000000000000 0.174040632482999
3.470000000000000 0.172629858022819
3.480000000000000 0.171220485975221
3.490000000000000 0.169812541463493
3.500000000000000 0.168406049147944
3.510000000000000 0.167104013191235
3.520000000000000 0.165803308040710
3.530000000000000 0.164503955954843
3.540000000000000 0.163205978780486
3.550000000000000 0.161909397958827
3.560000000000000 0.160614234531276
3.570000000000000 0.159320509145254
3.580000000000000 0.158028242059910
3.590000000000000 0.156737453151762
3.600000000000000 0.155448161920246
3.610000000000000 0.154253301857650
3.620000000000000 0.153059817385439
3.630000000000000 0.151867726108022
3.640000000000000 0.150677045294284
3.650000000000000 0.149487791882455
3.660000000000000 0.148299982484902
3.670000000000000 0.147113633392863
3.680000000000000 0.145928760581103
3.690000000000000 0.144745379712520
3.700000000000000 0.143563506142671
3.710000000000000 0.142466984322182
3.720000000000000 0.141371849568547
3.730000000000000 0.140278115746824
3.740000000000000 0.139185796448376
3.750000000000000 0.138094904994842
3.760000000000000 0.137005454442056
3.770000000000000 0.135917457583907
3.780000000000000 0.134830926956147
3.790000000000000 0.133745874840146
3.800000000000000 0.132662313266593
3.810000000000000 0.131656306496537
3.820000000000000 0.130651672919823
3.830000000000000 0.129648423396787
3.840000000000000 0.128646568564407
3.850000000000000 0.127646118839549
3.860000000000000 0.126647084422163
3.870000000000000 0.125649475298445
3.880000000000000 0.124653301243942
3.890000000000000 0.123658571826621
3.900000000000000 0.122665296409897
3.910000000000000 0.121741745365990
3.920000000000000 0.120819536596210
3.930000000000000 0.119898678553076
3.940000000000000 0.118979179506638
3.950000000000000 0.118061047547131
3.960000000000000 0.117144290587593
3.970000000000000 0.116228916366447
3.980000000000000 0.115314932450048
3.990000000000000 0.114402346235191
4.000000000000000 0.113491164951589
4.010000000000000 0.112642887034758
4.020000000000000 0.111795908208772
4.030000000000000 0.110950234997202
4.040000000000000 0.110105873774430
4.050000000000000 0.109262830767821
4.060000000000000 0.108421112059876
4.070000000000000 0.107580723590338
4.080000000000000 0.106741671158285
4.090000000000000 0.105903960424185
4.100000000000000 0.105067596911922
4.110000000000000 0.104288144820102
4.120000000000000 0.103509940107084
4.130000000000000 0.102732987752586
4.140000000000000 0.101957292614276
4.150000000000000 0.101182859429551
4.160000000000000 0.100409692817297
4.170000000000000 0.099637797279625
4.180000000000000 0.098867177203586
4.190000000000000 0.098097836862852
4.200000000000000 0.097329780419386
4.210000000000000 0.096613495509444
4.220000000000000 0.095898400322503
4.230000000000000 0.095184498604377
4.240000000000000 0.094471794001002
4.250000000000000 0.093760290059897
4.260000000000000 0.093049990231613
4.270000000000000 0.092340897871154
4.280000000000000 0.091633016239387
4.290000000000000 0.090926348504424
4.300000000000000 0.090220897742991
4.310000000000000 0.089562333937975
4.320000000000000 0.088904899176773
4.330000000000000 0.088248596221970
4.340000000000000 0.087593427754380
4.350000000000000 0.086939396374255
4.360000000000000 0.086286504602469
4.370000000000000 0.085634754881693
4.380000000000000 0.084984149577548
4.390000000000000 0.084334690979747
4.400000000000000 0.083686381303220
4.410000000000000 0.083080372822319
4.420000000000000 0.082475431853361
4.430000000000000 0.081871560377755
4.440000000000000 0.081268760309932
4.450000000000000 0.080667033498338
4.460000000000000 0.080066381726413
4.470000000000000 0.079466806713554
4.480000000000000 0.078868310116070
4.490000000000000 0.078270893528118
4.500000000000000 0.077674558482629
4.510000000000000 0.077116695328777
4.520000000000000 0.076559837964446
4.530000000000000 0.076003987752348
4.540000000000000 0.075449146000335
4.550000000000000 0.074895313962217
4.560000000000000 0.074342492838565
4.570000000000000 0.073790683777512
4.580000000000000 0.073239887875535
4.590000000000000 0.072690106178227
4.600000000000000 0.072141339681065
4.610000000000000 0.071627444554732
4.620000000000000 0.071114494613549
4.630000000000000 0.070602490732480
4.640000000000000 0.070091433741552
4.650000000000000 0.069581324426527
4.660000000000000 0.069072163529574
4.670000000000000 0.068563951749919
4.680000000000000 0.068056689744500
4.690000000000000 0.067550378128598
4.700000000000000 0.067045017476477
4.710000000000000 0.066571297690412
4.720000000000000 0.066098464258528
4.730000000000000 0.065626517673383
4.740000000000000 0.065155458390730
4.750000000000000 0.064685286830078
4.760000000000000 0.064216003375243
4.770000000000000 0.063747608374888
4.780000000000000 0.063280102143064
4.790000000000000 0.062813484959733
4.800000000000000 0.062347757071292
4.810000000000000 0.061910815422374
4.820000000000000 0.061474703420301
4.830000000000000 0.061039421259988
4.840000000000000 0.060604969106228
4.850000000000000 0.060171347094149
4.860000000000000 0.059738555329672
4.870000000000000 0.059306593889963
4.880000000000000 0.058875462823870
4.890000000000000 0.058445162152367
4.900000000000000 0.058015691868981
4.910000000000000 0.057612383974889
4.920000000000000 0.057209851572317
4.930000000000000 0.056808094626575
4.940000000000000 0.056407113078332
4.950000000000000 0.056006906843996
4.960000000000000 0.055607475816098
4.970000000000000 0.055208819863656
4.980000000000000 0.054810938832550
4.990000000000000 0.054413832545879
5.000000000000000 0.054017500804322
5.010000000000000 0.053645004206396
5.020000000000000 0.053273231594800
5.030000000000000 0.052902182759870
5.040000000000000 0.052531857471808
5.050000000000000 0.052162255481006
5.060000000000000 0.051793376518343
5.070000000000000 0.051425220295508
5.080000000000000 0.051057786505299
5.090000000000000 0.050691074821923
5.100000000000000 0.050325084901297
5.110000000000000 0.049980824590053
5.120000000000000 0.049637239519450
5.130000000000000 0.049294329348605
5.140000000000000 0.048952093720201
5.150000000000000 0.048610532260760
5.160000000000000 0.048269644580897
5.170000000000000 0.047929430275580
5.180000000000000 0.047589888924381
5.190000000000000 0.047251020091728
5.200000000000000 0.046912823327148
5.210000000000000 0.046594453279510
5.220000000000000 0.046276712515649
5.230000000000000 0.045959600598402
5.240000000000000 0.045643117077224
5.250000000000000 0.045327261488410
5.260000000000000 0.045012033355311
5.270000000000000 0.044697432188546
5.280000000000000 0.044383457486214
5.290000000000000 0.044070108734100
5.300000000000000 0.043757385405882
5.310000000000000 0.043462713839569
5.320000000000000 0.043168628483764
5.330000000000000 0.042875128832680
5.340000000000000 0.042582214369657
5.350000000000000 0.042289884567346
5.360000000000000 0.041998138887886
5.370000000000000 0.041706976783083
5.380000000000000 0.041416397694586
5.390000000000000 0.041126401054059
5.400000000000000 0.040836986283352
5.410000000000000 0.040564101148239
5.420000000000000 0.040291761775257
5.430000000000000 0.040019967612163
5.440000000000000 0.039748718097910
5.450000000000000 0.039478012662791
5.460000000000000 0.039207850728594
5.470000000000000 0.038938231708747
5.480000000000000 0.038669155008465
5.490000000000000 0.038400620024894
5.500000000000000 0.038132626147252
5.510000000000000 0.037879671864650
5.520000000000000 0.037627225684157
5.530000000000000 0.037375287024211
5.540000000000000 0.037123855296140
5.550000000000000 0.036872929904283
5.560000000000000 0.036622510246123
5.570000000000000 0.036372595712404
5.580000000000000 0.036123185687254
5.590000000000000 0.035874279548309
5.600000000000000 0.035625876666825
5.610000000000000 0.035391325135605
5.620000000000000 0.035157246353361
5.630000000000000 0.034923639723187
5.640000000000000 0.034690504642459
5.650000000000000 0.034457840502949
5.660000000000000 0.034225646690924
5.670000000000000 0.033993922587247
5.680000000000000 0.033762667567485
5.690000000000000 0.033531881002002
5.700000000000000 0.033301562256064
5.710000000000000 0.033083895957988
5.720000000000000 0.032866669530075
5.730000000000000 0.032649882370558
5.740000000000000 0.032433533873106
5.750000000000000 0.032217623426914
5.760000000000000 0.032002150416783
5.770000000000000 0.031787114223211
5.780000000000000 0.031572514222479
5.790000000000000 0.031358349786728
5.800000000000000 0.031144620284047
5.810000000000000 0.030942504843283
5.820000000000000 0.030740798624090
5.830000000000000 0.030539501028092
5.840000000000000 0.030338611453295
5.850000000000000 0.030138129294155
5.860000000000000 0.029938053941654
5.870000000000000 0.029738384783373
5.880000000000000 0.029539121203557
5.890000000000000 0.029340262583190
5.900000000000000 0.029141808300062
5.910000000000000 0.028953973645048
5.920000000000000 0.028766519779767
5.930000000000000 0.028579446115310
5.940000000000000 0.028392752059920
5.950000000000000 0.028206437019059
5.960000000000000 0.028020500395462
5.970000000000000 0.027834941589200
5.980000000000000 0.027649759997739
5.990000000000000 0.027464955016000
6.000000000000000 0.027280526036411
6.010000000000000 0.027105835283528
6.020000000000000 0.026931498918170
6.030000000000000 0.026757516365496
6.040000000000000 0.026583887048455
6.050000000000000 0.026410610387833
6.060000000000000 0.026237685802311
6.070000000000000 0.026065112708506
6.080000000000000 0.025892890521030
6.090000000000000 0.025721018652531
6.100000000000000 0.025549496513744
6.110000000000000 0.025386969894561
6.120000000000000 0.025224773032279
6.130000000000000 0.025062905369728
6.140000000000000 0.024901366348048
6.150000000000000 0.024740155406732
6.160000000000000 0.024579271983664
6.170000000000000 0.024418715515167
6.180000000000000 0.024258485436040
6.190000000000000 0.024098581179601
6.200000000000000 0.023939002177723
6.210000000000000 0.023787678141587
6.220000000000000 0.023636661031628
6.230000000000000 0.023485950310659
6.240000000000000 0.023335545440225
6.250000000000000 0.023185445880641
6.260000000000000 0.023035651091027
6.270000000000000 0.022886160529344
6.280000000000000 0.022736973652425
6.290000000000000 0.022588089916013
6.300000000000000 0.022439508774791
6.310000000000000 0.022298540195210
6.320000000000000 0.022157857317921
6.330000000000000 0.022017459627380
6.340000000000000 0.021877346607122
6.350000000000000 0.021737517739791
6.360000000000000 0.021597972507170
6.370000000000000 0.021458710390210
6.380000000000000 0.021319730869062
6.390000000000000 0.021181033423099
6.400000000000000 0.021042617530947
6.410000000000000 0.020911169500182
6.420000000000000 0.020779987572139
6.430000000000000 0.020649071253678
6.440000000000000 0.020518420051020
6.450000000000000 0.020388033469774
6.460000000000000 0.020257911014956
6.470000000000000 0.020128052191017
6.480000000000000 0.019998456501868
6.490000000000000 0.019869123450900
6.500000000000000 0.019740052541011
6.510000000000000 0.019617436644417
6.520000000000000 0.019495068594951
6.530000000000000 0.019372947922508
6.540000000000000 0.019251074156572
6.550000000000000 0.019129446826234
6.560000000000000 0.019008065460216
6.570000000000000 0.018886929586887
6.580000000000000 0.018766038734288
6.590000000000000 0.018645392430147
6.600000000000000 0.018524990201902
6.610000000000000 0.018410533252394
6.620000000000000 0.018296307233892
6.630000000000000 0.018182311699372
6.640000000000000 0.018068546201579
6.650000000000000 0.017955010293048
6.660000000000000 0.017841703526117
6.670000000000000 0.017728625452946
6.680000000000000 0.017615775625534
6.690000000000000 0.017503153595735
6.700000000000000 0.017390758915274
6.710000000000000 0.017283868279540
6.720000000000000 0.017177192848012
6.730000000000000 0.017070732196612
6.740000000000000 0.016964485901182
6.750000000000000 0.016858453537490
6.760000000000000 0.016752634681254
6.770000000000000 0.016647028908149
6.780000000000000 0.016541635793824
6.790000000000000 0.016436454913913
6.800000000000000 0.016331485844053
6.810000000000000 0.016231574262185
6.820000000000000 0.016131863352805
6.830000000000000 0.016032352714221
6.840000000000000 0.015933041944777
6.850000000000000 0.015833930642861
6.860000000000000 0.015735018406915
6.870000000000000 0.015636304835452
6.880000000000000 0.015537789527063
6.890000000000000 0.015439472080429
6.900000000000000 0.015341352094336
6.910000000000000 0.015247915264939
6.920000000000000 0.015154665608413
6.930000000000000 0.015061602744898
6.940000000000000 0.014968726294663
6.950000000000000 0.014876035878106
6.960000000000000 0.014783531115769
6.970000000000000 0.014691211628350
6.980000000000000 0.014599077036707
6.990000000000000 0.014507126961871
7.000000000000000 0.014415361025054
7.010000000000000 0.014327939302421
7.020000000000000 0.014240692201046
7.030000000000000 0.014153619362246
7.040000000000000 0.014066720427530
7.050000000000000 0.013979995038609
7.060000000000000 0.013893442837407
7.070000000000000 0.013807063466065
7.080000000000000 0.013720856566950
7.090000000000000 0.013634821782665
7.100000000000000 0.013548958756055
7.110000000000000 0.013467113321356
7.120000000000000 0.013385430868078
7.130000000000000 0.013303911057886
7.140000000000000 0.013222553552695
7.150000000000000 0.013141358014674
7.160000000000000 0.013060324106252
7.170000000000000 0.012979451490131
7.180000000000000 0.012898739829282
7.190000000000000 0.012818188786963
7.200000000000000 0.012737798026715
7.210000000000000 0.012661116390984
7.220000000000000 0.012584586958640
7.230000000000000 0.012508209410783
7.240000000000000 0.012431983428804
7.250000000000000 0.012355908694386
7.260000000000000 0.012279984889511
7.270000000000000 0.012204211696467
7.280000000000000 0.012128588797854
7.290000000000000 0.012053115876585
7.300000000000000 0.011977792615895
7.310000000000000 0.011905913046177
7.320000000000000 0.011834175661275
7.330000000000000 0.011762580160868
7.340000000000000 0.011691126244951
7.350000000000000 0.011619813613843
7.360000000000000 0.011548641968188
7.370000000000000 0.011477611008962
7.380000000000000 0.011406720437474
7.390000000000000 0.011335969955378
7.400000000000000 0.011265359264666
7.410000000000000 0.011197952025059
7.420000000000000 0.011130677647176
7.430000000000000 0.011063535848417
7.440000000000000 0.010996526346519
7.450000000000000 0.010929648859558
7.460000000000000 0.010862903105958
7.470000000000000 0.010796288804490
7.480000000000000 0.010729805674276
7.490000000000000 0.010663453434794
7.500000000000000 0.010597231805883
7.510000000000000 0.010533977281856
7.520000000000000 0.010470846972292
7.530000000000000 0.010407840611379
7.540000000000000 0.010344957933655
7.550000000000000 0.010282198674011
7.560000000000000 0.010219562567693
7.570000000000000 0.010157049350306
7.580000000000000 0.010094658757819
7.590000000000000 0.010032390526563
7.600000000000000 0.009970244393238
7.610000000000000 0.009910840112843
7.620000000000000 0.009851552040316
7.630000000000000 0.009792379925678
7.640000000000000 0.009733323519311
7.650000000000000 0.009674382571952
7.660000000000000 0.009615556834701
7.670000000000000 0.009556846059022
7.680000000000000 0.009498249996745
7.690000000000000 0.009439768400068
7.700000000000000 0.009381401021562
7.710000000000000 0.009325594553684
7.720000000000000 0.009269896824873
7.730000000000000 0.009214307600182
7.740000000000000 0.009158826645023
7.750000000000000 0.009103453725167
7.760000000000000 0.009048188606748
7.770000000000000 0.008993031056265
7.780000000000000 0.008937980840582
7.790000000000000 0.008883037726932
7.800000000000000 0.008828201482918
7.810000000000000 0.008775744850116
7.820000000000000 0.008723390015614
7.830000000000000 0.008671136758640
7.840000000000000 0.008618984858782
7.850000000000000 0.008566934095984
7.860000000000000 0.008514984250550
7.870000000000000 0.008463135103145
7.880000000000000 0.008411386434798
7.890000000000000 0.008359738026902
7.900000000000000 0.008308189661213
7.910000000000000 0.008258853124295
7.920000000000000 0.008209611934635
7.930000000000000 0.008160465884813
7.940000000000000 0.008111414767764
7.950000000000000 0.008062458376772
7.960000000000000 0.008013596505480
7.970000000000000 0.007964828947882
7.980000000000000 0.007916155498330
7.990000000000000 0.007867575951535
8.000000000000000 0.007819090102567
8.010000000000000 0.007772656826145
8.020000000000000 0.007726312907948
8.029999999999999 0.007680058153097
8.039999999999999 0.007633892367059
8.050000000000001 0.007587815355644
8.060000000000000 0.007541826925011
8.070000000000000 0.007495926881667
8.080000000000000 0.007450115032464
8.090000000000000 0.007404391184607
8.100000000000000 0.007358755145648
8.109999999999999 0.007315034678469
8.119999999999999 0.007271397987680
8.130000000000001 0.007227844890214
8.140000000000001 0.007184375203340
8.150000000000000 0.007140988744663
8.160000000000000 0.007097685332125
8.170000000000000 0.007054464784006
8.180000000000000 0.007011326918926
8.190000000000000 0.006968271555844
8.199999999999999 0.006925298514058
8.210000000000001 0.006884108244983
8.220000000000001 0.006842996560086
8.230000000000000 0.006801963287388
8.240000000000000 0.006761008255237
8.250000000000000 0.006720131292304
8.260000000000000 0.006679332227590
8.270000000000000 0.006638610890422
8.279999999999999 0.006597967110456
8.289999999999999 0.006557400717675
8.300000000000001 0.006516911542392
8.310000000000000 0.006478085575783
8.320000000000000 0.006439333355474
8.330000000000000 0.006400654719903
8.340000000000000 0.006362049507823
8.350000000000000 0.006323517558302
8.359999999999999 0.006285058710722
8.369999999999999 0.006246672804782
8.380000000000001 0.006208359680499
8.390000000000001 0.006170119178205
8.400000000000000 0.006131951138547
8.410000000000000 0.006095331569306
8.420000000000000 0.006058781244896
8.430000000000000 0.006022300013518
8.440000000000000 0.005985887723674
8.449999999999999 0.005949544224171
8.460000000000001 0.005913269364118
8.470000000000001 0.005877062992931
8.480000000000000 0.005840924960326
8.490000000000000 0.005804855116328
8.500000000000000 0.005768853311262
8.510000000000000 0.005734292520315
8.520000000000000 0.005699796786687
8.529999999999999 0.005665365967715
8.539999999999999 0.005630999921028
8.550000000000001 0.005596698504547
8.560000000000000 0.005562461576484
8.570000000000000 0.005528288995342
8.580000000000000 0.005494180619919
8.590000000000000 0.005460136309301
8.600000000000000 0.005426155922868
8.609999999999999 0.005393523559117
8.619999999999999 0.005360952343196
8.630000000000001 0.005328442141022
8.640000000000001 0.005295992818790
8.650000000000000 0.005263604242978
8.660000000000000 0.005231276280340
8.670000000000000 0.005199008797912
8.680000000000000 0.005166801663006
8.690000000000000 0.005134654743217
8.699999999999999 0.005102567906418
8.710000000000001 0.005071737494499
8.720000000000001 0.005040964589308
8.730000000000000 0.005010249064792
8.740000000000000 0.004979590795164
8.750000000000000 0.004948989654906
8.760000000000000 0.004918445518764
8.770000000000000 0.004887958261754
8.779999999999999 0.004857527759158
8.789999999999999 0.004827153886524
8.800000000000001 0.004796836519668
8.810000000000000 0.004767689060893
8.820000000000000 0.004738595719510
8.830000000000000 0.004709556376968
8.840000000000000 0.004680570914975
8.850000000000000 0.004651639215493
8.859999999999999 0.004622761160739
8.869999999999999 0.004593936633089
8.880000000000001 0.004565165515461
8.890000000000001 0.004536447690740
8.900000000000000 0.004507783042252
8.910000000000000 0.004480214976045
8.920000000000000 0.004452697857910
8.930000000000000 0.004425231576343
8.940000000000000 0.004397816020082
8.949999999999999 0.004370451078109
8.960000000000001 0.004343136639650
8.970000000000001 0.004315872594171
8.980000000000000 0.004288658831383
8.990000000000000 0.004261495241240
9.000000000000000 0.004234381713937
9.010000000000000 0.004208291592724
9.020000000000000 0.004182249464314
9.029999999999999 0.004156255223790
9.039999999999999 0.004130308766467
9.050000000000001 0.004104409987893
9.060000000000000 0.004078558783844
9.070000000000000 0.004052755050332
9.080000000000000 0.004026998683597
9.090000000000000 0.004001289580109
9.100000000000000 0.003975627636572
9.109999999999999 0.003950916841771
9.119999999999999 0.003926251291177
9.130000000000001 0.003901630886017
9.140000000000001 0.003877055527739
9.150000000000000 0.003852525118009
9.160000000000000 0.003828039558717
9.170000000000000 0.003803598751969
9.180000000000000 0.003779202600095
9.190000000000000 0.003754851005641
9.199999999999999 0.003730543871373
9.210000000000001 0.003707128532708
9.220000000000001 0.003683755866534
9.230000000000000 0.003660425779838
9.240000000000000 0.003637138179818
9.250000000000000 0.003613892973880
9.260000000000000 0.003590690069640
9.270000000000000 0.003567529374923
9.279999999999999 0.003544410797762
9.289999999999999 0.003521334246401
9.300000000000001 0.003498299629290
9.310000000000000 0.003476098435223
9.320000000000000 0.003453937512281
9.330000000000000 0.003431816772839
9.340000000000000 0.003409736129473
9.350000000000000 0.003387695494956
9.359999999999999 0.003365694782261
9.369999999999999 0.003343733904561
9.380000000000001 0.003321812775225
9.390000000000001 0.003299931307820
9.400000000000000 0.003278089416114
9.410000000000000 0.003257022733899
9.420000000000000 0.003235994086918
9.430000000000000 0.003215003392570
9.440000000000000 0.003194050568445
9.449999999999999 0.003173135532321
9.460000000000001 0.003152258202165
9.470000000000001 0.003131418496134
9.480000000000000 0.003110616332571
9.490000000000000 0.003089851630010
9.500000000000000 0.003069124307169
9.510000000000000 0.003049124433166
9.520000000000000 0.003029160500140
9.529999999999999 0.003009232430203
9.539999999999999 0.002989340145645
9.550000000000001 0.002969483568937
9.560000000000000 0.002949662622727
9.570000000000000 0.002929877229845
9.580000000000000 0.002910127313297
9.590000000000000 0.002890412796270
9.600000000000000 0.002870733602128
9.609999999999999 0.002851731145240
9.619999999999999 0.002832762678313
9.630000000000001 0.002813828127849
9.640000000000001 0.002794927420523
9.650000000000000 0.002776060483178
9.660000000000000 0.002757227242829
9.670000000000000 0.002738427626661
9.680000000000000 0.002719661562028
9.690000000000000 0.002700928976453
9.699999999999999 0.002682229797629
9.710000000000001 0.002664164229104
9.720000000000001 0.002646130824953
9.730000000000000 0.002628129515789
9.740000000000000 0.002610160232390
9.750000000000000 0.002592222905695
9.760000000000000 0.002574317466804
9.770000000000000 0.002556443846980
9.779999999999999 0.002538601977646
9.789999999999999 0.002520791790383
9.800000000000001 0.002503013216938
9.810000000000000 0.002485824618627
9.820000000000000 0.002468666482027
9.830000000000000 0.002451538741590
9.840000000000000 0.002434441331922
9.850000000000000 0.002417374187781
9.859999999999999 0.002400337244080
9.869999999999999 0.002383330435884
9.880000000000001 0.002366353698412
9.890000000000001 0.002349406967033
9.900000000000000 0.002332490177271
9.910000000000000 0.002316123688715
9.920000000000000 0.002299786071577
9.930000000000000 0.002283477263890
9.940000000000000 0.002267197203837
9.949999999999999 0.002250945829744
9.960000000000001 0.002234723080085
9.970000000000001 0.002218528893476
9.980000000000000 0.002202363208680
9.990000000000000 0.002186225964606
10.000000000000000 0.002170117100304
