0.000000000000000 0.000000000000000
0.010000000000000 0.003555917441178
0.020000000000000 0.013967179925503
0.030000000000000 0.030854058947806
0.040000000000000 0.053843642699442
0.050000000000000 0.082570002311011
0.060000000000000 0.116674344982214
0.070000000000000 0.155805153960587
0.080000000000000 0.199618315374417
0.090000000000000 0.247777231967171
0.100000000000000 0.299952923820780
0.110000000000000 0.354270207030136
0.120000000000000 0.411411817731772
0.130000000000000 0.471012160255892
0.140000000000000 0.532716194341333
0.150000000000000 0.596179444750521
0.160000000000000 0.661067996399344
0.170000000000000 0.727058475461731
0.180000000000000 0.793838016932994
0.190000000000000 0.861104219157344
0.200000000000000 0.928565085843329
0.210000000000000 0.993185539601979
0.220000000000000 1.056968168706380
0.230000000000000 1.119629915919168
0.240000000000000 1.180899042940607
0.250000000000000 1.240514993416582
0.260000000000000 1.298228246052152
0.270000000000000 1.353800158485701
0.280000000000000 1.407002802575313
0.290000000000000 1.457618791743355
0.300000000000000 1.505441101017652
0.310000000000000 1.550287444247159
0.320000000000000 1.591957989800681
0.330000000000000 1.630275689086631
0.340000000000000 1.665073071852974
0.350000000000000 1.696192038972878
0.360000000000000 1.723483651502509
0.370000000000000 1.746807916551640
0.380000000000000 1.766033570489302
0.390000000000000 1.781037859987607
0.400000000000000 1.791706321387097
0.410000000000000 1.805226802304860
0.420000000000000 1.814768930929679
0.430000000000000 1.820246886777844
0.440000000000000 1.821581558130239
0.450000000000000 1.818700343548888
0.460000000000000 1.811536953964099
0.470000000000000 1.800031215640614
0.480000000000000 1.784128874312701
0.490000000000000 1.763781400759973
0.500000000000000 1.738945798077780
0.510000000000000 1.725606478614942
0.520000000000000 1.708626493037398
0.530000000000000 1.687979190631680
0.540000000000000 1.663641904438395
0.550000000000000 1.635595803902795
0.560000000000000 1.603825749746559
0.570000000000000 1.568320151180217
0.580000000000000 1.529070825563790
0.590000000000000 1.486072860611989
0.600000000000000 1.439324479229419
0.610000000000000 1.411200159187019
0.620000000000000 1.380315905318190
0.630000000000000 1.346673960028702
0.640000000000000 1.310278590778398
0.650000000000000 1.271135999280867
0.660000000000000 1.229254232841834
0.670000000000000 1.184643097856602
0.680000000000000 1.137314075481371
0.690000000000000 1.087280239488120
0.700000000000000 1.034556176307848
0.710000000000000 1.003571968768466
0.720000000000000 0.970776430370652
0.730000000000000 0.936180771107816
0.740000000000000 0.899797075700367
0.750000000000000 0.861638255722950
0.760000000000000 0.821718003173476
0.770000000000000 0.780050745471294
0.780000000000000 0.736651601870070
0.790000000000000 0.691536341269139
0.800000000000000 0.644721341405573
0.810000000000000 0.618730261076913
0.820000000000000 0.591696587031110
0.830000000000000 0.563630816046962
0.840000000000000 0.534543753787940
0.850000000000000 0.504446493044012
0.860000000000000 0.473350392750516
0.870000000000000 0.441267057769145
0.880000000000000 0.408208319415706
0.890000000000000 0.374186216719002
0.900000000000000 0.339212978394859
0.910000000000000 0.321499980117986
0.920000000000000 0.303267585948735
0.930000000000000 0.284522574711692
0.940000000000000 0.265271804033142
0.950000000000000 0.245522201966852
0.960000000000000 0.225280758963588
0.970000000000000 0.204554520175372
0.980000000000000 0.183350578085448
0.990000000000000 0.161676065454989
1.000000000000000 0.139538148577638
1.010000000000000 0.129993520304325
1.020000000000000 0.120237387646081
1.030000000000000 0.110273025039909
1.040000000000000 0.100103714625056
1.050000000000000 0.089732743683581
1.060000000000000 0.079163402200942
1.070000000000000 0.068398980542803
1.080000000000000 0.057442767244357
1.090000000000000 0.046298046908495
1.100000000000000 0.034968098209225
1.110000000000000 0.031710406360883
1.120000000000000 0.028396984522172
1.130000000000000 0.025028811548401
1.140000000000000 0.021606863076377
1.150000000000000 0.018132111038910
1.160000000000000 0.014605523205728
1.170000000000000 0.011028062749861
1.180000000000000 0.007400687838562
1.190000000000000 0.003724351247882
1.200000000000000 0.000000000000000
1.210000000000000 0.000000000000000
1.220000000000000 0.000000000000000
1.230000000000000 0.000000000000000
1.240000000000000 0.000000000000000
1.250000000000000 0.000000000000000
1.260000000000000 0.000000000000000
1.270000000000000 0.000000000000000
1.280000000000000 0.000000000000000
1.290000000000000 0.000000000000000
1.300000000000000 -0.000000000000000
1.310000000000000 0.000000000000000
1.320000000000000 0.000000000000000
1.330000000000000 0.000000000000000
1.340000000000000 0.000000000000000
1.350000000000000 0.000000000000000
1.360000000000000 0.000000000000000
1.370000000000000 0.000000000000000
1.380000000000000 0.000000000000000
1.390000000000000 0.000000000000000
1.400000000000000 -0.000000000000000
1.410000000000000 0.000000000000000
1.420000000000000 0.000000000000000
1.430000000000000 0.000000000000000
1.440000000000000 0.000000000000000
1.450000000000000 0.000000000000000
1.460000000000000 0.000000000000000
1.470000000000000 0.000000000000000
1.480000000000000 0.000000000000000
1.490000000000000 0.000000000000000
1.500000000000000 -0.000000000000000
1.510000000000000 0.000000000000000
1.520000000000000 0.000000000000000
1.530000000000000 0.000000000000000
1.540000000000000 0.000000000000000
1.550000000000000 0.000000000000000
1.560000000000000 0.000000000000000
1.570000000000000 0.000000000000000
1.580000000000000 0.000000000000000
1.590000000000000 0.000000000000000
1.600000000000000 -0.000000000000000
1.610000000000000 0.000000000000000
1.620000000000000 0.000000000000000
1.630000000000000 0.000000000000000
1.640000000000000 0.000000000000000
1.650000000000000 0.000000000000000
1.660000000000000 0.000000000000000
1.670000000000000 0.000000000000000
1.680000000000000 0.000000000000000
1.690000000000000 0.000000000000000
1.700000000000000 0.000000000000000
1.710000000000000 0.000000000000000
1.720000000000000 0.000000000000000
1.730000000000000 0.000000000000000
1.740000000000000 0.000000000000000
1.750000000000000 0.000000000000000
1.760000000000000 0.000000000000000
1.770000000000000 0.000000000000000
1.780000000000000 0.000000000000000
1.790000000000000 0.000000000000000
1.800000000000000 -0.000000000000000
1.810000000000000 0.000000000000000
1.820000000000000 0.000000000000000
1.830000000000000 0.000000000000000
1.840000000000000 0.000000000000000
1.850000000000000 0.000000000000000
1.860000000000000 0.000000000000000
1.870000000000000 0.000000000000000
1.880000000000000 0.000000000000000
1.890000000000000 0.000000000000000
1.900000000000000 -0.000000000000000
1.910000000000000 0.000000000000000
1.920000000000000 0.000000000000000
1.930000000000000 0.000000000000000
1.940000000000000 0.000000000000000
1.950000000000000 0.000000000000000
1.960000000000000 0.000000000000000
1.970000000000000 0.000000000000000
1.980000000000000 0.000000000000000
1.990000000000000 0.000000000000000
2.000000000000000 -0.000000000000000
2.010000000000000 0.000000000000000
2.020000000000000 0.000000000000000
2.030000000000000 0.000000000000000
2.040000000000000 0.000000000000000
2.050000000000000 0.000000000000000
2.060000000000000 0.000000000000000
2.070000000000000 0.000000000000000
2.080000000000000 0.000000000000000
2.090000000000000 0.000000000000000
2.100000000000000 -0.000000000000000
2.110000000000000 0.000000000000000
2.120000000000000 0.000000000000000
2.130000000000000 0.000000000000000
2.140000000000000 0.000000000000000
2.150000000000000 0.000000000000000
2.160000000000000 0.000000000000000
2.170000000000000 0.000000000000000
2.180000000000000 0.000000000000000
2.190000000000000 0.000000000000000
2.200000000000000 -0.000000000000000
2.210000000000000 0.000000000000000
2.220000000000000 0.000000000000000
2.230000000000000 0.000000000000000
2.240000000000000 0.000000000000000
2.250000000000000 0.000000000000000
2.260000000000000 0.000000000000000
2.270000000000000 0.000000000000000
2.280000000000000 0.000000000000000
2.290000000000000 0.000000000000000
2.300000000000000 -0.000000000000000
2.310000000000000 0.000000000000000
2.320000000000000 0.000000000000000
2.330000000000000 0.000000000000000
2.340000000000000 0.000000000000000
2.350000000000000 0.000000000000000
2.360000000000000 0.000000000000000
2.370000000000000 0.000000000000000
2.380000000000000 0.000000000000000
2.390000000000000 0.000000000000000
2.400000000000000 0.000000000000000
2.410000000000000 0.000000000000000
2.420000000000000 0.000000000000000
2.430000000000000 0.000000000000000
2.440000000000000 0.000000000000000
2.450000000000000 0.000000000000000
2.460000000000000 0.000000000000000
2.470000000000000 0.000000000000000
2.480000000000000 0.000000000000000
2.490000000000000 0.000000000000000
2.500000000000000 -0.000000000000000
2.510000000000000 0.000000000000000
2.520000000000000 0.000000000000000
2.530000000000000 0.000000000000000
2.540000000000000 0.000000000000000
2.550000000000000 0.000000000000000
2.560000000000000 0.000000000000000
2.570000000000000 0.000000000000000
2.580000000000000 0.000000000000000
2.590000000000000 0.000000000000000
2.600000000000000 -0.000000000000000
2.610000000000000 0.000000000000000
2.620000000000000 0.000000000000000
2.630000000000000 0.000000000000000
2.640000000000000 0.000000000000000
2.650000000000000 0.000000000000000
2.660000000000000 0.000000000000000
2.670000000000000 0.000000000000000
2.680000000000000 0.000000000000000
2.690000000000000 0.000000000000000
2.700000000000000 -0.000000000000000
2.710000000000000 0.000000000000000
2.720000000000000 0.000000000000000
2.730000000000000 0.000000000000000
2.740000000000000 0.000000000000000
2.750000000000000 0.000000000000000
2.760000000000000 0.000000000000000
2.770000000000000 0.000000000000000
2.780000000000000 0.000000000000000
2.790000000000000 0.000000000000000
2.800000000000000 -0.000000000000000
2.810000000000000 0.000000000000000
2.820000000000000 0.000000000000000
2.830000000000000 0.000000000000000
2.840000000000000 0.000000000000000
2.850000000000000 0.000000000000000
2.860000000000000 0.000000000000000
2.870000000000000 0.000000000000000
2.880000000000000 0.000000000000000
2.890000000000000 0.000000000000000
2.900000000000000 0.000000000000000
2.910000000000000 0.000000000000000
2.920000000000000 0.000000000000000
2.930000000000000 0.000000000000000
2.940000000000000 0.000000000000000
2.950000000000000 0.000000000000000
2.960000000000000 0.000000000000000
2.970000000000000 0.000000000000000
2.980000000000000 0.000000000000000
2.990000000000000 0.000000000000000
3.000000000000000 -0.000000000000000
3.010000000000000 0.000000000000000
3.020000000000000 0.000000000000000
3.030000000000000 0.000000000000000
3.040000000000000 0.000000000000000
3.050000000000000 0.000000000000000
3.060000000000000 0.000000000000000
3.070000000000000 0.000000000000000
3.080000000000000 0.000000000000000
3.090000000000000 0.000000000000000
3.100000000000000 -0.000000000000000
3.110000000000000 0.000000000000000
3.120000000000000 0.000000000000000
3.130000000000000 0.000000000000000
3.140000000000000 0.000000000000000
3.150000000000000 0.000000000000000
3.160000000000000 0.000000000000000
3.170000000000000 0.000000000000000
3.180000000000000 0.000000000000000
3.190000000000000 0.000000000000000
3.200000000000000 -0.000000000000000
3.210000000000000 0.000000000000000
3.220000000000000 0.000000000000000
3.230000000000000 0.000000000000000
3.240000000000000 0.000000000000000
3.250000000000000 0.000000000000000
3.260000000000000 0.000000000000000
3.270000000000000 0.000000000000000
3.280000000000000 0.000000000000000
3.290000000000000 0.000000000000000
3.300000000000000 -0.000000000000000
3.310000000000000 0.000000000000000
3.320000000000000 0.000000000000000
3.330000000000000 0.000000000000000
3.340000000000000 0.000000000000000
3.350000000000000 0.000000000000000
3.360000000000000 0.000000000000000
3.370000000000000 0.000000000000000
3.380000000000000 0.000000000000000
3.390000000000000 0.000000000000000
3.400000000000000 0.000000000000000
3.410000000000000 0.000000000000000
3.420000000000000 0.000000000000000
3.430000000000000 0.000000000000000
3.440000000000000 0.000000000000000
3.450000000000000 0.000000000000000
3.460000000000000 0.000000000000000
3.470000000000000 0.000000000000000
3.480000000000000 0.000000000000000
3.490000000000000 0.000000000000000
3.500000000000000 -0.000000000000000
3.510000000000000 0.000000000000000
3.520000000000000 0.000000000000000
3.530000000000000 0.000000000000000
3.540000000000000 0.000000000000000
3.550000000000000 0.000000000000000
3.560000000000000 0.000000000000000
3.570000000000000 0.000000000000000
3.580000000000000 0.000000000000000
3.590000000000000 0.000000000000000
3.600000000000000 -0.000000000000000
3.610000000000000 0.000000000000000
3.620000000000000 0.000000000000000
3.630000000000000 0.000000000000000
3.640000000000000 0.000000000000000
3.650000000000000 0.000000000000000
3.660000000000000 0.000000000000000
3.670000000000000 0.000000000000000
3.680000000000000 0.000000000000000
3.690000000000000 0.000000000000000
3.700000000000000 -0.000000000000000
3.710000000000000 0.000000000000000
3.720000000000000 0.000000000000000
3.730000000000000 0.000000000000000
3.740000000000000 0.000000000000000
3.750000000000000 0.000000000000000
3.760000000000000 0.000000000000000
3.770000000000000 0.000000000000000
3.780000000000000 0.000000000000000
3.790000000000000 0.000000000000000
3.800000000000000 -0.000000000000000
3.810000000000000 0.000000000000000
3.820000000000000 0.000000000000000
3.830000000000000 0.000000000000000
3.840000000000000 0.000000000000000
3.850000000000000 0.000000000000000
3.860000000000000 0.000000000000000
3.870000000000000 0.000000000000000
3.880000000000000 0.000000000000000
3.890000000000000 0.000000000000000
3.900000000000000 0.000000000000000
3.910000000000000 0.000000000000000
3.920000000000000 0.000000000000000
3.930000000000000 0.000000000000000
3.940000000000000 0.000000000000000
3.950000000000000 0.000000000000000
3.960000000000000 0.000000000000000
3.970000000000000 0.000000000000000
3.980000000000000 0.000000000000000
3.990000000000000 0.000000000000000
4.000000000000000 -0.000000000000000
4.010000000000000 0.000000000000000
4.020000000000000 0.000000000000000
4.030000000000000 0.000000000000000
4.040000000000000 0.000000000000000
4.050000000000000 0.000000000000000
4.060000000000000 0.000000000000000
4.070000000000000 0.000000000000000
4.080000000000000 0.000000000000000
4.090000000000000 0.000000000000000
4.100000000000000 0.000000000000000
4.110000000000000 0.000000000000000
4.120000000000000 0.000000000000000
4.130000000000000 0.000000000000000
4.140000000000000 0.000000000000000
4.150000000000000 0.000000000000000
4.160000000000000 0.000000000000000
4.170000000000000 0.000000000000000
4.180000000000000 0.000000000000000
4.190000000000000 0.000000000000000
4.200000000000000 -0.000000000000000
4.210000000000000 0.000000000000000
4.220000000000000 0.000000000000000
4.230000000000000 0.000000000000000
4.240000000000000 0.000000000000000
4.250000000000000 0.000000000000000
4.260000000000000 0.000000000000000
4.270000000000000 0.000000000000000
4.280000000000000 0.000000000000000
4.290000000000000 0.000000000000000
4.300000000000000 -0.000000000000000
4.310000000000000 0.000000000000000
4.320000000000000 0.000000000000000
4.330000000000000 0.000000000000000
4.340000000000000 0.000000000000000
4.350000000000000 0.000000000000000
4.360000000000000 0.000000000000000
4.370000000000000 0.000000000000000
4.380000000000000 0.000000000000000
4.390000000000000 0.000000000000000
4.400000000000000 -0.000000000000000
4.410000000000000 0.000000000000000
4.420000000000000 0.000000000000000
4.430000000000000 0.000000000000000
4.440000000000000 0.000000000000000
4.450000000000000 0.000000000000000
4.460000000000000 0.000000000000000
4.470000000000000 0.000000000000000
4.480000000000000 0.000000000000000
4.490000000000000 0.000000000000000
4.500000000000000 -0.000000000000000
4.510000000000000 0.000000000000000
4.520000000000000 0.000000000000000
4.530000000000000 0.000000000000000
4.540000000000000 0.000000000000000
4.550000000000000 0.000000000000000
4.560000000000000 0.000000000000000
4.570000000000000 0.000000000000000
4.580000000000000 0.000000000000000
4.590000000000000 0.000000000000000
4.600000000000000 -0.000000000000000
4.610000000000000 0.000000000000000
4.620000000000000 0.000000000000000
4.630000000000000 0.000000000000000
4.640000000000000 0.000000000000000
4.650000000000000 0.000000000000000
4.660000000000000 0.000000000000000
4.670000000000000 0.000000000000000
4.680000000000000 0.000000000000000
4.690000000000000 0.000000000000000
4.700000000000000 -0.000000000000000
4.710000000000000 0.000000000000000
4.720000000000000 0.000000000000000
4.730000000000000 0.000000000000000
4.740000000000000 0.000000000000000
4.750000000000000 0.000000000000000
4.760000000000000 0.000000000000000
4.770000000000000 0.000000000000000
4.780000000000000 0.000000000000000
4.790000000000000 0.000000000000000
4.800000000000000 0.000000000000000
4.810000000000000 0.000000000000000
4.820000000000000 0.000000000000000
4.830000000000000 0.000000000000000
4.840000000000000 0.000000000000000
4.850000000000000 0.000000000000000
4.860000000000000 0.000000000000000
4.870000000000000 0.000000000000000
4.880000000000000 0.000000000000000
4.890000000000000 0.000000000000000
4.900000000000000 -0.000000000000000
4.910000000000000 0.000000000000000
4.920000000000000 0.000000000000000
4.930000000000000 0.000000000000000
4.940000000000000 0.000000000000000
4.950000000000000 0.000000000000000
4.960000000000000 0.000000000000000
4.970000000000000 0.000000000000000
4.980000000000000 0.000000000000000
4.990000000000000 0.000000000000000
5.000000000000000 -0.000000000000000
5.010000000000000 0.000000000000000
5.020000000000000 0.000000000000000
5.030000000000000 0.000000000000000
5.040000000000000 0.000000000000000
5.050000000000000 0.000000000000000
5.060000000000000 0.000000000000000
5.070000000000000 0.000000000000000
5.080000000000000 0.000000000000000
5.090000000000000 0.000000000000000
5.100000000000000 -0.000000000000000
5.110000000000000 0.000000000000000
5.120000000000000 0.000000000000000
5.130000000000000 0.000000000000000
5.140000000000000 0.000000000000000
5.150000000000000 0.000000000000000
5.160000000000000 0.000000000000000
5.170000000000000 0.000000000000000
5.180000000000000 0.000000000000000
5.190000000000000 0.000000000000000
5.200000000000000 -0.000000000000000
5.210000000000000 0.000000000000000
5.220000000000000 0.000000000000000
5.230000000000000 0.000000000000000
5.240000000000000 0.000000000000000
5.250000000000000 0.000000000000000
5.260000000000000 0.000000000000000
5.270000000000000 0.000000000000000
5.280000000000000 0.000000000000000
5.290000000000000 0.000000000000000
5.300000000000000 0.000000000000000
5.310000000000000 0.000000000000000
5.320000000000000 0.000000000000000
5.330000000000000 0.000000000000000
5.340000000000000 0.000000000000000
5.350000000000000 0.000000000000000
5.360000000000000 0.000000000000000
5.370000000000000 0.000000000000000
5.380000000000000 0.000000000000000
5.390000000000000 0.000000000000000
5.400000000000000 -0.000000000000000
5.410000000000000 0.000000000000000
5.420000000000000 0.000000000000000
5.430000000000000 0.000000000000000
5.440000000000000 0.000000000000000
5.450000000000000 0.000000000000000
5.460000000000000 0.000000000000000
5.470000000000000 0.000000000000000
5.480000000000000 0.000000000000000
5.490000000000000 0.000000000000000
5.500000000000000 -0.000000000000000
5.510000000000000 0.000000000000000
5.520000000000000 0.000000000000000
5.530000000000000 0.000000000000000
5.540000000000000 0.000000000000000
5.550000000000000 0.000000000000000
5.560000000000000 0.000000000000000
5.570000000000000 0.000000000000000
5.580000000000000 0.000000000000000
5.590000000000000 0.000000000000000
5.600000000000000 -0.000000000000000
5.610000000000000 0.000000000000000
5.620000000000000 0.000000000000000
5.630000000000000 0.000000000000000
5.640000000000000 0.000000000000000
5.650000000000000 0.000000000000000
5.660000000000000 0.000000000000000
5.670000000000000 0.000000000000000
5.680000000000000 0.000000000000000
5.690000000000000 0.000000000000000
5.700000000000000 -0.000000000000000
5.710000000000000 0.000000000000000
5.720000000000000 0.000000000000000
5.730000000000000 0.000000000000000
5.740000000000000 0.000000000000000
5.750000000000000 0.000000000000000
5.760000000000000 0.000000000000000
5.770000000000000 0.000000000000000
5.780000000000000 0.000000000000000
5.790000000000000 0.000000000000000
5.800000000000000 0.000000000000000
5.810000000000000 0.000000000000000
5.820000000000000 0.000000000000000
5.830000000000000 0.000000000000000
5.840000000000000 0.000000000000000
5.850000000000000 0.000000000000000
5.860000000000000 0.000000000000000
5.870000000000000 0.000000000000000
5.880000000000000 0.000000000000000
5.890000000000000 0.000000000000000
5.900000000000000 -0.000000000000000
5.910000000000000 0.000000000000000
5.920000000000000 0.000000000000000
5.930000000000000 0.000000000000000
5.940000000000000 0.000000000000000
5.950000000000000 0.000000000000000
5.960000000000000 0.000000000000000
5.970000000000000 0.000000000000000
5.980000000000000 0.000000000000000
5.990000000000000 0.000000000000000
6.000000000000000 -0.000000000000000
6.010000000000000 0.000000000000000
6.020000000000000 0.000000000000000
6.030000000000000 0.000000000000000
6.040000000000000 0.000000000000000
6.050000000000000 0.000000000000000
6.060000000000000 0.000000000000000
6.070000000000000 0.000000000000000
6.080000000000000 0.000000000000000
6.090000000000000 0.000000000000000
6.100000000000000 -0.000000000000000
6.110000000000000 0.000000000000000
6.120000000000000 0.000000000000000
6.130000000000000 0.000000000000000
6.140000000000000 0.000000000000000
6.150000000000000 0.000000000000000
6.160000000000000 0.000000000000000
6.170000000000000 0.000000000000000
6.180000000000000 0.000000000000000
6.190000000000000 0.000000000000000
6.200000000000000 -0.000000000000000
6.210000000000000 0.000000000000000
6.220000000000000 0.000000000000000
6.230000000000000 0.000000000000000
6.240000000000000 0.000000000000000
6.250000000000000 0.000000000000000
6.260000000000000 0.000000000000000
6.270000000000000 0.000000000000000
6.280000000000000 0.000000000000000
6.290000000000000 0.000000000000000
6.300000000000000 0.000000000000000
6.310000000000000 0.000000000000000
6.320000000000000 0.000000000000000
6.330000000000000 0.000000000000000
6.340000000000000 0.000000000000000
6.350000000000000 0.000000000000000
6.360000000000000 0.000000000000000
6.370000000000000 0.000000000000000
6.380000000000000 0.000000000000000
6.390000000000000 0.000000000000000
6.400000000000000 -0.000000000000000
6.410000000000000 0.000000000000000
6.420000000000000 0.000000000000000
6.430000000000000 0.000000000000000
6.440000000000000 0.000000000000000
6.450000000000000 0.000000000000000
6.460000000000000 0.000000000000000
6.470000000000000 0.000000000000000
6.480000000000000 0.000000000000000
6.490000000000000 0.000000000000000
6.500000000000000 -0.000000000000000
6.510000000000000 0.000000000000000
6.520000000000000 0.000000000000000
6.530000000000000 0.000000000000000
6.540000000000000 0.000000000000000
6.550000000000000 0.000000000000000
6.560000000000000 0.000000000000000
6.570000000000000 0.000000000000000
6.580000000000000 0.000000000000000
6.590000000000000 0.000000000000000
6.600000000000000 -0.000000000000000
6.610000000000000 0.000000000000000
6.620000000000000 0.000000000000000
6.630000000000000 0.000000000000000
6.640000000000000 0.000000000000000
6.650000000000000 0.000000000000000
6.660000000000000 0.000000000000000
6.670000000000000 0.000000000000000
6.680000000000000 0.000000000000000
6.690000000000000 0.000000000000000
6.700000000000000 -0.000000000000000
6.710000000000000 0.000000000000000
6.720000000000000 0.000000000000000
6.730000000000000 0.000000000000000
6.740000000000000 0.000000000000000
6.750000000000000 0.000000000000000
6.760000000000000 0.000000000000000
6.770000000000000 0.000000000000000
6.780000000000000 0.000000000000000
6.790000000000000 0.000000000000000
6.800000000000000 0.000000000000000
6.810000000000000 0.000000000000000
6.820000000000000 0.000000000000000
6.830000000000000 0.000000000000000
6.840000000000000 0.000000000000000
6.850000000000000 0.000000000000000
6.860000000000000 0.000000000000000
6.870000000000000 0.000000000000000
6.880000000000000 0.000000000000000
6.890000000000000 0.000000000000000
6.900000000000000 -0.000000000000000
6.910000000000000 0.000000000000000
6.920000000000000 0.000000000000000
6.930000000000000 0.000000000000000
6.940000000000000 0.000000000000000
6.950000000000000 0.000000000000000
6.960000000000000 0.000000000000000
6.970000000000000 0.000000000000000
6.980000000000000 0.000000000000000
6.990000000000000 0.000000000000000
7.000000000000000 -0.000000000000000
7.010000000000000 0.000000000000000
7.020000000000000 0.000000000000000
7.030000000000000 0.000000000000000
7.040000000000000 0.000000000000000
7.050000000000000 0.000000000000000
7.060000000000000 0.000000000000000
7.070000000000000 0.000000000000000
7.080000000000000 0.000000000000000
7.090000000000000 0.000000000000000
7.100000000000000 -0.000000000000000
7.110000000000000 0.000000000000000
7.120000000000000 0.000000000000000
7.130000000000000 0.000000000000000
7.140000000000000 0.000000000000000
7.150000000000000 0.000000000000000
7.160000000000000 0.000000000000000
7.170000000000000 0.000000000000000
7.180000000000000 0.000000000000000
7.190000000000000 0.000000000000000
7.200000000000000 -0.000000000000000
7.210000000000000 0.000000000000000
7.220000000000000 0.000000000000000
7.230000000000000 0.000000000000000
7.240000000000000 0.000000000000000
7.250000000000000 0.000000000000000
7.260000000000000 0.000000000000000
7.270000000000000 0.000000000000000
7.280000000000000 0.000000000000000
7.290000000000000 0.000000000000000
7.300000000000000 0.000000000000000
7.310000000000000 0.000000000000000
7.320000000000000 0.000000000000000
7.330000000000000 0.000000000000000
7.340000000000000 0.000000000000000
7.350000000000000 0.000000000000000
7.360000000000000 0.000000000000000
7.370000000000000 0.000000000000000
7.380000000000000 0.000000000000000
7.390000000000000 0.000000000000000
7.400000000000000 -0.000000000000000
7.410000000000000 0.000000000000000
7.420000000000000 0.000000000000000
7.430000000000000 0.000000000000000
7.440000000000000 0.000000000000000
7.450000000000000 0.000000000000000
7.460000000000000 0.000000000000000
7.470000000000000 0.000000000000000
7.480000000000000 0.000000000000000
7.490000000000000 0.000000000000000
7.500000000000000 -0.000000000000000
7.510000000000000 0.000000000000000
7.520000000000000 0.000000000000000
7.530000000000000 0.000000000000000
7.540000000000000 0.000000000000000
7.550000000000000 0.000000000000000
7.560000000000000 0.000000000000000
7.570000000000000 0.000000000000000
7.580000000000000 0.000000000000000
7.590000000000000 0.000000000000000
7.600000000000000 -0.000000000000000
7.610000000000000 0.000000000000000
7.620000000000000 0.000000000000000
7.630000000000000 0.000000000000000
7.640000000000000 0.000000000000000
7.650000000000000 0.000000000000000
7.660000000000000 0.000000000000000
7.670000000000000 0.000000000000000
7.680000000000000 0.000000000000000
7.690000000000000 0.000000000000000
7.700000000000000 -0.000000000000000
7.710000000000000 0.000000000000000
7.720000000000000 0.000000000000000
7.730000000000000 0.000000000000000
7.740000000000000 0.000000000000000
7.750000000000000 0.000000000000000
7.760000000000000 0.000000000000000
7.770000000000000 0.000000000000000
7.780000000000000 0.000000000000000
7.790000000000000 0.000000000000000
7.800000000000000 0.000000000000000
7.810000000000000 0.000000000000000
7.820000000000000 0.000000000000000
7.830000000000000 0.000000000000000
7.840000000000000 0.000000000000000
7.850000000000000 0.000000000000000
7.860000000000000 0.000000000000000
7.870000000000000 0.000000000000000
7.880000000000000 0.000000000000000
7.890000000000000 0.000000000000000
7.900000000000000 -0.000000000000000
7.910000000000000 0.000000000000000
7.920000000000000 0.000000000000000
7.930000000000000 0.000000000000000
7.940000000000000 0.000000000000000
7.950000000000000 0.000000000000000
7.960000000000000 0.000000000000000
7.970000000000000 0.000000000000000
7.980000000000000 0.000000000000000
7.990000000000000 0.000000000000000
8.000000000000000 -0.000000000000000
8.010000000000000 0.000000000000000
8.020000000000000 0.000000000000000
8.029999999999999 0.000000000000000
8.039999999999999 0.000000000000000
8.050000000000001 0.000000000000000
8.060000000000000 0.000000000000000
8.070000000000000 0.000000000000000
8.080000000000000 0.000000000000000
8.090000000000000 0.000000000000000
8.100000000000000 -0.000000000000000
8.109999999999999 0.000000000000000
8.119999999999999 0.000000000000000
8.130000000000001 0.000000000000000
8.140000000000001 0.000000000000000
8.150000000000000 0.000000000000000
8.160000000000000 0.000000000000000
8.170000000000000 0.000000000000000
8.180000000000000 0.000000000000000
8.190000000000000 0.000000000000000
8.199999999999999 0.000000000000000
8.210000000000001 0.000000000000000
8.220000000000001 0.000000000000000
8.230000000000000 0.000000000000000
8.240000000000000 0.000000000000000
8.250000000000000 0.000000000000000
8.260000000000000 0.000000000000000
8.270000000000000 0.000000000000000
8.279999999999999 0.000000000000000
8.289999999999999 0.000000000000000
8.300000000000001 -0.000000000000000
8.310000000000000 0.000000000000000
8.320000000000000 0.000000000000000
8.330000000000000 0.000000000000000
8.340000000000000 0.000000000000000
8.350000000000000 0.000000000000000
8.359999999999999 0.000000000000000
8.369999999999999 0.000000000000000
8.380000000000001 0.000000000000000
8.390000000000001 0.000000000000000
8.400000000000000 -0.000000000000000
8.410000000000000 0.000000000000000
8.420000000000000 0.000000000000000
8.430000000000000 0.000000000000000
8.440000000000000 0.000000000000000
8.449999999999999 0.000000000000000
8.460000000000001 0.000000000000000
8.470000000000001 0.000000000000000
8.480000000000000 0.000000000000000
8.490000000000000 0.000000000000000
8.500000000000000 -0.000000000000000
8.510000000000000 0.000000000000000
8.520000000000000 0.000000000000000
8.529999999999999 0.000000000000000
8.539999999999999 0.000000000000000
8.550000000000001 0.000000000000000
8.560000000000000 0.000000000000000
8.570000000000000 0.000000000000000
8.580000000000000 0.000000000000000
8.590000000000000 0.000000000000000
8.600000000000000 -0.000000000000000
8.609999999999999 0.000000000000000
8.619999999999999 0.000000000000000
8.630000000000001 0.000000000000000
8.640000000000001 0.000000000000000
8.650000000000000 0.000000000000000
8.660000000000000 0.000000000000000
8.670000000000000 0.000000000000000
8.680000000000000 0.000000000000000
8.690000000000000 0.000000000000000
8.699999999999999 -0.000000000000000
8.710000000000001 0.000000000000000
8.720000000000001 0.000000000000000
8.730000000000000 0.000000000000000
8.740000000000000 0.000000000000000
8.750000000000000 0.000000000000000
8.760000000000000 0.000000000000000
8.770000000000000 0.000000000000000
8.779999999999999 0.000000000000000
8.789999999999999 0.000000000000000
8.800000000000001 -0.000000000000000
8.810000000000000 0.000000000000000
8.820000000000000 0.000000000000000
8.830000000000000 0.000000000000000
8.840000000000000 0.000000000000000
8.850000000000000 0.000000000000000
8.859999999999999 0.000000000000000
8.869999999999999 0.000000000000000
8.880000000000001 0.000000000000000
8.890000000000001 0.000000000000000
8.900000000000000 -0.000000000000000
8.910000000000000 0.000000000000000
8.920000000000000 0.000000000000000
8.930000000000000 0.000000000000000
8.940000000000000 0.000000000000000
8.949999999999999 0.000000000000000
8.960000000000001 0.000000000000000
8.970000000000001 0.000000000000000
8.980000000000000 0.000000000000000
8.990000000000000 0.000000000000000
9.000000000000000 -0.000000000000000
9.010000000000000 0.000000000000000
9.020000000000000 0.000000000000000
9.029999999999999 0.000000000000000
9.039999999999999 0.000000000000000
9.050000000000001 0.000000000000000
9.060000000000000 0.000000000000000
9.070000000000000 0.000000000000000
9.080000000000000 0.000000000000000
9.090000000000000 0.000000000000000
9.100000000000000 -0.000000000000000
9.109999999999999 0.000000000000000
9.119999999999999 0.000000000000000
9.130000000000001 0.000000000000000
9.140000000000001 0.000000000000000
9.150000000000000 0.000000000000000
9.160000000000000 0.000000000000000
9.170000000000000 0.000000000000000
9.180000000000000 0.000000000000000
9.190000000000000 0.000000000000000
9.199999999999999 -0.000000000000000
9.210000000000001 0.000000000000000
9.220000000000001 0.000000000000000
9.230000000000000 0.000000000000000
9.240000000000000 0.000000000000000
9.250000000000000 0.000000000000000
9.260000000000000 0.000000000000000
9.270000000000000 0.000000000000000
9.279999999999999 0.000000000000000
9.289999999999999 0.000000000000000
9.300000000000001 -0.000000000000000
9.310000000000000 0.000000000000000
9.320000000000000 0.000000000000000
9.330000000000000 0.000000000000000
9.340000000000000 0.000000000000000
9.350000000000000 0.000000000000000
9.359999999999999 0.000000000000000
9.369999999999999 0.000000000000000
9.380000000000001 0.000000000000000
9.390000000000001 0.000000000000000
9.400000000000000 -0.000000000000000
9.410000000000000 0.000000000000000
9.420000000000000 0.000000000000000
9.430000000000000 0.000000000000000
9.440000000000000 0.000000000000000
9.449999999999999 0.000000000000000
9.460000000000001 0.000000000000000
9.470000000000001 0.000000000000000
9.480000000000000 0.000000000000000
9.490000000000000 0.000000000000000
9.500000000000000 -0.000000000000000
9.510000000000000 0.000000000000000
9.520000000000000 0.000000000000000
9.529999999999999 0.000000000000000
9.539999999999999 0.000000000000000
9.550000000000001 0.000000000000000
9.560000000000000 0.000000000000000
9.570000000000000 0.000000000000000
9.580000000000000 0.000000000000000
9.590000000000000 0.000000000000000
9.600000000000000 0.000000000000000
9.609999999999999 0.000000000000000
9.619999999999999 0.000000000000000
9.630000000000001 0.000000000000000
9.640000000000001 0.000000000000000
9.650000000000000 0.000000000000000
9.660000000000000 0.000000000000000
9.670000000000000 0.000000000000000
9.680000000000000 0.000000000000000
9.690000000000000 0.000000000000000
9.699999999999999 -0.000000000000000
9.710000000000001 0.000000000000000
9.720000000000001 0.000000000000000
9.730000000000000 0.000000000000000
9.740000000000000 0.000000000000000
9.750000000000000 0.000000000000000
9.760000000000000 0.000000000000000
9.770000000000000 0.000000000000000
9.779999999999999 0.000000000000000
9.789999999999999 0.000000000000000
9.800000000000001 -0.000000000000000
9.810000000000000 0.000000000000000
9.820000000000000 0.000000000000000
9.830000000000000 0.000000000000000
9.840000000000000 0.000000000000000
9.850000000000000 0.000000000000000
9.859999999999999 0.000000000000000
9.869999999999999 0.000000000000000
9.880000000000001 0.000000000000000
9.890000000000001 0.000000000000000
9.900000000000000 -0.000000000000000
9.910000000000000 0.000000000000000
9.920000000000000 0.000000000000000
9.930000000000000 0.000000000000000
9.940000000000000 0.000000000000000
9.949999999999999 0.000000000000000
9.960000000000001 0.000000000000000
9.970000000000001 0.000000000000000
9.980000000000000 0.000000000000000
9.990000000000000 0.000000000000000
10.000000000000000 -0.000000000000000
