0.000000000000000 0.000000000000000
0.010000000000000 0.000264403282752
0.020000000000000 0.001057320391339
0.030000000000000 0.002377981706142
0.040000000000000 0.004225186541848
0.050000000000000 0.006597315465059
0.060000000000000 0.009492342939146
0.070000000000000 0.012907850258946
0.080000000000000 0.016841038738234
0.090000000000000 0.021288743113327
0.100000000000000 0.026247445126778
0.110000000000000 0.031655422009150
0.120000000000000 0.037545588943953
0.130000000000000 0.043911219242208
0.140000000000000 0.050745387800960
0.150000000000000 0.058040984009130
0.160000000000000 0.065790724534085
0.170000000000000 0.073987165965509
0.180000000000000 0.082622717294452
0.190000000000000 0.091689652206860
0.200000000000000 0.101180121172283
0.210000000000000 0.110849697067989
0.220000000000000 0.120885612330371
0.230000000000000 0.131277844751764
0.240000000000000 0.142016403059631
0.250000000000000 0.153091335615016
0.260000000000000 0.164492738754683
0.270000000000000 0.176210764773973
0.280000000000000 0.188235629548509
0.290000000000000 0.200557619794021
0.300000000000000 0.213167099964549
0.310000000000000 0.225550790528932
0.320000000000000 0.238147621005698
0.330000000000000 0.250947016704691
0.340000000000000 0.263938601356033
0.350000000000000 0.277112199580834
0.360000000000000 0.290457839006142
0.370000000000000 0.303965752035481
0.380000000000000 0.317626377286662
0.390000000000000 0.331430360708832
0.400000000000000 0.345368556390916
0.410000000000000 0.358638097916313
0.420000000000000 0.371962970194091
0.430000000000000 0.385334097718120
0.440000000000000 0.398742688677893
0.450000000000000 0.412180231797199
0.460000000000000 0.425638492962735
0.470000000000000 0.439109511658275
0.480000000000000 0.452585597219602
0.490000000000000 0.466059324925059
0.500000000000000 0.479523531936129
0.510000000000000 0.491969029700645
0.520000000000000 0.504334046747737
0.530000000000000 0.516612124862117
0.540000000000000 0.528797100233472
0.550000000000000 0.540883096739595
0.560000000000000 0.552864519196627
0.570000000000000 0.564736046588817
0.580000000000000 0.576492625289558
0.590000000000000 0.588129462284836
0.600000000000000 0.599642018409561
0.610000000000000 0.609944538269172
0.620000000000000 0.620066813618709
0.630000000000000 0.630005249001032
0.640000000000000 0.639756504934075
0.650000000000000 0.649317489883875
0.660000000000000 0.658685352339571
0.670000000000000 0.667857472996845
0.680000000000000 0.676831457055766
0.690000000000000 0.685605126638383
0.700000000000000 0.694176513330826
0.710000000000000 0.701617141413893
0.720000000000000 0.708820055694953
0.730000000000000 0.715784155746975
0.740000000000000 0.722508535002086
0.750000000000000 0.728992473165355
0.760000000000000 0.735235428797903
0.770000000000000 0.741237032070599
0.780000000000000 0.746997077689261
0.790000000000000 0.752515517991894
0.800000000000000 0.757792456218125
0.810000000000000 0.762101943006566
0.820000000000000 0.766150468284490
0.830000000000000 0.769938790554748
0.840000000000000 0.773467798858462
0.850000000000000 0.776738506495779
0.860000000000000 0.779752044929123
0.870000000000000 0.782509657866991
0.880000000000000 0.785012695526133
0.890000000000000 0.787262609069791
0.900000000000000 0.789260945219517
0.910000000000000 0.790652381495533
0.920000000000000 0.791787621066858
0.930000000000000 0.792668582767971
0.940000000000000 0.793297262014986
0.950000000000000 0.793675726119728
0.960000000000000 0.793806109765398
0.970000000000000 0.793690610640510
0.980000000000000 0.793331485227740
0.990000000000000 0.792731044744248
1.000000000000000 0.791891651230082
1.010000000000000 0.790803553670150
1.020000000000000 0.789481143395519
1.030000000000000 0.787926916559312
1.040000000000000 0.786143405904063
1.050000000000000 0.784133177535829
1.060000000000000 0.781898827825723
1.070000000000000 0.779442980435417
1.080000000000000 0.776768283463220
1.090000000000000 0.773877406707362
1.100000000000000 0.770773039043150
1.110000000000000 0.767762330185393
1.120000000000000 0.764548090885953
1.130000000000000 0.761132968839343
1.140000000000000 0.757519621757373
1.150000000000000 0.753710715305262
1.160000000000000 0.749708921130356
1.170000000000000 0.745516914980518
1.180000000000000 0.741137374909317
1.190000000000000 0.736572979565207
1.200000000000000 0.731826406561930
1.210000000000000 0.727482858708263
1.220000000000000 0.722969605773975
1.230000000000000 0.718289169956894
1.240000000000000 0.713444067741109
1.250000000000000 0.708436808674504
1.260000000000000 0.703269894209439
1.270000000000000 0.697945816604306
1.280000000000000 0.692467057883821
1.290000000000000 0.686836088855894
1.300000000000000 0.681055368183036
1.310000000000000 0.675879304940142
1.320000000000000 0.670565932056441
1.330000000000000 0.665117502805660
1.340000000000000 0.659536256727504
1.350000000000000 0.653824418967729
1.360000000000000 0.647984199659153
1.370000000000000 0.642017793341985
1.380000000000000 0.635927378421962
1.390000000000000 0.629715116664777
1.400000000000000 0.623383152725360
1.410000000000000 0.617802474902005
1.420000000000000 0.612113514221681
1.430000000000000 0.606318194661079
1.440000000000000 0.600418423463018
1.450000000000000 0.594416090829238
1.460000000000000 0.588313069638526
1.470000000000000 0.582111215189086
1.480000000000000 0.575812364964131
1.490000000000000 0.569418338419694
1.500000000000000 0.562930936793686
1.510000000000000 0.557266669100626
1.520000000000000 0.551518772167956
1.530000000000000 0.545688837392077
1.540000000000000 0.539778439376563
1.550000000000000 0.533789135831500
1.560000000000000 0.527722467487805
1.570000000000000 0.521579958025817
1.580000000000000 0.515363114017512
1.590000000000000 0.509073424881681
1.600000000000000 0.502712362851457
1.610000000000000 0.497191616303513
1.620000000000000 0.491607421103104
1.630000000000000 0.485961063344995
1.640000000000000 0.480253813795831
1.650000000000000 0.474486927904983
1.660000000000000 0.468661645823816
1.670000000000000 0.462779192432927
1.680000000000000 0.456840777376957
1.690000000000000 0.450847595106559
1.700000000000000 0.444800824927134
1.710000000000000 0.439578742367895
1.720000000000000 0.434309309734832
1.730000000000000 0.428993547799675
1.740000000000000 0.423632464116419
1.750000000000000 0.418227053085327
1.760000000000000 0.412778296021339
1.770000000000000 0.407287161226645
1.780000000000000 0.401754604067156
1.790000000000000 0.396181567052622
1.800000000000000 0.390568979920185
1.810000000000000 0.385734047742270
1.820000000000000 0.380864309856156
1.830000000000000 0.375960565839018
1.840000000000000 0.371023604279255
1.850000000000000 0.366054202859929
1.860000000000000 0.361053128444287
1.870000000000000 0.356021137163206
1.880000000000000 0.350958974504410
1.890000000000000 0.345867375403317
1.900000000000000 0.340747064335383
1.910000000000000 0.336345215622231
1.920000000000000 0.331918176988491
1.930000000000000 0.327466568209576
1.940000000000000 0.322991000156294
1.950000000000000 0.318492074879559
1.960000000000000 0.313970385695872
1.970000000000000 0.309426517273490
1.980000000000000 0.304861045719185
1.990000000000000 0.300274538665534
2.000000000000000 0.295667555358632
2.010000000000000 0.291711219505072
2.020000000000000 0.287736953536213
2.030000000000000 0.283745234012378
2.040000000000000 0.279736530408223
2.050000000000000 0.275711305189938
2.060000000000000 0.271670013892531
2.070000000000000 0.267613105197159
2.080000000000000 0.263541021008442
2.090000000000000 0.259454196531724
2.100000000000000 0.255353060350241
2.110000000000000 0.251833568553234
2.120000000000000 0.248301558130247
2.130000000000000 0.244757393161730
2.140000000000000 0.241201432165082
2.150000000000000 0.237634028160921
2.160000000000000 0.234055528739113
2.170000000000000 0.230466276124527
2.180000000000000 0.226866607242514
2.190000000000000 0.223256853784062
2.200000000000000 0.219637342270620
2.210000000000000 0.216531868446444
2.220000000000000 0.213417860349810
2.230000000000000 0.210295594705671
2.240000000000000 0.207165343914520
2.250000000000000 0.204027376107186
2.260000000000000 0.200881955199260
2.270000000000000 0.197729340945145
2.280000000000000 0.194569788991709
2.290000000000000 0.191403550931540
2.300000000000000 0.188230874355792
2.310000000000000 0.185508722619884
2.320000000000000 0.182780935100347
2.330000000000000 0.180047721238974
2.340000000000000 0.177309287140955
2.350000000000000 0.174565835619060
2.360000000000000 0.171817566237433
2.370000000000000 0.169064675354994
2.380000000000000 0.166307356168439
2.390000000000000 0.163545798754837
2.400000000000000 0.160780190113827
2.410000000000000 0.158407241855510
2.420000000000000 0.156030739745967
2.430000000000000 0.153650841716393
2.440000000000000 0.151267703138455
2.450000000000000 0.148881476859303
2.460000000000000 0.146492313236202
2.470000000000000 0.144100360170817
2.480000000000000 0.141705763143123
2.490000000000000 0.139308665244961
2.500000000000000 0.136909207213223
2.510000000000000 0.134849926223261
2.520000000000000 0.132788565029821
2.530000000000000 0.130725242342769
2.540000000000000 0.128660074917091
2.550000000000000 0.126593177580271
2.560000000000000 0.124524663259352
2.570000000000000 0.122454643007692
2.580000000000000 0.120383226031398
2.590000000000000 0.118310519715467
2.600000000000000 0.116236629649600
2.610000000000000 0.114456647893890
2.620000000000000 0.112675610915002
2.630000000000000 0.110893607663770
2.640000000000000 0.109110725603251
2.650000000000000 0.107327050729938
2.660000000000000 0.105542667594701
2.670000000000000 0.103757659323481
2.680000000000000 0.101972107637719
2.690000000000000 0.100186092874541
2.700000000000000 0.098399694006682
2.710000000000000 0.096865780882703
2.720000000000000 0.095331509759357
2.730000000000000 0.093796947106478
2.740000000000000 0.092262158264445
2.750000000000000 0.090727207460495
2.760000000000000 0.089192157824825
2.770000000000000 0.087657071406495
2.780000000000000 0.086122009189113
2.790000000000000 0.084587031106324
2.800000000000000 0.083052196057099
2.810000000000000 0.081734502772893
2.820000000000000 0.080416911274621
2.830000000000000 0.079099471071825
2.840000000000000 0.077782230818714
2.850000000000000 0.076465238326641
2.860000000000000 0.075148540576419
2.870000000000000 0.073832183730463
2.880000000000000 0.072516213144779
2.890000000000000 0.071200673380787
2.900000000000000 0.069885608216989
2.910000000000000 0.068756603581934
2.920000000000000 0.067627990591203
2.930000000000000 0.066499806001510
2.940000000000000 0.065372085923058
2.950000000000000 0.064244865829037
2.960000000000000 0.063118180564996
2.970000000000000 0.061992064358090
2.980000000000000 0.060866550826200
2.990000000000000 0.059741672986921
3.000000000000000 0.058617463266437
3.010000000000000 0.057652437350805
3.020000000000000 0.056687972854594
3.030000000000000 0.055724096968246
3.040000000000000 0.054760836394345
3.050000000000000 0.053798217354827
3.060000000000000 0.052836265598096
3.070000000000000 0.051875006406029
3.080000000000000 0.050914464600896
3.090000000000000 0.049954664552180
3.100000000000000 0.048995630183295
3.110000000000000 0.048172711204793
3.120000000000000 0.047350439794656
3.130000000000000 0.046528835982614
3.140000000000000 0.045707919430872
3.150000000000000 0.044887709439566
3.160000000000000 0.044068224952147
3.170000000000000 0.043249484560678
3.180000000000000 0.042431506511072
3.190000000000000 0.041614308708241
3.200000000000000 0.040797908721180
3.210000000000000 0.040097793604165
3.220000000000000 0.039398355193779
3.230000000000000 0.038699608173189
3.240000000000000 0.038001566949153
3.250000000000000 0.037304245656135
3.260000000000000 0.036607658160371
3.270000000000000 0.035911818063868
3.280000000000000 0.035216738708347
3.290000000000000 0.034522433179138
3.300000000000000 0.033828914309008
3.310000000000000 0.033234627237618
3.320000000000000 0.032641008296306
3.330000000000000 0.032048068187822
3.340000000000000 0.031455817407387
3.350000000000000 0.030864266245797
3.360000000000000 0.030273424792477
3.370000000000000 0.029683302938498
3.380000000000000 0.029093910379542
3.390000000000000 0.028505256618837
3.400000000000000 0.027917350970037
3.410000000000000 0.027414056719272
3.420000000000000 0.026911398105931
3.430000000000000 0.026409382878816
3.440000000000000 0.025908018631201
3.450000000000000 0.025407312803170
3.460000000000000 0.024907272683912
3.470000000000000 0.024407905413981
3.480000000000000 0.023909217987534
3.490000000000000 0.023411217254526
3.500000000000000 0.022913909922880
3.510000000000000 0.022488777890283
3.520000000000000 0.022064234717577
3.530000000000000 0.021640285968540
3.540000000000000 0.021216937090660
3.550000000000000 0.020794193416883
3.560000000000000 0.020372060167331
3.570000000000000 0.019950542451006
3.580000000000000 0.019529645267457
3.590000000000000 0.019109373508430
3.600000000000000 0.018689731959498
3.610000000000000 0.018331540775899
3.620000000000000 0.017973884352080
3.630000000000000 0.017616766643362
3.640000000000000 0.017260191518319
3.650000000000000 0.016904162760081
3.660000000000000 0.016548684067626
3.670000000000000 0.016193759057047
3.680000000000000 0.015839391262807
3.690000000000000 0.015485584138969
3.700000000000000 0.015132341060413
3.710000000000000 0.014831425898160
3.720000000000000 0.014530988656525
3.730000000000000 0.014231032112546
3.740000000000000 0.013931558978738
3.750000000000000 0.013632571904059
3.760000000000000 0.013334073474884
3.770000000000000 0.013036066215941
3.780000000000000 0.012738552591252
3.790000000000000 0.012441535005052
3.800000000000000 0.012145015802698
3.810000000000000 0.011893008028399
3.820000000000000 0.011641421749627
3.830000000000000 0.011390258885788
3.840000000000000 0.011139521308450
3.850000000000000 0.010889210842070
3.860000000000000 0.010639329264705
3.870000000000000 0.010389878308721
3.880000000000000 0.010140859661487
3.890000000000000 0.009892274966061
3.900000000000000 0.009644125821866
3.910000000000000 0.009433808750601
3.920000000000000 0.009223859165690
3.930000000000000 0.009014278367062
3.940000000000000 0.008805067619319
3.950000000000000 0.008596228152268
3.960000000000000 0.008387761161458
3.970000000000000 0.008179667808699
3.980000000000000 0.007971949222582
3.990000000000000 0.007764606498983
4.000000000000000 0.007557640701570
4.010000000000000 0.007382782812756
4.020000000000000 0.007208242060922
4.030000000000000 0.007034019302824
4.040000000000000 0.006860115369245
4.050000000000000 0.006686531065390
4.060000000000000 0.006513267171277
4.070000000000000 0.006340324442127
4.080000000000000 0.006167703608746
4.090000000000000 0.005995405377899
4.100000000000000 0.005823430432682
4.110000000000000 0.005678689874351
4.120000000000000 0.005534220381870
4.130000000000000 0.005390022498633
4.140000000000000 0.005246096749040
4.150000000000000 0.005102443638787
4.160000000000000 0.004959063655155
4.170000000000000 0.004815957267300
4.180000000000000 0.004673124926528
4.190000000000000 0.004530567066576
4.200000000000000 0.004388284103883
4.210000000000000 0.004269051437124
4.220000000000000 0.004150048357226
4.230000000000000 0.004031275189390
4.240000000000000 0.003912732245010
4.250000000000000 0.003794419821890
4.260000000000000 0.003676338204454
4.270000000000000 0.003558487663958
4.280000000000000 0.003440868458695
4.290000000000000 0.003323480834197
4.300000000000000 0.003206325023436
4.310000000000000 0.003108645185775
4.320000000000000 0.003011158057798
4.330000000000000 0.002913863815747
4.340000000000000 0.002816762625905
4.350000000000000 0.002719854644751
4.360000000000000 0.002623140019119
4.370000000000000 0.002526618886344
4.380000000000000 0.002430291374420
4.390000000000000 0.002334157602140
4.400000000000000 0.002238217679251
4.410000000000000 0.002158694143640
4.420000000000000 0.002079330897028
4.430000000000000 0.002000128016649
4.440000000000000 0.001921085572619
4.450000000000000 0.001842203628046
4.460000000000000 0.001763482239142
4.470000000000000 0.001684921455333
4.480000000000000 0.001606521319369
4.490000000000000 0.001528281867433
4.500000000000000 0.001450203129241
4.510000000000000 0.001385923324766
4.520000000000000 0.001321775589738
4.530000000000000 0.001257759938032
4.540000000000000 0.001193876378487
4.550000000000000 0.001130124914985
4.560000000000000 0.001066505546533
4.570000000000000 0.001003018267338
4.580000000000000 0.000939663066892
4.590000000000000 0.000876439930043
4.600000000000000 0.000813348837077
4.610000000000000 0.000761813853080
4.620000000000000 0.000710386612209
4.630000000000000 0.000659067090059
4.640000000000000 0.000607855258703
4.650000000000000 0.000556751086755
4.660000000000000 0.000505754539425
4.670000000000000 0.000454865578575
4.680000000000000 0.000404084162778
4.690000000000000 0.000353410247368
4.700000000000000 0.000302843784498
4.710000000000000 0.000272268139067
4.720000000000000 0.000241757315074
4.730000000000000 0.000211311279847
4.740000000000000 0.000180929998894
4.750000000000000 0.000150613435936
4.760000000000000 0.000120361552939
4.770000000000000 0.000090174310138
4.780000000000000 0.000060051666074
4.790000000000000 0.000029993577617
4.800000000000000 0.000000000000000
4.810000000000000 0.000000000000000
4.820000000000000 0.000000000000000
4.830000000000000 0.000000000000000
4.840000000000000 0.000000000000000
4.850000000000000 0.000000000000000
4.860000000000000 0.000000000000000
4.870000000000000 0.000000000000000
4.880000000000000 0.000000000000000
4.890000000000000 0.000000000000000
4.900000000000000 -0.000000000000000
4.910000000000000 0.000000000000000
4.920000000000000 0.000000000000000
4.930000000000000 0.000000000000000
4.940000000000000 0.000000000000000
4.950000000000000 0.000000000000000
4.960000000000000 0.000000000000000
4.970000000000000 0.000000000000000
4.980000000000000 0.000000000000000
4.990000000000000 0.000000000000000
5.000000000000000 -0.000000000000000
5.010000000000000 0.000000000000000
5.020000000000000 0.000000000000000
5.030000000000000 0.000000000000000
5.040000000000000 0.000000000000000
5.050000000000000 0.000000000000000
5.060000000000000 0.000000000000000
5.070000000000000 0.000000000000000
5.080000000000000 0.000000000000000
5.090000000000000 0.000000000000000
5.100000000000000 -0.000000000000000
5.110000000000000 0.000000000000000
5.120000000000000 0.000000000000000
5.130000000000000 0.000000000000000
5.140000000000000 0.000000000000000
5.150000000000000 0.000000000000000
5.160000000000000 0.000000000000000
5.170000000000000 0.000000000000000
5.180000000000000 0.000000000000000
5.190000000000000 0.000000000000000
5.200000000000000 -0.000000000000000
5.210000000000000 0.000000000000000
5.220000000000000 0.000000000000000
5.230000000000000 0.000000000000000
5.240000000000000 0.000000000000000
5.250000000000000 0.000000000000000
5.260000000000000 0.000000000000000
5.270000000000000 0.000000000000000
5.280000000000000 0.000000000000000
5.290000000000000 0.000000000000000
5.300000000000000 0.000000000000000
5.310000000000000 0.000000000000000
5.320000000000000 0.000000000000000
5.330000000000000 0.000000000000000
5.340000000000000 0.000000000000000
5.350000000000000 0.000000000000000
5.360000000000000 0.000000000000000
5.370000000000000 0.000000000000000
5.380000000000000 0.000000000000000
5.390000000000000 0.000000000000000
5.400000000000000 -0.000000000000000
5.410000000000000 0.000000000000000
5.420000000000000 0.000000000000000
5.430000000000000 0.000000000000000
5.440000000000000 0.000000000000000
5.450000000000000 0.000000000000000
5.460000000000000 0.000000000000000
5.470000000000000 0.000000000000000
5.480000000000000 0.000000000000000
5.490000000000000 0.000000000000000
5.500000000000000 -0.000000000000000
5.510000000000000 0.000000000000000
5.520000000000000 0.000000000000000
5.530000000000000 0.000000000000000
5.540000000000000 0.000000000000000
5.550000000000000 0.000000000000000
5.560000000000000 0.000000000000000
5.570000000000000 0.000000000000000
5.580000000000000 0.000000000000000
5.590000000000000 0.000000000000000
5.600000000000000 -0.000000000000000
5.610000000000000 0.000000000000000
5.620000000000000 0.000000000000000
5.630000000000000 0.000000000000000
5.640000000000000 0.000000000000000
5.650000000000000 0.000000000000000
5.660000000000000 0.000000000000000
5.670000000000000 0.000000000000000
5.680000000000000 0.000000000000000
5.690000000000000 0.000000000000000
5.700000000000000 -0.000000000000000
5.710000000000000 0.000000000000000
5.720000000000000 0.000000000000000
5.730000000000000 0.000000000000000
5.740000000000000 0.000000000000000
5.750000000000000 0.000000000000000
5.760000000000000 0.000000000000000
5.770000000000000 0.000000000000000
5.780000000000000 0.000000000000000
5.790000000000000 0.000000000000000
5.800000000000000 0.000000000000000
5.810000000000000 0.000000000000000
5.820000000000000 0.000000000000000
5.830000000000000 0.000000000000000
5.840000000000000 0.000000000000000
5.850000000000000 0.000000000000000
5.860000000000000 0.000000000000000
5.870000000000000 0.000000000000000
5.880000000000000 0.000000000000000
5.890000000000000 0.000000000000000
5.900000000000000 -0.000000000000000
5.910000000000000 0.000000000000000
5.920000000000000 0.000000000000000
5.930000000000000 0.000000000000000
5.940000000000000 0.000000000000000
5.950000000000000 0.000000000000000
5.960000000000000 0.000000000000000
5.970000000000000 0.000000000000000
5.980000000000000 0.000000000000000
5.990000000000000 0.000000000000000
6.000000000000000 -0.000000000000000
6.010000000000000 0.000000000000000
6.020000000000000 0.000000000000000
6.030000000000000 0.000000000000000
6.040000000000000 0.000000000000000
6.050000000000000 0.000000000000000
6.060000000000000 0.000000000000000
6.070000000000000 0.000000000000000
6.080000000000000 0.000000000000000
6.090000000000000 0.000000000000000
6.100000000000000 -0.000000000000000
6.110000000000000 0.000000000000000
6.120000000000000 0.000000000000000
6.130000000000000 0.000000000000000
6.140000000000000 0.000000000000000
6.150000000000000 0.000000000000000
6.160000000000000 0.000000000000000
6.170000000000000 0.000000000000000
6.180000000000000 0.000000000000000
6.190000000000000 0.000000000000000
6.200000000000000 -0.000000000000000
6.210000000000000 0.000000000000000
6.220000000000000 0.000000000000000
6.230000000000000 0.000000000000000
6.240000000000000 0.000000000000000
6.250000000000000 0.000000000000000
6.260000000000000 0.000000000000000
6.270000000000000 0.000000000000000
6.280000000000000 0.000000000000000
6.290000000000000 0.000000000000000
6.300000000000000 0.000000000000000
6.310000000000000 0.000000000000000
6.320000000000000 0.000000000000000
6.330000000000000 0.000000000000000
6.340000000000000 0.000000000000000
6.350000000000000 0.000000000000000
6.360000000000000 0.000000000000000
6.370000000000000 0.000000000000000
6.380000000000000 0.000000000000000
6.390000000000000 0.000000000000000
6.400000000000000 -0.000000000000000
6.410000000000000 0.000000000000000
6.420000000000000 0.000000000000000
6.430000000000000 0.000000000000000
6.440000000000000 0.000000000000000
6.450000000000000 0.000000000000000
6.460000000000000 0.000000000000000
6.470000000000000 0.000000000000000
6.480000000000000 0.000000000000000
6.490000000000000 0.000000000000000
6.500000000000000 -0.000000000000000
6.510000000000000 0.000000000000000
6.520000000000000 0.000000000000000
6.530000000000000 0.000000000000000
6.540000000000000 0.000000000000000
6.550000000000000 0.000000000000000
6.560000000000000 0.000000000000000
6.570000000000000 0.000000000000000
6.580000000000000 0.000000000000000
6.590000000000000 0.000000000000000
6.600000000000000 -0.000000000000000
6.610000000000000 0.000000000000000
6.620000000000000 0.000000000000000
6.630000000000000 0.000000000000000
6.640000000000000 0.000000000000000
6.650000000000000 0.000000000000000
6.660000000000000 0.000000000000000
6.670000000000000 0.000000000000000
6.680000000000000 0.000000000000000
6.690000000000000 0.000000000000000
6.700000000000000 -0.000000000000000
6.710000000000000 0.000000000000000
6.720000000000000 0.000000000000000
6.730000000000000 0.000000000000000
6.740000000000000 0.000000000000000
6.750000000000000 0.000000000000000
6.760000000000000 0.000000000000000
6.770000000000000 0.000000000000000
6.780000000000000 0.000000000000000
6.790000000000000 0.000000000000000
6.800000000000000 0.000000000000000
6.810000000000000 0.000000000000000
6.820000000000000 0.000000000000000
6.830000000000000 0.000000000000000
6.840000000000000 0.000000000000000
6.850000000000000 0.000000000000000
6.860000000000000 0.000000000000000
6.870000000000000 0.000000000000000
6.880000000000000 0.000000000000000
6.890000000000000 0.000000000000000
6.900000000000000 -0.000000000000000
6.910000000000000 0.000000000000000
6.920000000000000 0.000000000000000
6.930000000000000 0.000000000000000
6.940000000000000 0.000000000000000
6.950000000000000 0.000000000000000
6.960000000000000 0.000000000000000
6.970000000000000 0.000000000000000
6.980000000000000 0.000000000000000
6.990000000000000 0.000000000000000
7.000000000000000 -0.000000000000000
7.010000000000000 0.000000000000000
7.020000000000000 0.000000000000000
7.030000000000000 0.000000000000000
7.040000000000000 0.000000000000000
7.050000000000000 0.000000000000000
7.060000000000000 0.000000000000000
7.070000000000000 0.000000000000000
7.080000000000000 0.000000000000000
7.090000000000000 0.000000000000000
7.100000000000000 -0.000000000000000
7.110000000000000 0.000000000000000
7.120000000000000 0.000000000000000
7.130000000000000 0.000000000000000
7.140000000000000 0.000000000000000
7.150000000000000 0.000000000000000
7.160000000000000 0.000000000000000
7.170000000000000 0.000000000000000
7.180000000000000 0.000000000000000
7.190000000000000 0.000000000000000
7.200000000000000 -0.000000000000000
7.210000000000000 0.000000000000000
7.220000000000000 0.000000000000000
7.230000000000000 0.000000000000000
7.240000000000000 0.000000000000000
7.250000000000000 0.000000000000000
7.260000000000000 0.000000000000000
7.270000000000000 0.000000000000000
7.280000000000000 0.000000000000000
7.290000000000000 0.000000000000000
7.300000000000000 0.000000000000000
7.310000000000000 0.000000000000000
7.320000000000000 0.000000000000000
7.330000000000000 0.000000000000000
7.340000000000000 0.000000000000000
7.350000000000000 0.000000000000000
7.360000000000000 0.000000000000000
7.370000000000000 0.000000000000000
7.380000000000000 0.000000000000000
7.390000000000000 0.000000000000000
7.400000000000000 -0.000000000000000
7.410000000000000 0.000000000000000
7.420000000000000 0.000000000000000
7.430000000000000 0.000000000000000
7.440000000000000 0.000000000000000
7.450000000000000 0.000000000000000
7.460000000000000 0.000000000000000
7.470000000000000 0.000000000000000
7.480000000000000 0.000000000000000
7.490000000000000 0.000000000000000
7.500000000000000 -0.000000000000000
7.510000000000000 0.000000000000000
7.520000000000000 0.000000000000000
7.530000000000000 0.000000000000000
7.540000000000000 0.000000000000000
7.550000000000000 0.000000000000000
7.560000000000000 0.000000000000000
7.570000000000000 0.000000000000000
7.580000000000000 0.000000000000000
7.590000000000000 0.000000000000000
7.600000000000000 -0.000000000000000
7.610000000000000 0.000000000000000
7.620000000000000 0.000000000000000
7.630000000000000 0.000000000000000
7.640000000000000 0.000000000000000
7.650000000000000 0.000000000000000
7.660000000000000 0.000000000000000
7.670000000000000 0.000000000000000
7.680000000000000 0.000000000000000
7.690000000000000 0.000000000000000
7.700000000000000 -0.000000000000000
7.710000000000000 0.000000000000000
7.720000000000000 0.000000000000000
7.730000000000000 0.000000000000000
7.740000000000000 0.000000000000000
7.750000000000000 0.000000000000000
7.760000000000000 0.000000000000000
7.770000000000000 0.000000000000000
7.780000000000000 0.000000000000000
7.790000000000000 0.000000000000000
7.800000000000000 0.000000000000000
7.810000000000000 0.000000000000000
7.820000000000000 0.000000000000000
7.830000000000000 0.000000000000000
7.840000000000000 0.000000000000000
7.850000000000000 0.000000000000000
7.860000000000000 0.000000000000000
7.870000000000000 0.000000000000000
7.880000000000000 0.000000000000000
7.890000000000000 0.000000000000000
7.900000000000000 -0.000000000000000
7.910000000000000 0.000000000000000
7.920000000000000 0.000000000000000
7.930000000000000 0.000000000000000
7.940000000000000 0.000000000000000
7.950000000000000 0.000000000000000
7.960000000000000 0.000000000000000
7.970000000000000 0.000000000000000
7.980000000000000 0.000000000000000
7.990000000000000 0.000000000000000
8.000000000000000 -0.000000000000000
8.010000000000000 0.000000000000000
8.020000000000000 0.000000000000000
8.029999999999999 0.000000000000000
8.039999999999999 0.000000000000000
8.050000000000001 0.000000000000000
8.060000000000000 0.000000000000000
8.070000000000000 0.000000000000000
8.080000000000000 0.000000000000000
8.090000000000000 0.000000000000000
8.100000000000000 -0.000000000000000
8.109999999999999 0.000000000000000
8.119999999999999 0.000000000000000
8.130000000000001 0.000000000000000
8.140000000000001 0.000000000000000
8.150000000000000 0.000000000000000
8.160000000000000 0.000000000000000
8.170000000000000 0.000000000000000
8.180000000000000 0.000000000000000
8.190000000000000 0.000000000000000
8.199999999999999 0.000000000000000
8.210000000000001 0.000000000000000
8.220000000000001 0.000000000000000
8.230000000000000 0.000000000000000
8.240000000000000 0.000000000000000
8.250000000000000 0.000000000000000
8.260000000000000 0.000000000000000
8.270000000000000 0.000000000000000
8.279999999999999 0.000000000000000
8.289999999999999 0.000000000000000
8.300000000000001 -0.000000000000000
8.310000000000000 0.000000000000000
8.320000000000000 0.000000000000000
8.330000000000000 0.000000000000000
8.340000000000000 0.000000000000000
8.350000000000000 0.000000000000000
8.359999999999999 0.000000000000000
8.369999999999999 0.000000000000000
8.380000000000001 0.000000000000000
8.390000000000001 0.000000000000000
8.400000000000000 -0.000000000000000
8.410000000000000 0.000000000000000
8.420000000000000 0.000000000000000
8.430000000000000 0.000000000000000
8.440000000000000 0.000000000000000
8.449999999999999 0.000000000000000
8.460000000000001 0.000000000000000
8.470000000000001 0.000000000000000
8.480000000000000 0.000000000000000
8.490000000000000 0.000000000000000
8.500000000000000 -0.000000000000000
8.510000000000000 0.000000000000000
8.520000000000000 0.000000000000000
8.529999999999999 0.000000000000000
8.539999999999999 0.000000000000000
8.550000000000001 0.000000000000000
8.560000000000000 0.000000000000000
8.570000000000000 0.000000000000000
8.580000000000000 0.000000000000000
8.590000000000000 0.000000000000000
8.600000000000000 -0.000000000000000
8.609999999999999 0.000000000000000
8.619999999999999 0.000000000000000
8.630000000000001 0.000000000000000
8.640000000000001 0.000000000000000
8.650000000000000 0.000000000000000
8.660000000000000 0.000000000000000
8.670000000000000 0.000000000000000
8.680000000000000 0.000000000000000
8.690000000000000 0.000000000000000
8.699999999999999 -0.000000000000000
8.710000000000001 0.000000000000000
8.720000000000001 0.000000000000000
8.730000000000000 0.000000000000000
8.740000000000000 0.000000000000000
8.750000000000000 0.000000000000000
8.760000000000000 0.000000000000000
8.770000000000000 0.000000000000000
8.779999999999999 0.000000000000000
8.789999999999999 0.000000000000000
8.800000000000001 -0.000000000000000
8.810000000000000 0.000000000000000
8.820000000000000 0.000000000000000
8.830000000000000 0.000000000000000
8.840000000000000 0.000000000000000
8.850000000000000 0.000000000000000
8.859999999999999 0.000000000000000
8.869999999999999 0.000000000000000
8.880000000000001 0.000000000000000
8.890000000000001 0.000000000000000
8.900000000000000 -0.000000000000000
8.910000000000000 0.000000000000000
8.920000000000000 0.000000000000000
8.930000000000000 0.000000000000000
8.940000000000000 0.000000000000000
8.949999999999999 0.000000000000000
8.960000000000001 0.000000000000000
8.970000000000001 0.000000000000000
8.980000000000000 0.000000000000000
8.990000000000000 0.000000000000000
9.000000000000000 -0.000000000000000
9.010000000000000 0.000000000000000
9.020000000000000 0.000000000000000
9.029999999999999 0.000000000000000
9.039999999999999 0.000000000000000
9.050000000000001 0.000000000000000
9.060000000000000 0.000000000000000
9.070000000000000 0.000000000000000
9.080000000000000 0.000000000000000
9.090000000000000 0.000000000000000
9.100000000000000 -0.000000000000000
9.109999999999999 0.000000000000000
9.119999999999999 0.000000000000000
9.130000000000001 0.000000000000000
9.140000000000001 0.000000000000000
9.150000000000000 0.000000000000000
9.160000000000000 0.000000000000000
9.170000000000000 0.000000000000000
9.180000000000000 0.000000000000000
9.190000000000000 0.000000000000000
9.199999999999999 -0.000000000000000
9.210000000000001 0.000000000000000
9.220000000000001 0.000000000000000
9.230000000000000 0.000000000000000
9.240000000000000 0.000000000000000
9.250000000000000 0.000000000000000
9.260000000000000 0.000000000000000
9.270000000000000 0.000000000000000
9.279999999999999 0.000000000000000
9.289999999999999 0.000000000000000
9.300000000000001 -0.000000000000000
9.310000000000000 0.000000000000000
9.320000000000000 0.000000000000000
9.330000000000000 0.000000000000000
9.340000000000000 0.000000000000000
9.350000000000000 0.000000000000000
9.359999999999999 0.000000000000000
9.369999999999999 0.000000000000000
9.380000000000001 0.000000000000000
9.390000000000001 0.000000000000000
9.400000000000000 -0.000000000000000
9.410000000000000 0.000000000000000
9.420000000000000 0.000000000000000
9.430000000000000 0.000000000000000
9.440000000000000 0.000000000000000
9.449999999999999 0.000000000000000
9.460000000000001 0.000000000000000
9.470000000000001 0.000000000000000
9.480000000000000 0.000000000000000
9.490000000000000 0.000000000000000
9.500000000000000 -0.000000000000000
9.510000000000000 0.000000000000000
9.520000000000000 0.000000000000000
9.529999999999999 0.000000000000000
9.539999999999999 0.000000000000000
9.550000000000001 0.000000000000000
9.560000000000000 0.000000000000000
9.570000000000000 0.000000000000000
9.580000000000000 0.000000000000000
9.590000000000000 0.000000000000000
9.600000000000000 0.000000000000000
9.609999999999999 0.000000000000000
9.619999999999999 0.000000000000000
9.630000000000001 0.000000000000000
9.640000000000001 0.000000000000000
9.650000000000000 0.000000000000000
9.660000000000000 0.000000000000000
9.670000000000000 0.000000000000000
9.680000000000000 0.000000000000000
9.690000000000000 0.000000000000000
9.699999999999999 -0.000000000000000
9.710000000000001 0.000000000000000
9.720000000000001 0.000000000000000
9.730000000000000 0.000000000000000
9.740000000000000 0.000000000000000
9.750000000000000 0.000000000000000
9.760000000000000 0.000000000000000
9.770000000000000 0.000000000000000
9.779999999999999 0.000000000000000
9.789999999999999 0.000000000000000
9.800000000000001 -0.000000000000000
9.810000000000000 0.000000000000000
9.820000000000000 0.000000000000000
9.830000000000000 0.000000000000000
9.840000000000000 0.000000000000000
9.850000000000000 0.000000000000000
9.859999999999999 0.000000000000000
9.869999999999999 0.000000000000000
9.880000000000001 0.000000000000000
9.890000000000001 0.000000000000000
9.900000000000000 -0.000000000000000
9.910000000000000 0.000000000000000
9.920000000000000 0.000000000000000
9.930000000000000 0.000000000000000
9.940000000000000 0.000000000000000
9.949999999999999 0.000000000000000
9.960000000000001 0.000000000000000
9.970000000000001 0.000000000000000
9.980000000000000 0.000000000000000
9.990000000000000 0.000000000000000
10.000000000000000 -0.000000000000000
