0.000000000000000 0.000000000000000
0.010000000000000 0.000082704321776
0.020000000000000 0.000333478507834
0.030000000000000 0.000756107989961
0.040000000000000 0.001354105873203
0.050000000000000 0.002130716782382
0.060000000000000 0.003088921001881
0.070000000000000 0.004231438891924
0.080000000000000 0.005560735564258
0.090000000000000 0.007079025799903
0.100000000000000 0.008788279191444
0.110000000000000 0.010701682216056
0.120000000000000 0.012813385277679
0.130000000000000 0.015125097196971
0.140000000000000 0.017638284440541
0.150000000000000 0.020354177333633
0.160000000000000 0.023273776412911
0.170000000000000 0.026397858901490
0.180000000000000 0.029726985288726
0.190000000000000 0.033261505997648
0.200000000000000 0.037001568123345
0.210000000000000 0.040967204412017
0.220000000000000 0.045141590220165
0.230000000000000 0.049524462647407
0.240000000000000 0.054115373625104
0.250000000000000 0.058913696957925
0.260000000000000 0.063918635353062
0.270000000000000 0.069129227423844
0.280000000000000 0.074544354655187
0.290000000000000 0.080162748318961
0.300000000000000 0.085982996328077
0.310000000000000 0.091980020834059
0.320000000000000 0.098173087642900
0.330000000000000 0.104560338421869
0.340000000000000 0.111139802597696
0.350000000000000 0.117909403635895
0.360000000000000 0.124866965205157
0.370000000000000 0.132010217220585
0.380000000000000 0.139336801760120
0.390000000000000 0.146844278849155
0.400000000000000 0.154530132108889
0.410000000000000 0.162252164217875
0.420000000000000 0.170136567790886
0.430000000000000 0.178180531944591
0.440000000000000 0.186381203769616
0.450000000000000 0.194735692790611
0.460000000000000 0.203241075278746
0.470000000000000 0.211894398416303
0.480000000000000 0.220692684313367
0.490000000000000 0.229632933876963
0.500000000000000 0.238712130533321
0.510000000000000 0.247643296138472
0.520000000000000 0.256691075066945
0.530000000000000 0.265852403495383
0.540000000000000 0.275124227724705
0.550000000000000 0.284503506590655
0.560000000000000 0.293987213748470
0.570000000000000 0.303572339834369
0.580000000000000 0.313255894506679
0.590000000000000 0.323034908369516
0.600000000000000 0.332906434782021
0.610000000000000 0.342373037094550
0.620000000000000 0.351904558736938
0.630000000000000 0.361498232818354
0.640000000000000 0.371151334556078
0.650000000000000 0.380861181890258
0.660000000000000 0.390625136021010
0.670000000000000 0.400440601871126
0.680000000000000 0.410305028477643
0.690000000000000 0.420215909315468
0.700000000000000 0.430170782556195
0.710000000000000 0.439476540832155
0.720000000000000 0.448797583061973
0.730000000000000 0.458131793408482
0.740000000000000 0.467477110795965
0.750000000000000 0.476831528289537
0.760000000000000 0.486193092446731
0.770000000000000 0.495559902643684
0.780000000000000 0.504930110378260
0.790000000000000 0.514301918552336
0.800000000000000 0.523673580735366
0.810000000000000 0.532194943690915
0.820000000000000 0.540689341507036
0.830000000000000 0.549155457015003
0.840000000000000 0.557592026279473
0.850000000000000 0.565997837327491
0.860000000000000 0.574371728887394
0.870000000000000 0.582712589138735
0.880000000000000 0.591019354474285
0.890000000000000 0.599291008275026
0.900000000000000 0.607526579699038
0.910000000000000 0.614783233826906
0.920000000000000 0.621980942996267
0.930000000000000 0.629119172857611
0.940000000000000 0.636197432508117
0.950000000000000 0.643215273033263
0.960000000000000 0.650172286080147
0.970000000000000 0.657068102462556
0.980000000000000 0.663902390797718
0.990000000000000 0.670674856174666
1.000000000000000 0.677385238854083
1.010000000000000 0.683070876914825
1.020000000000000 0.688676497576215
1.030000000000000 0.694202230811532
1.040000000000000 0.699648237004970
1.050000000000000 0.705014705600680
1.060000000000000 0.710301853791782
1.070000000000000 0.715509925248665
1.080000000000000 0.720639188885858
1.090000000000000 0.725689937666774
1.100000000000000 0.730662487445587
1.110000000000000 0.734612618812769
1.120000000000000 0.738471175667931
1.130000000000000 0.742238795833145
1.140000000000000 0.745916134633732
1.150000000000000 0.749503863796057
1.160000000000000 0.753002670384691
1.170000000000000 0.756413255777927
1.180000000000000 0.759736334680664
1.190000000000000 0.762972634173667
1.200000000000000 0.766122892798232
1.210000000000000 0.768346739544741
1.220000000000000 0.770475763221735
1.230000000000000 0.772510938521791
1.240000000000000 0.774453246711887
1.250000000000000 0.776303674822644
1.260000000000000 0.778063214871382
1.270000000000000 0.779732863117975
1.280000000000000 0.781313619352461
1.290000000000000 0.782806486213434
1.300000000000000 0.784212468536207
1.310000000000000 0.784811454399677
1.320000000000000 0.785318315246846
1.330000000000000 0.785734216049412
1.340000000000000 0.786060320094116
1.350000000000000 0.786297788441841
1.360000000000000 0.786447779413332
1.370000000000000 0.786511448100597
1.380000000000000 0.786489945903095
1.390000000000000 0.786384420087828
1.400000000000000 0.786196013372483
1.410000000000000 0.785344957444271
1.420000000000000 0.784408488369081
1.430000000000000 0.783387844486269
1.440000000000000 0.782284256836409
1.450000000000000 0.781098948841292
1.460000000000000 0.779833136003506
1.470000000000000 0.778488025624794
1.480000000000000 0.777064816542492
1.490000000000000 0.775564698883320
1.500000000000000 0.773988853833858
1.510000000000000 0.771915145042447
1.520000000000000 0.769765175006152
1.530000000000000 0.767540168248623
1.540000000000000 0.765241338665851
1.550000000000000 0.762869889371641
1.560000000000000 0.760427012556584
1.570000000000000 0.757913889359981
1.580000000000000 0.755331689754148
1.590000000000000 0.752681572440566
1.600000000000000 0.749964684757374
1.610000000000000 0.746898700702889
1.620000000000000 0.743766639685184
1.630000000000000 0.740569656389165
1.640000000000000 0.737308893285870
1.650000000000000 0.733985480592540
1.660000000000000 0.730600536241506
1.670000000000000 0.727155165857444
1.680000000000000 0.723650462742612
1.690000000000000 0.720087507869685
1.700000000000000 0.716467369881814
1.710000000000000 0.712656403867654
1.720000000000000 0.708789752380735
1.730000000000000 0.704868464566312
1.740000000000000 0.700893577048885
1.750000000000000 0.696866113965336
1.760000000000000 0.692787087003391
1.770000000000000 0.688657495445129
1.780000000000000 0.684478326215250
1.790000000000000 0.680250553933841
1.800000000000000 0.675975140973389
1.810000000000000 0.671634002483216
1.820000000000000 0.667247043404765
1.830000000000000 0.662815191902730
1.840000000000000 0.658339364126855
1.850000000000000 0.653820464287023
1.860000000000000 0.649259384731266
1.870000000000000 0.644657006026507
1.880000000000000 0.640014197041839
1.890000000000000 0.635331815034191
1.900000000000000 0.630610705736187
1.910000000000000 0.625929375905023
1.920000000000000 0.621211194978080
1.930000000000000 0.616456966973604
1.940000000000000 0.611667484878013
1.950000000000000 0.606843530741115
1.960000000000000 0.601985875772664
1.970000000000000 0.597095280440118
1.980000000000000 0.592172494567507
1.990000000000000 0.587218257435265
2.000000000000000 0.582233297880955
2.010000000000000 0.577383654788122
2.020000000000000 0.572505074108353
2.030000000000000 0.567598239649274
2.040000000000000 0.562663825418774
2.050000000000000 0.557702495725786
2.060000000000000 0.552714905281419
2.070000000000000 0.547701699300362
2.080000000000000 0.542663513602468
2.090000000000000 0.537600974714492
2.100000000000000 0.532514699971868
2.110000000000000 0.527635406713992
2.120000000000000 0.522733954290942
2.130000000000000 0.517810915649256
2.140000000000000 0.512866855241403
2.150000000000000 0.507902329123218
2.160000000000000 0.502917885051124
2.170000000000000 0.497914062579071
2.180000000000000 0.492891393155147
2.190000000000000 0.487850400217857
2.200000000000000 0.482791599291986
2.210000000000000 0.477992962729705
2.220000000000000 0.473177836469727
2.230000000000000 0.468346694488189
2.240000000000000 0.463500003538901
2.250000000000000 0.458638223242503
2.260000000000000 0.453761806175090
2.270000000000000 0.448871197956283
2.280000000000000 0.443966837336724
2.290000000000000 0.439049156284965
2.300000000000000 0.434118580073762
2.310000000000000 0.429486000071514
2.320000000000000 0.424841572796648
2.330000000000000 0.420185685960055
2.340000000000000 0.415518721226647
2.350000000000000 0.410841054293921
2.360000000000000 0.406153054969872
2.370000000000000 0.401455087250241
2.380000000000000 0.396747509395081
2.390000000000000 0.392030674004641
2.400000000000000 0.387304928094565
2.410000000000000 0.382900232398959
2.420000000000000 0.378487413853148
2.430000000000000 0.374066786466995
2.440000000000000 0.369638659253129
2.450000000000000 0.365203336294343
2.460000000000000 0.360761116810300
2.470000000000000 0.356312295223573
2.480000000000000 0.351857161225002
2.490000000000000 0.347395999838367
2.500000000000000 0.342929091484381
2.510000000000000 0.338795968167023
2.520000000000000 0.334657650507836
2.530000000000000 0.330514390476887
2.540000000000000 0.326366435958768
2.550000000000000 0.322214030809204
2.560000000000000 0.318057414911037
2.570000000000000 0.313896824229561
2.580000000000000 0.309732490867244
2.590000000000000 0.305564643117809
2.600000000000000 0.301393505519684
2.610000000000000 0.297559632921350
2.620000000000000 0.293722819234345
2.630000000000000 0.289883264887684
2.640000000000000 0.286041167001830
2.650000000000000 0.282196719435477
2.660000000000000 0.278350112831767
2.670000000000000 0.274501534663946
2.680000000000000 0.270651169280463
2.690000000000000 0.266799197949511
2.700000000000000 0.262945798903020
2.710000000000000 0.259426996880863
2.720000000000000 0.255906944847775
2.730000000000000 0.252385800857041
2.740000000000000 0.248863720305745
2.750000000000000 0.245340855972910
2.760000000000000 0.241817358057137
2.770000000000000 0.238293374213777
2.780000000000000 0.234769049591619
2.790000000000000 0.231244526869108
2.800000000000000 0.227719946290086
2.810000000000000 0.224519272600738
2.820000000000000 0.221318581516249
2.830000000000000 0.218117996670410
2.840000000000000 0.214917639580202
2.850000000000000 0.211717629676532
2.860000000000000 0.208518084334570
2.870000000000000 0.205319118903684
2.880000000000000 0.202120846736968
2.890000000000000 0.198923379220391
2.900000000000000 0.195726825801545
2.910000000000000 0.192841059791686
2.920000000000000 0.189956140244412
2.930000000000000 0.187072163044939
2.940000000000000 0.184189222403718
2.950000000000000 0.181307410880968
2.960000000000000 0.178426819410883
2.970000000000000 0.175547537325498
2.980000000000000 0.172669652378244
2.990000000000000 0.169793250767174
3.000000000000000 0.166918417157867
3.010000000000000 0.164337996733706
3.020000000000000 0.161758995446271
3.030000000000000 0.159181487007667
3.040000000000000 0.156605543814035
3.050000000000000 0.154031236964968
3.060000000000000 0.151458636282649
3.070000000000000 0.148887810330731
3.080000000000000 0.146318826432948
3.090000000000000 0.143751750691474
3.100000000000000 0.141186648005021
3.110000000000000 0.138897437467957
3.120000000000000 0.136609993054169
3.130000000000000 0.134324370906877
3.140000000000000 0.132040626142141
3.150000000000000 0.129758812864100
3.160000000000000 0.127478984179985
3.170000000000000 0.125201192214931
3.180000000000000 0.122925488126571
3.190000000000000 0.120651922119438
3.200000000000000 0.118380543459145
3.210000000000000 0.116365602732177
3.220000000000000 0.114352603324945
3.230000000000000 0.112341587569379
3.240000000000000 0.110332597001088
3.250000000000000 0.108325672371211
3.260000000000000 0.106320853658121
3.270000000000000 0.104318180078942
3.280000000000000 0.102317690100921
3.290000000000000 0.100319421452625
3.300000000000000 0.098323411134988
3.310000000000000 0.096563922932734
3.320000000000000 0.094806423569099
3.330000000000000 0.093050944607778
3.340000000000000 0.091297516999397
3.350000000000000 0.089546171090684
3.360000000000000 0.087796936633502
3.370000000000000 0.086049842793755
3.380000000000000 0.084304918160168
3.390000000000000 0.082562190752941
3.400000000000000 0.080821688032279
3.410000000000000 0.079297828672521
3.420000000000000 0.077775913507515
3.430000000000000 0.076255965777378
3.440000000000000 0.074738008253727
3.450000000000000 0.073222063246713
3.460000000000000 0.071708152611943
3.470000000000000 0.070196297757313
3.480000000000000 0.068686519649738
3.490000000000000 0.067178838821790
3.500000000000000 0.065673275378231
3.510000000000000 0.064364830723169
3.520000000000000 0.063058221760789
3.530000000000000 0.061753465357293
3.540000000000000 0.060450578023710
3.550000000000000 0.059149575921242
3.560000000000000 0.057850474866537
3.570000000000000 0.056553290336882
3.580000000000000 0.055258037475322
3.590000000000000 0.053964731095709
3.600000000000000 0.052673385687673
3.610000000000000 0.051560311047302
3.620000000000000 0.050448921866867
3.630000000000000 0.049339230181467
3.640000000000000 0.048231247759306
3.650000000000000 0.047124986105726
3.660000000000000 0.046020456467188
3.670000000000000 0.044917669835180
3.680000000000000 0.043816636950087
3.690000000000000 0.042717368304990
3.700000000000000 0.041619874149421
3.710000000000000 0.040682719076561
3.720000000000000 0.039747074493601
3.730000000000000 0.038812948815909
3.740000000000000 0.037880350260293
3.750000000000000 0.036949286848020
3.760000000000000 0.036019766407778
3.770000000000000 0.035091796578606
3.780000000000000 0.034165384812781
3.790000000000000 0.033240538378653
3.800000000000000 0.032317264363454
3.810000000000000 0.031537363677616
3.820000000000000 0.030758786778830
3.830000000000000 0.029981539407021
3.840000000000000 0.029205627156088
3.850000000000000 0.028431055476136
3.860000000000000 0.027657829675663
3.870000000000000 0.026885954923726
3.880000000000000 0.026115436252069
3.890000000000000 0.025346278557225
3.900000000000000 0.024578486602587
3.910000000000000 0.023938168966067
3.920000000000000 0.023298986320992
3.930000000000000 0.022660942461609
3.940000000000000 0.022024041076225
3.950000000000000 0.021388285748834
3.960000000000000 0.020753679960716
3.970000000000000 0.020120227092012
3.980000000000000 0.019487930423282
3.990000000000000 0.018856793137034
4.000000000000000 0.018226818319235
4.010000000000000 0.017709490649944
4.020000000000000 0.017193114129095
4.030000000000000 0.016677691164114
4.040000000000000 0.016163224086821
4.050000000000000 0.015649715154597
4.060000000000000 0.015137166551531
4.070000000000000 0.014625580389554
4.080000000000000 0.014114958709557
4.090000000000000 0.013605303482489
4.100000000000000 0.013096616610442
4.110000000000000 0.012686909778489
4.120000000000000 0.012277979992605
4.130000000000000 0.011869828696571
4.140000000000000 0.011462457281303
4.150000000000000 0.011055867085677
4.160000000000000 0.010650059397335
4.170000000000000 0.010245035453482
4.180000000000000 0.009840796441679
4.190000000000000 0.009437343500612
4.200000000000000 0.009034677720860
4.210000000000000 0.008718365057762
4.220000000000000 0.008402668427984
4.230000000000000 0.008087588628412
4.240000000000000 0.007773126419931
4.250000000000000 0.007459282527984
4.260000000000000 0.007146057643136
4.270000000000000 0.006833452421618
4.280000000000000 0.006521467485866
4.290000000000000 0.006210103425057
4.300000000000000 0.005899360795636
4.310000000000000 0.005663402165389
4.320000000000000 0.005427913631100
4.330000000000000 0.005192895576142
4.340000000000000 0.004958348360224
4.350000000000000 0.004724272319765
4.360000000000000 0.004490667768265
4.370000000000000 0.004257534996669
4.380000000000000 0.004024874273725
4.390000000000000 0.003792685846339
4.400000000000000 0.003560969939925
4.410000000000000 0.003393463906629
4.420000000000000 0.003226298166976
4.430000000000000 0.003059472859542
4.440000000000000 0.002892988108122
4.450000000000000 0.002726844021967
4.460000000000000 0.002561040696021
4.470000000000000 0.002395578211148
4.480000000000000 0.002230456634361
4.490000000000000 0.002065676019046
4.500000000000000 0.001901236405182
4.510000000000000 0.001791375879028
4.520000000000000 0.001681742317837
4.530000000000000 0.001572335734310
4.540000000000000 0.001463156132631
4.550000000000000 0.001354203508614
4.560000000000000 0.001245477849834
4.570000000000000 0.001136979135765
4.580000000000000 0.001028707337911
4.590000000000000 0.000920662419938
4.600000000000000 0.000812844337802
4.610000000000000 0.000750840753631
4.620000000000000 0.000688967133480
4.630000000000000 0.000627223445092
4.640000000000000 0.000565609651998
4.650000000000000 0.000504125713593
4.660000000000000 0.000442771585201
4.670000000000000 0.000381547218144
4.680000000000000 0.000320452559808
4.690000000000000 0.000259487553709
4.700000000000000 0.000198652139561
4.710000000000000 0.000178595867337
4.720000000000000 0.000158582115112
4.730000000000000 0.000138610861453
4.740000000000000 0.000118682083737
4.750000000000000 0.000098795758166
4.760000000000000 0.000078951859791
4.770000000000000 0.000059150362528
4.780000000000000 0.000039391239181
4.790000000000000 0.000019674461461
4.800000000000000 0.000000000000000
4.810000000000000 0.000000000000000
4.820000000000000 0.000000000000000
4.830000000000000 0.000000000000000
4.840000000000000 0.000000000000000
4.850000000000000 0.000000000000000
4.860000000000000 0.000000000000000
4.870000000000000 0.000000000000000
4.880000000000000 0.000000000000000
4.890000000000000 0.000000000000000
4.900000000000000 -0.000000000000000
4.910000000000000 0.000000000000000
4.920000000000000 0.000000000000000
4.930000000000000 0.000000000000000
4.940000000000000 0.000000000000000
4.950000000000000 0.000000000000000
4.960000000000000 0.000000000000000
4.970000000000000 0.000000000000000
4.980000000000000 0.000000000000000
4.990000000000000 0.000000000000000
5.000000000000000 -0.000000000000000
5.010000000000000 0.000000000000000
5.020000000000000 0.000000000000000
5.030000000000000 0.000000000000000
5.040000000000000 0.000000000000000
5.050000000000000 0.000000000000000
5.060000000000000 0.000000000000000
5.070000000000000 0.000000000000000
5.080000000000000 0.000000000000000
5.090000000000000 0.000000000000000
5.100000000000000 -0.000000000000000
5.110000000000000 0.000000000000000
5.120000000000000 0.000000000000000
5.130000000000000 0.000000000000000
5.140000000000000 0.000000000000000
5.150000000000000 0.000000000000000
5.160000000000000 0.000000000000000
5.170000000000000 0.000000000000000
5.180000000000000 0.000000000000000
5.190000000000000 0.000000000000000
5.200000000000000 -0.000000000000000
5.210000000000000 0.000000000000000
5.220000000000000 0.000000000000000
5.230000000000000 0.000000000000000
5.240000000000000 0.000000000000000
5.250000000000000 0.000000000000000
5.260000000000000 0.000000000000000
5.270000000000000 0.000000000000000
5.280000000000000 0.000000000000000
5.290000000000000 0.000000000000000
5.300000000000000 0.000000000000000
5.310000000000000 0.000000000000000
5.320000000000000 0.000000000000000
5.330000000000000 0.000000000000000
5.340000000000000 0.000000000000000
5.350000000000000 0.000000000000000
5.360000000000000 0.000000000000000
5.370000000000000 0.000000000000000
5.380000000000000 0.000000000000000
5.390000000000000 0.000000000000000
5.400000000000000 -0.000000000000000
5.410000000000000 0.000000000000000
5.420000000000000 0.000000000000000
5.430000000000000 0.000000000000000
5.440000000000000 0.000000000000000
5.450000000000000 0.000000000000000
5.460000000000000 0.000000000000000
5.470000000000000 0.000000000000000
5.480000000000000 0.000000000000000
5.490000000000000 0.000000000000000
5.500000000000000 -0.000000000000000
5.510000000000000 0.000000000000000
5.520000000000000 0.000000000000000
5.530000000000000 0.000000000000000
5.540000000000000 0.000000000000000
5.550000000000000 0.000000000000000
5.560000000000000 0.000000000000000
5.570000000000000 0.000000000000000
5.580000000000000 0.000000000000000
5.590000000000000 0.000000000000000
5.600000000000000 -0.000000000000000
5.610000000000000 0.000000000000000
5.620000000000000 0.000000000000000
5.630000000000000 0.000000000000000
5.640000000000000 0.000000000000000
5.650000000000000 0.000000000000000
5.660000000000000 0.000000000000000
5.670000000000000 0.000000000000000
5.680000000000000 0.000000000000000
5.690000000000000 0.000000000000000
5.700000000000000 -0.000000000000000
5.710000000000000 0.000000000000000
5.720000000000000 0.000000000000000
5.730000000000000 0.000000000000000
5.740000000000000 0.000000000000000
5.750000000000000 0.000000000000000
5.760000000000000 0.000000000000000
5.770000000000000 0.000000000000000
5.780000000000000 0.000000000000000
5.790000000000000 0.000000000000000
5.800000000000000 0.000000000000000
5.810000000000000 0.000000000000000
5.820000000000000 0.000000000000000
5.830000000000000 0.000000000000000
5.840000000000000 0.000000000000000
5.850000000000000 0.000000000000000
5.860000000000000 0.000000000000000
5.870000000000000 0.000000000000000
5.880000000000000 0.000000000000000
5.890000000000000 0.000000000000000
5.900000000000000 -0.000000000000000
5.910000000000000 0.000000000000000
5.920000000000000 0.000000000000000
5.930000000000000 0.000000000000000
5.940000000000000 0.000000000000000
5.950000000000000 0.000000000000000
5.960000000000000 0.000000000000000
5.970000000000000 0.000000000000000
5.980000000000000 0.000000000000000
5.990000000000000 0.000000000000000
6.000000000000000 -0.000000000000000
6.010000000000000 0.000000000000000
6.020000000000000 0.000000000000000
6.030000000000000 0.000000000000000
6.040000000000000 0.000000000000000
6.050000000000000 0.000000000000000
6.060000000000000 0.000000000000000
6.070000000000000 0.000000000000000
6.080000000000000 0.000000000000000
6.090000000000000 0.000000000000000
6.100000000000000 -0.000000000000000
6.110000000000000 0.000000000000000
6.120000000000000 0.000000000000000
6.130000000000000 0.000000000000000
6.140000000000000 0.000000000000000
6.150000000000000 0.000000000000000
6.160000000000000 0.000000000000000
6.170000000000000 0.000000000000000
6.180000000000000 0.000000000000000
6.190000000000000 0.000000000000000
6.200000000000000 -0.000000000000000
6.210000000000000 0.000000000000000
6.220000000000000 0.000000000000000
6.230000000000000 0.000000000000000
6.240000000000000 0.000000000000000
6.250000000000000 0.000000000000000
6.260000000000000 0.000000000000000
6.270000000000000 0.000000000000000
6.280000000000000 0.000000000000000
6.290000000000000 0.000000000000000
6.300000000000000 0.000000000000000
6.310000000000000 0.000000000000000
6.320000000000000 0.000000000000000
6.330000000000000 0.000000000000000
6.340000000000000 0.000000000000000
6.350000000000000 0.000000000000000
6.360000000000000 0.000000000000000
6.370000000000000 0.000000000000000
6.380000000000000 0.000000000000000
6.390000000000000 0.000000000000000
6.400000000000000 -0.000000000000000
6.410000000000000 0.000000000000000
6.420000000000000 0.000000000000000
6.430000000000000 0.000000000000000
6.440000000000000 0.000000000000000
6.450000000000000 0.000000000000000
6.460000000000000 0.000000000000000
6.470000000000000 0.000000000000000
6.480000000000000 0.000000000000000
6.490000000000000 0.000000000000000
6.500000000000000 -0.000000000000000
6.510000000000000 0.000000000000000
6.520000000000000 0.000000000000000
6.530000000000000 0.000000000000000
6.540000000000000 0.000000000000000
6.550000000000000 0.000000000000000
6.560000000000000 0.000000000000000
6.570000000000000 0.000000000000000
6.580000000000000 0.000000000000000
6.590000000000000 0.000000000000000
6.600000000000000 -0.000000000000000
6.610000000000000 0.000000000000000
6.620000000000000 0.000000000000000
6.630000000000000 0.000000000000000
6.640000000000000 0.000000000000000
6.650000000000000 0.000000000000000
6.660000000000000 0.000000000000000
6.670000000000000 0.000000000000000
6.680000000000000 0.000000000000000
6.690000000000000 0.000000000000000
6.700000000000000 -0.000000000000000
6.710000000000000 0.000000000000000
6.720000000000000 0.000000000000000
6.730000000000000 0.000000000000000
6.740000000000000 0.000000000000000
6.750000000000000 0.000000000000000
6.760000000000000 0.000000000000000
6.770000000000000 0.000000000000000
6.780000000000000 0.000000000000000
6.790000000000000 0.000000000000000
6.800000000000000 0.000000000000000
6.810000000000000 0.000000000000000
6.820000000000000 0.000000000000000
6.830000000000000 0.000000000000000
6.840000000000000 0.000000000000000
6.850000000000000 0.000000000000000
6.860000000000000 0.000000000000000
6.870000000000000 0.000000000000000
6.880000000000000 0.000000000000000
6.890000000000000 0.000000000000000
6.900000000000000 -0.000000000000000
6.910000000000000 0.000000000000000
6.920000000000000 0.000000000000000
6.930000000000000 0.000000000000000
6.940000000000000 0.000000000000000
6.950000000000000 0.000000000000000
6.960000000000000 0.000000000000000
6.970000000000000 0.000000000000000
6.980000000000000 0.000000000000000
6.990000000000000 0.000000000000000
7.000000000000000 -0.000000000000000
7.010000000000000 0.000000000000000
7.020000000000000 0.000000000000000
7.030000000000000 0.000000000000000
7.040000000000000 0.000000000000000
7.050000000000000 0.000000000000000
7.060000000000000 0.000000000000000
7.070000000000000 0.000000000000000
7.080000000000000 0.000000000000000
7.090000000000000 0.000000000000000
7.100000000000000 -0.000000000000000
7.110000000000000 0.000000000000000
7.120000000000000 0.000000000000000
7.130000000000000 0.000000000000000
7.140000000000000 0.000000000000000
7.150000000000000 0.000000000000000
7.160000000000000 0.000000000000000
7.170000000000000 0.000000000000000
7.180000000000000 0.000000000000000
7.190000000000000 0.000000000000000
7.200000000000000 -0.000000000000000
7.210000000000000 0.000000000000000
7.220000000000000 0.000000000000000
7.230000000000000 0.000000000000000
7.240000000000000 0.000000000000000
7.250000000000000 0.000000000000000
7.260000000000000 0.000000000000000
7.270000000000000 0.000000000000000
7.280000000000000 0.000000000000000
7.290000000000000 0.000000000000000
7.300000000000000 0.000000000000000
7.310000000000000 0.000000000000000
7.320000000000000 0.000000000000000
7.330000000000000 0.000000000000000
7.340000000000000 0.000000000000000
7.350000000000000 0.000000000000000
7.360000000000000 0.000000000000000
7.370000000000000 0.000000000000000
7.380000000000000 0.000000000000000
7.390000000000000 0.000000000000000
7.400000000000000 -0.000000000000000
7.410000000000000 0.000000000000000
7.420000000000000 0.000000000000000
7.430000000000000 0.000000000000000
7.440000000000000 0.000000000000000
7.450000000000000 0.000000000000000
7.460000000000000 0.000000000000000
7.470000000000000 0.000000000000000
7.480000000000000 0.000000000000000
7.490000000000000 0.000000000000000
7.500000000000000 -0.000000000000000
7.510000000000000 0.000000000000000
7.520000000000000 0.000000000000000
7.530000000000000 0.000000000000000
7.540000000000000 0.000000000000000
7.550000000000000 0.000000000000000
7.560000000000000 0.000000000000000
7.570000000000000 0.000000000000000
7.580000000000000 0.000000000000000
7.590000000000000 0.000000000000000
7.600000000000000 -0.000000000000000
7.610000000000000 0.000000000000000
7.620000000000000 0.000000000000000
7.630000000000000 0.000000000000000
7.640000000000000 0.000000000000000
7.650000000000000 0.000000000000000
7.660000000000000 0.000000000000000
7.670000000000000 0.000000000000000
7.680000000000000 0.000000000000000
7.690000000000000 0.000000000000000
7.700000000000000 -0.000000000000000
7.710000000000000 0.000000000000000
7.720000000000000 0.000000000000000
7.730000000000000 0.000000000000000
7.740000000000000 0.000000000000000
7.750000000000000 0.000000000000000
7.760000000000000 0.000000000000000
7.770000000000000 0.000000000000000
7.780000000000000 0.000000000000000
7.790000000000000 0.000000000000000
7.800000000000000 0.000000000000000
7.810000000000000 0.000000000000000
7.820000000000000 0.000000000000000
7.830000000000000 0.000000000000000
7.840000000000000 0.000000000000000
7.850000000000000 0.000000000000000
7.860000000000000 0.000000000000000
7.870000000000000 0.000000000000000
7.880000000000000 0.000000000000000
7.890000000000000 0.000000000000000
7.900000000000000 -0.000000000000000
7.910000000000000 0.000000000000000
7.920000000000000 0.000000000000000
7.930000000000000 0.000000000000000
7.940000000000000 0.000000000000000
7.950000000000000 0.000000000000000
7.960000000000000 0.000000000000000
7.970000000000000 0.000000000000000
7.980000000000000 0.000000000000000
7.990000000000000 0.000000000000000
8.000000000000000 -0.000000000000000
8.010000000000000 0.000000000000000
8.020000000000000 0.000000000000000
8.029999999999999 0.000000000000000
8.039999999999999 0.000000000000000
8.050000000000001 0.000000000000000
8.060000000000000 0.000000000000000
8.070000000000000 0.000000000000000
8.080000000000000 0.000000000000000
8.090000000000000 0.000000000000000
8.100000000000000 -0.000000000000000
8.109999999999999 0.000000000000000
8.119999999999999 0.000000000000000
8.130000000000001 0.000000000000000
8.140000000000001 0.000000000000000
8.150000000000000 0.000000000000000
8.160000000000000 0.000000000000000
8.170000000000000 0.000000000000000
8.180000000000000 0.000000000000000
8.190000000000000 0.000000000000000
8.199999999999999 0.000000000000000
8.210000000000001 0.000000000000000
8.220000000000001 0.000000000000000
8.230000000000000 0.000000000000000
8.240000000000000 0.000000000000000
8.250000000000000 0.000000000000000
8.260000000000000 0.000000000000000
8.270000000000000 0.000000000000000
8.279999999999999 0.000000000000000
8.289999999999999 0.000000000000000
8.300000000000001 -0.000000000000000
8.310000000000000 0.000000000000000
8.320000000000000 0.000000000000000
8.330000000000000 0.000000000000000
8.340000000000000 0.000000000000000
8.350000000000000 0.000000000000000
8.359999999999999 0.000000000000000
8.369999999999999 0.000000000000000
8.380000000000001 0.000000000000000
8.390000000000001 0.000000000000000
8.400000000000000 -0.000000000000000
8.410000000000000 0.000000000000000
8.420000000000000 0.000000000000000
8.430000000000000 0.000000000000000
8.440000000000000 0.000000000000000
8.449999999999999 0.000000000000000
8.460000000000001 0.000000000000000
8.470000000000001 0.000000000000000
8.480000000000000 0.000000000000000
8.490000000000000 0.000000000000000
8.500000000000000 -0.000000000000000
8.510000000000000 0.000000000000000
8.520000000000000 0.000000000000000
8.529999999999999 0.000000000000000
8.539999999999999 0.000000000000000
8.550000000000001 0.000000000000000
8.560000000000000 0.000000000000000
8.570000000000000 0.000000000000000
8.580000000000000 0.000000000000000
8.590000000000000 0.000000000000000
8.600000000000000 -0.000000000000000
8.609999999999999 0.000000000000000
8.619999999999999 0.000000000000000
8.630000000000001 0.000000000000000
8.640000000000001 0.000000000000000
8.650000000000000 0.000000000000000
8.660000000000000 0.000000000000000
8.670000000000000 0.000000000000000
8.680000000000000 0.000000000000000
8.690000000000000 0.000000000000000
8.699999999999999 -0.000000000000000
8.710000000000001 0.000000000000000
8.720000000000001 0.000000000000000
8.730000000000000 0.000000000000000
8.740000000000000 0.000000000000000
8.750000000000000 0.000000000000000
8.760000000000000 0.000000000000000
8.770000000000000 0.000000000000000
8.779999999999999 0.000000000000000
8.789999999999999 0.000000000000000
8.800000000000001 -0.000000000000000
8.810000000000000 0.000000000000000
8.820000000000000 0.000000000000000
8.830000000000000 0.000000000000000
8.840000000000000 0.000000000000000
8.850000000000000 0.000000000000000
8.859999999999999 0.000000000000000
8.869999999999999 0.000000000000000
8.880000000000001 0.000000000000000
8.890000000000001 0.000000000000000
8.900000000000000 -0.000000000000000
8.910000000000000 0.000000000000000
8.920000000000000 0.000000000000000
8.930000000000000 0.000000000000000
8.940000000000000 0.000000000000000
8.949999999999999 0.000000000000000
8.960000000000001 0.000000000000000
8.970000000000001 0.000000000000000
8.980000000000000 0.000000000000000
8.990000000000000 0.000000000000000
9.000000000000000 -0.000000000000000
9.010000000000000 0.000000000000000
9.020000000000000 0.000000000000000
9.029999999999999 0.000000000000000
9.039999999999999 0.000000000000000
9.050000000000001 0.000000000000000
9.060000000000000 0.000000000000000
9.070000000000000 0.000000000000000
9.080000000000000 0.000000000000000
9.090000000000000 0.000000000000000
9.100000000000000 -0.000000000000000
9.109999999999999 0.000000000000000
9.119999999999999 0.000000000000000
9.130000000000001 0.000000000000000
9.140000000000001 0.000000000000000
9.150000000000000 0.000000000000000
9.160000000000000 0.000000000000000
9.170000000000000 0.000000000000000
9.180000000000000 0.000000000000000
9.190000000000000 0.000000000000000
9.199999999999999 -0.000000000000000
9.210000000000001 0.000000000000000
9.220000000000001 0.000000000000000
9.230000000000000 0.000000000000000
9.240000000000000 0.000000000000000
9.250000000000000 0.000000000000000
9.260000000000000 0.000000000000000
9.270000000000000 0.000000000000000
9.279999999999999 0.000000000000000
9.289999999999999 0.000000000000000
9.300000000000001 -0.000000000000000
9.310000000000000 0.000000000000000
9.320000000000000 0.000000000000000
9.330000000000000 0.000000000000000
9.340000000000000 0.000000000000000
9.350000000000000 0.000000000000000
9.359999999999999 0.000000000000000
9.369999999999999 0.000000000000000
9.380000000000001 0.000000000000000
9.390000000000001 0.000000000000000
9.400000000000000 -0.000000000000000
9.410000000000000 0.000000000000000
9.420000000000000 0.000000000000000
9.430000000000000 0.000000000000000
9.440000000000000 0.000000000000000
9.449999999999999 0.000000000000000
9.460000000000001 0.000000000000000
9.470000000000001 0.000000000000000
9.480000000000000 0.000000000000000
9.490000000000000 0.000000000000000
9.500000000000000 -0.000000000000000
9.510000000000000 0.000000000000000
9.520000000000000 0.000000000000000
9.529999999999999 0.000000000000000
9.539999999999999 0.000000000000000
9.550000000000001 0.000000000000000
9.560000000000000 0.000000000000000
9.570000000000000 0.000000000000000
9.580000000000000 0.000000000000000
9.590000000000000 0.000000000000000
9.600000000000000 0.000000000000000
9.609999999999999 0.000000000000000
9.619999999999999 0.000000000000000
9.630000000000001 0.000000000000000
9.640000000000001 0.000000000000000
9.650000000000000 0.000000000000000
9.660000000000000 0.000000000000000
9.670000000000000 0.000000000000000
9.680000000000000 0.000000000000000
9.690000000000000 0.000000000000000
9.699999999999999 -0.000000000000000
9.710000000000001 0.000000000000000
9.720000000000001 0.000000000000000
9.730000000000000 0.000000000000000
9.740000000000000 0.000000000000000
9.750000000000000 0.000000000000000
9.760000000000000 0.000000000000000
9.770000000000000 0.000000000000000
9.779999999999999 0.000000000000000
9.789999999999999 0.000000000000000
9.800000000000001 -0.000000000000000
9.810000000000000 0.000000000000000
9.820000000000000 0.000000000000000
9.830000000000000 0.000000000000000
9.840000000000000 0.000000000000000
9.850000000000000 0.000000000000000
9.859999999999999 0.000000000000000
9.869999999999999 0.000000000000000
9.880000000000001 0.000000000000000
9.890000000000001 0.000000000000000
9.900000000000000 -0.000000000000000
9.910000000000000 0.000000000000000
9.920000000000000 0.000000000000000
9.930000000000000 0.000000000000000
9.940000000000000 0.000000000000000
9.949999999999999 0.000000000000000
9.960000000000001 0.000000000000000
9.970000000000001 0.000000000000000
9.980000000000000 0.000000000000000
9.990000000000000 0.000000000000000
10.000000000000000 -0.000000000000000
