0.000000000000000 0.000000000000000
0.010000000000000 0.000036511780345
0.020000000000000 0.000147818641442
0.030000000000000 0.000336464414799
0.040000000000000 0.000604842905936
0.050000000000000 0.000955199591140
0.060000000000000 0.001389633485066
0.070000000000000 0.001910099170677
0.080000000000000 0.002518408982805
0.090000000000000 0.003216235336375
0.100000000000000 0.004005113190233
0.110000000000000 0.004902834514038
0.120000000000000 0.005900158205268
0.130000000000000 0.006998855193407
0.140000000000000 0.008200541894947
0.150000000000000 0.009506683518492
0.160000000000000 0.010918597478809
0.170000000000000 0.012437456909176
0.180000000000000 0.014064294261537
0.190000000000000 0.015800004984110
0.200000000000000 0.017645351266275
0.210000000000000 0.019653467809147
0.220000000000000 0.021781501346412
0.230000000000000 0.024030253198809
0.240000000000000 0.026400382866486
0.250000000000000 0.028892412438523
0.260000000000000 0.031506731028689
0.270000000000000 0.034243599227807
0.280000000000000 0.037103153563494
0.290000000000000 0.040085410958433
0.300000000000000 0.043190273178734
0.310000000000000 0.046505306884555
0.320000000000000 0.049952063915268
0.330000000000000 0.053530337912880
0.340000000000000 0.057239808058999
0.350000000000000 0.061080043824770
0.360000000000000 0.065050509671713
0.370000000000000 0.069150569697061
0.380000000000000 0.073379492217643
0.390000000000000 0.077736454286822
0.400000000000000 0.082220546139424
0.410000000000000 0.086928260408170
0.420000000000000 0.091768558431366
0.430000000000000 0.096740364136796
0.440000000000000 0.101842522378655
0.450000000000000 0.107073803282425
0.460000000000000 0.112432906493266
0.470000000000000 0.117918465325260
0.480000000000000 0.123529050809239
0.490000000000000 0.129263175637265
0.500000000000000 0.135119298002187
0.510000000000000 0.141163243015001
0.520000000000000 0.147329814446074
0.530000000000000 0.153617332686690
0.540000000000000 0.160024074555136
0.550000000000000 0.166548276740604
0.560000000000000 0.173188139136270
0.570000000000000 0.179941828061818
0.580000000000000 0.186807479375906
0.590000000000000 0.193783201479288
0.600000000000000 0.200867078209468
0.610000000000000 0.208045600698187
0.620000000000000 0.215327873340814
0.630000000000000 0.222711924965886
0.640000000000000 0.230195770665454
0.650000000000000 0.237777414150975
0.660000000000000 0.245454850009782
0.670000000000000 0.253226065863986
0.680000000000000 0.261089044433751
0.690000000000000 0.269041765506958
0.700000000000000 0.277082207817331
0.710000000000000 0.285082278331645
0.720000000000000 0.293161665382167
0.730000000000000 0.301318393430963
0.740000000000000 0.309550494281893
0.750000000000000 0.317856008424345
0.760000000000000 0.326232986302345
0.770000000000000 0.334679489511301
0.780000000000000 0.343193591924614
0.790000000000000 0.351773380752419
0.800000000000000 0.360416957534670
0.810000000000000 0.368865709471618
0.820000000000000 0.377367395846090
0.830000000000000 0.385920251801403
0.840000000000000 0.394522531882958
0.850000000000000 0.403172510593736
0.860000000000000 0.411868482902419
0.870000000000000 0.420608764706099
0.880000000000000 0.429391693249441
0.890000000000000 0.438215627502151
0.900000000000000 0.447078948496553
0.910000000000000 0.455591572985986
0.920000000000000 0.464131730212049
0.930000000000000 0.472697995370675
0.940000000000000 0.481288967679957
0.950000000000000 0.489903270408857
0.960000000000000 0.498539550881740
0.970000000000000 0.507196480460047
0.980000000000000 0.515872754502402
0.990000000000000 0.524567092304371
1.000000000000000 0.533278237019095
1.010000000000000 0.541495646775280
1.020000000000000 0.549718151837196
1.030000000000000 0.557944720636812
1.040000000000000 0.566174345045414
1.050000000000000 0.574406040106493
1.060000000000000 0.582638843761069
1.070000000000000 0.590871816566185
1.080000000000000 0.599104041407267
1.090000000000000 0.607334623205016
1.100000000000000 0.615562688617458
1.110000000000000 0.623188488546285
1.120000000000000 0.630801167397304
1.130000000000000 0.638400079992929
1.140000000000000 0.645984600959437
1.150000000000000 0.653554124338004
1.160000000000000 0.661108063198320
1.170000000000000 0.668645849255063
1.180000000000000 0.676166932487460
1.190000000000000 0.683670780762202
1.200000000000000 0.691156879459901
1.210000000000000 0.697963962501908
1.220000000000000 0.704744234021061
1.230000000000000 0.711497392291050
1.240000000000000 0.718223150419244
1.250000000000000 0.724921235947780
1.260000000000000 0.731591390462307
1.270000000000000 0.738233369208344
1.280000000000000 0.744846940715249
1.290000000000000 0.751431886427747
1.300000000000000 0.757988000344967
1.310000000000000 0.763820258369457
1.320000000000000 0.769616319030039
1.330000000000000 0.775376163341603
1.340000000000000 0.781099782006937
1.350000000000000 0.786787175069304
1.360000000000000 0.792438351574312
1.370000000000000 0.798053329240917
1.380000000000000 0.803632134141373
1.390000000000000 0.809174800389959
1.400000000000000 0.814681369840300
1.410000000000000 0.819469329685048
1.420000000000000 0.824215655598447
1.430000000000000 0.828920541993295
1.440000000000000 0.833584188370443
1.450000000000000 0.838206799049016
1.460000000000000 0.842788582905565
1.470000000000000 0.847329753121879
1.480000000000000 0.851830526941259
1.490000000000000 0.856291125433012
1.500000000000000 0.860711773264934
1.510000000000000 0.864430193406700
1.520000000000000 0.868104632652441
1.530000000000000 0.871735436887977
1.540000000000000 0.875322953318469
1.550000000000000 0.878867530279568
1.560000000000000 0.882369517056121
1.570000000000000 0.885829263708205
1.580000000000000 0.889247120904269
1.590000000000000 0.892623439761133
1.600000000000000 0.895958571690649
1.610000000000000 0.898627148124285
1.620000000000000 0.901251782028453
1.630000000000000 0.903832917303322
1.640000000000000 0.906370996303721
1.650000000000000 0.908866459722745
1.660000000000000 0.911319746481268
1.670000000000000 0.913731293623145
1.680000000000000 0.916101536215917
1.690000000000000 0.918430907256797
1.700000000000000 0.920719837583762
1.710000000000000 0.922395463558627
1.720000000000000 0.924028938621938
1.730000000000000 0.925620760803042
1.740000000000000 0.927171424570970
1.750000000000000 0.928681420777082
1.760000000000000 0.930151236601999
1.770000000000000 0.931581355506659
1.780000000000000 0.932972257187336
1.790000000000000 0.934324417534443
1.800000000000000 0.935638308594983
1.810000000000000 0.936411951836630
1.820000000000000 0.937146459098923
1.830000000000000 0.937842347566387
1.840000000000000 0.938500129589551
1.850000000000000 0.939120312672114
1.860000000000000 0.939703399461014
1.870000000000000 0.940249887739271
1.880000000000000 0.940760270421458
1.890000000000000 0.941235035551725
1.900000000000000 0.941674666304192
1.910000000000000 0.941648518293770
1.920000000000000 0.941586972421306
1.930000000000000 0.941490539949734
1.940000000000000 0.941359726617659
1.950000000000000 0.941195032657837
1.960000000000000 0.940996952817445
1.970000000000000 0.940765976380059
1.980000000000000 0.940502587189241
1.990000000000000 0.940207263673636
2.000000000000000 0.939880478873521
2.010000000000000 0.939140311038442
2.020000000000000 0.938368783696224
2.030000000000000 0.937566387000430
2.040000000000000 0.936733605295187
2.050000000000000 0.935870917154389
2.060000000000000 0.934978795421893
2.070000000000000 0.934057707252583
2.080000000000000 0.933108114154301
2.090000000000000 0.932130472030530
2.100000000000000 0.931125231223806
2.110000000000000 0.929780358740923
2.120000000000000 0.928408270416953
2.130000000000000 0.927009423841313
2.140000000000000 0.925584270827531
2.150000000000000 0.924133257464590
2.160000000000000 0.922656824168672
2.170000000000000 0.921155405735221
2.180000000000000 0.919629431391290
2.190000000000000 0.918079324848149
2.200000000000000 0.916505504354088
2.210000000000000 0.914653739776723
2.220000000000000 0.912778796514197
2.230000000000000 0.910881093610958
2.240000000000000 0.908961044574305
2.250000000000000 0.907019057431652
2.260000000000000 0.905055534787749
2.270000000000000 0.903070873881867
2.280000000000000 0.901065466644896
2.290000000000000 0.899039699756327
2.300000000000000 0.896993954701126
2.310000000000000 0.894733751470094
2.320000000000000 0.892454181439187
2.330000000000000 0.890155622137376
2.340000000000000 0.887838445929513
2.350000000000000 0.885503020074984
2.360000000000000 0.883149706786085
2.370000000000000 0.880778863286105
2.380000000000000 0.878390841867090
2.390000000000000 0.875985989947286
2.400000000000000 0.873564650128248
2.410000000000000 0.870979486146428
2.420000000000000 0.868378455921046
2.430000000000000 0.865761895422698
2.440000000000000 0.863130135898498
2.450000000000000 0.860483503929211
2.460000000000000 0.857822321485963
2.470000000000000 0.855146905986513
2.480000000000000 0.852457570351084
2.490000000000000 0.849754623057741
2.500000000000000 0.847038368197316
2.510000000000000 0.844206008612056
2.520000000000000 0.841360935074040
2.530000000000000 0.838503443401288
2.540000000000000 0.835633825158015
2.550000000000000 0.832752367708395
2.560000000000000 0.829859354269828
2.570000000000000 0.826955063965700
2.580000000000000 0.824039771877639
2.590000000000000 0.821113749097267
2.600000000000000 0.818177262777441
2.610000000000000 0.815158117358984
2.620000000000000 0.812129050097155
2.630000000000000 0.809090319432257
2.640000000000000 0.806042180014763
2.650000000000000 0.802984882754758
2.660000000000000 0.799918674870853
2.670000000000000 0.796843799938587
2.680000000000000 0.793760497938301
2.690000000000000 0.790669005302494
2.700000000000000 0.787569554962660
2.710000000000000 0.784424397263330
2.720000000000000 0.781271756609003
2.730000000000000 0.778111856985058
2.740000000000000 0.774944919034352
2.750000000000000 0.771771160101856
2.760000000000000 0.768590794278754
2.770000000000000 0.765404032446049
2.780000000000000 0.762211082317656
2.790000000000000 0.759012148482992
2.800000000000000 0.755807432449059
2.810000000000000 0.752587674466285
2.820000000000000 0.749362535018250
2.830000000000000 0.746132206890214
2.840000000000000 0.742896879943183
2.850000000000000 0.739656741153608
2.860000000000000 0.736411974652618
2.870000000000000 0.733162761764757
2.880000000000000 0.729909281046260
2.890000000000000 0.726651708322847
2.900000000000000 0.723390216727054
2.910000000000000 0.720135416648099
2.920000000000000 0.716877026564649
2.930000000000000 0.713615211482267
2.940000000000000 0.710350133863190
2.950000000000000 0.707081953661303
2.960000000000000 0.703810828356672
2.970000000000000 0.700536912989631
2.980000000000000 0.697260360194442
2.990000000000000 0.693981320232519
3.000000000000000 0.690699941025234
3.010000000000000 0.687446199132936
3.020000000000000 0.684190374983705
3.030000000000000 0.680932609010052
3.040000000000000 0.677673039444521
3.050000000000000 0.674411802350213
3.060000000000000 0.671149031650932
3.070000000000000 0.667884859160928
3.080000000000000 0.664619414614248
3.090000000000000 0.661352825693712
3.100000000000000 0.658085218059496
3.110000000000000 0.654862147413217
3.120000000000000 0.651638248142659
3.130000000000000 0.648413639136707
3.140000000000000 0.645188437389886
3.150000000000000 0.641962758028847
3.160000000000000 0.638736714338483
3.170000000000000 0.635510417787709
3.180000000000000 0.632283978054895
3.190000000000000 0.629057503052960
3.200000000000000 0.625831098954127
3.210000000000000 0.622660722955144
3.220000000000000 0.619490549980060
3.230000000000000 0.616320680201424
3.240000000000000 0.613151212166130
3.250000000000000 0.609982242818260
3.260000000000000 0.606813867521616
3.270000000000000 0.603646180081942
3.280000000000000 0.600479272768857
3.290000000000000 0.597313236337479
3.300000000000000 0.594148160049769
3.310000000000000 0.591050992315037
3.320000000000000 0.587954861412143
3.330000000000000 0.584859851301280
3.340000000000000 0.581766044552501
3.350000000000000 0.578673522365331
3.360000000000000 0.575582364588102
3.370000000000000 0.572492649737034
3.380000000000000 0.569404455015045
3.390000000000000 0.566317856330312
3.400000000000000 0.563232928314576
3.410000000000000 0.560222058886652
3.420000000000000 0.557212893054362
3.430000000000000 0.554205500853843
3.440000000000000 0.551199951135295
3.450000000000000 0.548196311579766
3.460000000000000 0.545194648715695
3.470000000000000 0.542195027935231
3.480000000000000 0.539197513510335
3.490000000000000 0.536202168608646
3.500000000000000 0.533209055309145
3.510000000000000 0.530295329116196
3.520000000000000 0.527383828698609
3.530000000000000 0.524474612172978
3.540000000000000 0.521567736646472
3.550000000000000 0.518663258231155
3.560000000000000 0.515761232058102
3.570000000000000 0.512861712291321
3.580000000000000 0.509964752141486
3.590000000000000 0.507070403879482
3.600000000000000 0.504178718849752
3.610000000000000 0.501369871852567
3.620000000000000 0.498563650095241
3.630000000000000 0.495760101534468
3.640000000000000 0.492959273269433
3.650000000000000 0.490161211554003
3.660000000000000 0.487365961808746
3.670000000000000 0.484573568632780
3.680000000000000 0.481784075815463
3.690000000000000 0.478997526347921
3.700000000000000 0.476213962434415
3.710000000000000 0.473515428193491
3.720000000000000 0.470819814829876
3.730000000000000 0.468127161671784
3.740000000000000 0.465437507320272
3.750000000000000 0.462750889659586
3.760000000000000 0.460067345867378
3.770000000000000 0.457386912424775
3.780000000000000 0.454709625126313
3.790000000000000 0.452035519089730
3.800000000000000 0.449364628765622
3.810000000000000 0.446777856520477
3.820000000000000 0.444194217344307
3.830000000000000 0.441613743275043
3.840000000000000 0.439036465734644
3.850000000000000 0.436462415537886
3.860000000000000 0.433891622901032
3.870000000000000 0.431324117450383
3.880000000000000 0.428759928230705
3.890000000000000 0.426199083713550
3.900000000000000 0.423641611805448
3.910000000000000 0.421170370445167
3.920000000000000 0.418702398277705
3.930000000000000 0.416237721180426
3.940000000000000 0.413776364509975
3.950000000000000 0.411318353109729
3.960000000000000 0.408863711317144
3.970000000000000 0.406412462970997
3.980000000000000 0.403964631418533
3.990000000000000 0.401520239522509
4.000000000000000 0.399079309668143
4.010000000000000 0.396724138631823
4.020000000000000 0.394372312699927
4.030000000000000 0.392023852572239
4.040000000000000 0.389678778509002
4.050000000000000 0.387337110337221
4.060000000000000 0.384998867456881
4.070000000000000 0.382664068847084
4.080000000000000 0.380332733072092
4.090000000000000 0.378004878287292
4.100000000000000 0.375680522245081
4.110000000000000 0.373440222229444
4.120000000000000 0.371203295106699
4.130000000000000 0.368969757242661
4.140000000000000 0.366739624632586
4.150000000000000 0.364512912906500
4.160000000000000 0.362289637334465
4.170000000000000 0.360069812831760
4.180000000000000 0.357853453964001
4.190000000000000 0.355640574952185
4.200000000000000 0.353431189677670
4.210000000000000 0.351302943081095
4.220000000000000 0.349178059873341
4.230000000000000 0.347056552806434
4.240000000000000 0.344938434320302
4.250000000000000 0.342823716547272
4.260000000000000 0.340712411316530
4.270000000000000 0.338604530158500
4.280000000000000 0.336500084309176
4.290000000000000 0.334399084714389
4.300000000000000 0.332301542034013
4.310000000000000 0.330282757517022
4.320000000000000 0.328267295721736
4.330000000000000 0.326255166395716
4.340000000000000 0.324246379023989
4.350000000000000 0.322240942832853
4.360000000000000 0.320238866793643
4.370000000000000 0.318240159626441
4.380000000000000 0.316244829803729
4.390000000000000 0.314252885553999
4.400000000000000 0.312264334865316
4.410000000000000 0.310352570563974
4.420000000000000 0.308444062403448
4.430000000000000 0.306538817643281
4.440000000000000 0.304636843322521
4.450000000000000 0.302738146262939
4.460000000000000 0.300842733072208
4.470000000000000 0.298950610147034
4.480000000000000 0.297061783676251
4.490000000000000 0.295176259643867
4.500000000000000 0.293294043832071
4.510000000000000 0.291485318801915
4.520000000000000 0.289679765362212
4.530000000000000 0.287877388722403
4.540000000000000 0.286078193906964
4.550000000000000 0.284282185758130
4.560000000000000 0.282489368938577
4.570000000000000 0.280699747934069
4.580000000000000 0.278913327056073
4.590000000000000 0.277130110444331
4.600000000000000 0.275350102069407
4.610000000000000 0.273640982202990
4.620000000000000 0.271934934371895
4.630000000000000 0.270231962104747
4.640000000000000 0.268532068775273
4.650000000000000 0.266835257604592
4.660000000000000 0.265141531663490
4.670000000000000 0.263450893874655
4.680000000000000 0.261763347014876
4.690000000000000 0.260078893717229
4.700000000000000 0.258397536473216
4.710000000000000 0.256784056599485
4.720000000000000 0.255173538798744
4.730000000000000 0.253565985229872
4.740000000000000 0.251961397922238
4.750000000000000 0.250359778777641
4.760000000000000 0.248761129572225
4.770000000000000 0.247165451958367
4.780000000000000 0.245572747466541
4.790000000000000 0.243983017507155
4.800000000000000 0.242396263372363
4.810000000000000 0.240874229560646
4.820000000000000 0.239355040919916
4.830000000000000 0.237838698500362
4.840000000000000 0.236325203244086
4.850000000000000 0.234814555986738
4.860000000000000 0.233306757459136
4.870000000000000 0.231801808288860
4.880000000000000 0.230299709001823
4.890000000000000 0.228800460023824
4.900000000000000 0.227304061682082
4.910000000000000 0.225869406158039
4.920000000000000 0.224437474228836
4.930000000000000 0.223008266054852
4.940000000000000 0.221581781706449
4.950000000000000 0.220158021165347
4.960000000000000 0.218736984325992
4.970000000000000 0.217318670996903
4.980000000000000 0.215903080902000
4.990000000000000 0.214490213681914
5.000000000000000 0.213080068895278
5.010000000000000 0.211728650299526
5.020000000000000 0.210379831357273
5.030000000000000 0.209033611521895
5.040000000000000 0.207689990171959
5.050000000000000 0.206348966612420
5.060000000000000 0.205010540075730
5.070000000000000 0.203674709723001
5.080000000000000 0.202341474645124
5.090000000000000 0.201010833863872
5.100000000000000 0.199682786332990
5.110000000000000 0.198410408108780
5.120000000000000 0.197140505179058
5.130000000000000 0.195873076442230
5.140000000000000 0.194608120734706
5.150000000000000 0.193345636831891
5.160000000000000 0.192085623449156
5.170000000000000 0.190828079242793
5.180000000000000 0.189573002810970
5.190000000000000 0.188320392694656
5.200000000000000 0.187070247378553
5.210000000000000 0.185872939722800
5.220000000000000 0.184677983640932
5.230000000000000 0.183485377602975
5.240000000000000 0.182295120027733
5.250000000000000 0.181107209283625
5.260000000000000 0.179921643689502
5.270000000000000 0.178738421515457
5.280000000000000 0.177557540983628
5.290000000000000 0.176379000268984
5.300000000000000 0.175202797500100
5.310000000000000 0.174076731288695
5.320000000000000 0.172952894569651
5.330000000000000 0.171831285489606
5.340000000000000 0.170711902153028
5.350000000000000 0.169594742622924
5.360000000000000 0.168479804921527
5.370000000000000 0.167367087030985
5.380000000000000 0.166256586894033
5.390000000000000 0.165148302414658
5.400000000000000 0.164042231458757
5.410000000000000 0.162983581483260
5.420000000000000 0.161927041654382
5.430000000000000 0.160872609881679
5.440000000000000 0.159820284040136
5.450000000000000 0.158770061970764
5.460000000000000 0.157721941481180
5.470000000000000 0.156675920346187
5.480000000000000 0.155631996308345
5.490000000000000 0.154590167078526
5.500000000000000 0.153550430336475
5.510000000000000 0.152555590415606
5.520000000000000 0.151562744486466
5.530000000000000 0.150571890292679
5.540000000000000 0.149583025549668
5.550000000000000 0.148596147945158
5.560000000000000 0.147611255139666
5.570000000000000 0.146628344766990
5.580000000000000 0.145647414434685
5.590000000000000 0.144668461724544
5.600000000000000 0.143691484193056
5.610000000000000 0.142756792198510
5.620000000000000 0.141823982140617
5.630000000000000 0.140893051654534
5.640000000000000 0.139963998352543
5.650000000000000 0.139036819824477
5.660000000000000 0.138111513638135
5.670000000000000 0.137188077339693
5.680000000000000 0.136266508454108
5.690000000000000 0.135346804485519
5.700000000000000 0.134428962917638
5.710000000000000 0.133551076333857
5.720000000000000 0.132674963695019
5.730000000000000 0.131800622574984
5.740000000000000 0.130928050529194
5.750000000000000 0.130057245095028
5.760000000000000 0.129188203792154
5.770000000000000 0.128320924122873
5.780000000000000 0.127455403572461
5.790000000000000 0.126591639609509
5.800000000000000 0.125729629686250
5.810000000000000 0.124905332126811
5.820000000000000 0.124082704863322
5.830000000000000 0.123261745446337
5.840000000000000 0.122442451411705
5.850000000000000 0.121624820280873
5.860000000000000 0.120808849561179
5.870000000000000 0.119994536746146
5.880000000000000 0.119181879315766
5.890000000000000 0.118370874736789
5.900000000000000 0.117561520462998
5.910000000000000 0.116787750231344
5.920000000000000 0.116015551116864
5.930000000000000 0.115244920677201
5.940000000000000 0.114475856458390
5.950000000000000 0.113708355995107
5.960000000000000 0.112942416810920
5.970000000000000 0.112178036418530
5.980000000000000 0.111415212320020
5.990000000000000 0.110653942007091
6.000000000000000 0.109894222961293
6.010000000000000 0.109168034752412
6.020000000000000 0.108443323087290
6.030000000000000 0.107720085554582
6.040000000000000 0.106998319733902
6.050000000000000 0.106278023196031
6.060000000000000 0.105559193503132
6.070000000000000 0.104841828208952
6.080000000000000 0.104125924859031
6.090000000000000 0.103411480990896
6.100000000000000 0.102698494134267
6.110000000000000 0.102017066426635
6.120000000000000 0.101337025349453
6.130000000000000 0.100658368540924
6.140000000000000 0.099981093632331
6.150000000000000 0.099305198248223
6.160000000000000 0.098630680006584
6.170000000000000 0.097957536519014
6.180000000000000 0.097285765390895
6.190000000000000 0.096615364221560
6.200000000000000 0.095946330604465
6.210000000000000 0.095307036687796
6.220000000000000 0.094669043994712
6.230000000000000 0.094032350227336
6.240000000000000 0.093396953082630
6.250000000000000 0.092762850252543
6.260000000000000 0.092130039424162
6.270000000000000 0.091498518279857
6.280000000000000 0.090868284497423
6.290000000000000 0.090239335750227
6.300000000000000 0.089611669707343
6.310000000000000 0.089012014149453
6.320000000000000 0.088413578853518
6.330000000000000 0.087816361596307
6.340000000000000 0.087220360150873
6.350000000000000 0.086625572286673
6.360000000000000 0.086031995769700
6.370000000000000 0.085439628362598
6.380000000000000 0.084848467824787
6.390000000000000 0.084258511912583
6.400000000000000 0.083669758379314
6.410000000000000 0.083107384322008
6.420000000000000 0.082546153894991
6.430000000000000 0.081986064957447
6.440000000000000 0.081427115366024
6.450000000000000 0.080869302974935
6.460000000000000 0.080312625636068
6.470000000000000 0.079757081199085
6.480000000000000 0.079202667511525
6.490000000000000 0.078649382418902
6.500000000000000 0.078097223764807
6.510000000000000 0.077569880233834
6.520000000000000 0.077043607954384
6.530000000000000 0.076518404873275
6.540000000000000 0.075994268935745
6.550000000000000 0.075471198085547
6.560000000000000 0.074949190265032
6.570000000000000 0.074428243415238
6.580000000000000 0.073908355475972
6.590000000000000 0.073389524385895
6.600000000000000 0.072871748082605
6.610000000000000 0.072377309870645
6.620000000000000 0.071883874637350
6.630000000000000 0.071391440420399
6.640000000000000 0.070900005256669
6.650000000000000 0.070409567182317
6.660000000000000 0.069920124232844
6.670000000000000 0.069431674443173
6.680000000000000 0.068944215847717
6.690000000000000 0.068457746480452
6.700000000000000 0.067972264374980
6.710000000000000 0.067508765816847
6.720000000000000 0.067046205828985
6.730000000000000 0.066584582541735
6.740000000000000 0.066123894085265
6.750000000000000 0.065664138589629
6.760000000000000 0.065205314184827
6.770000000000000 0.064747419000870
6.780000000000000 0.064290451167831
6.790000000000000 0.063834408815912
6.800000000000000 0.063379290075494
6.810000000000000 0.062944840941245
6.820000000000000 0.062511269752812
6.830000000000000 0.062078574733530
6.840000000000000 0.061646754107054
6.850000000000000 0.061215806097412
6.860000000000000 0.060785728929055
6.870000000000000 0.060356520826905
6.880000000000000 0.059928180016407
6.890000000000000 0.059500704723574
6.900000000000000 0.059074093175038
6.910000000000000 0.058666930406797
6.920000000000000 0.058260588537434
6.930000000000000 0.057855065882660
6.940000000000000 0.057450360758894
6.950000000000000 0.057046471483308
6.960000000000000 0.056643396373866
6.970000000000000 0.056241133749370
6.980000000000000 0.055839681929497
6.990000000000000 0.055439039234840
7.000000000000000 0.055039203986948
7.010000000000000 0.054657675289293
7.020000000000000 0.054276913836926
7.030000000000000 0.053896918036535
7.040000000000000 0.053517686295818
7.050000000000000 0.053139217023520
7.060000000000000 0.052761508629462
7.070000000000000 0.052384559524582
7.080000000000000 0.052008368120964
7.090000000000000 0.051632932831871
7.100000000000000 0.051258252071782
7.110000000000000 0.050900786870916
7.120000000000000 0.050544038521497
7.130000000000000 0.050188005519091
7.140000000000000 0.049832686360498
7.150000000000000 0.049478079543788
7.160000000000000 0.049124183568319
7.170000000000000 0.048770996934777
7.180000000000000 0.048418518145194
7.190000000000000 0.048066745702980
7.200000000000000 0.047715678112950
7.210000000000000 0.047380800669505
7.220000000000000 0.047046592773341
7.230000000000000 0.046713053006325
7.240000000000000 0.046380179951731
7.250000000000000 0.046047972194254
7.260000000000000 0.045716428320044
7.270000000000000 0.045385546916721
7.280000000000000 0.045055326573400
7.290000000000000 0.044725765880717
7.300000000000000 0.044396863430846
7.310000000000000 0.044083199541998
7.320000000000000 0.043770160794974
7.330000000000000 0.043457745855081
7.340000000000000 0.043145953389147
7.350000000000000 0.042834782065537
7.360000000000000 0.042524230554174
7.370000000000000 0.042214297526557
7.380000000000000 0.041904981655781
7.390000000000000 0.041596281616552
7.400000000000000 0.041288196085211
7.410000000000000 0.040994457785450
7.420000000000000 0.040701302956217
7.430000000000000 0.040408730343158
7.440000000000000 0.040116738693513
7.450000000000000 0.039825326756133
7.460000000000000 0.039534493281494
7.470000000000000 0.039244237021713
7.480000000000000 0.038954556730565
7.490000000000000 0.038665451163493
7.500000000000000 0.038376919077629
7.510000000000000 0.038101881261350
7.520000000000000 0.037827387857613
7.530000000000000 0.037553437689060
7.540000000000000 0.037280029579968
7.550000000000000 0.037007162356262
7.560000000000000 0.036734834845534
7.570000000000000 0.036463045877046
7.580000000000000 0.036191794281749
7.590000000000000 0.035921078892294
7.600000000000000 0.035650898543039
7.610000000000000 0.035393391501164
7.620000000000000 0.035136392317483
7.630000000000000 0.034879899888102
7.640000000000000 0.034623913110778
7.650000000000000 0.034368430884932
7.660000000000000 0.034113452111659
7.670000000000000 0.033858975693735
7.680000000000000 0.033605000535632
7.690000000000000 0.033351525543522
7.700000000000000 0.033098549625290
7.710000000000000 0.032857527954500
7.720000000000000 0.032616979837679
7.730000000000000 0.032376904241075
7.740000000000000 0.032137300132584
7.750000000000000 0.031898166481757
7.760000000000000 0.031659502259807
7.770000000000000 0.031421306439622
7.780000000000000 0.031183577995765
7.790000000000000 0.030946315904488
7.800000000000000 0.030709519143736
7.810000000000000 0.030483969026121
7.820000000000000 0.030258860342625
7.830000000000000 0.030034192126157
7.840000000000000 0.029809963411254
7.850000000000000 0.029586173234083
7.860000000000000 0.029362820632449
7.870000000000000 0.029139904645800
7.880000000000000 0.028917424315234
7.890000000000000 0.028695378683505
7.900000000000000 0.028473766795025
7.910000000000000 0.028262740819695
7.920000000000000 0.028052126204252
7.930000000000000 0.027841922044844
7.940000000000000 0.027632127439210
7.950000000000000 0.027422741486683
7.960000000000000 0.027213763288193
7.970000000000000 0.027005191946276
7.980000000000000 0.026797026565075
7.990000000000000 0.026589266250345
8.000000000000000 0.026381910109458
8.010000000000000 0.026184507988253
8.020000000000000 0.025987489097306
8.029999999999999 0.025790852592592
8.039999999999999 0.025594597631626
8.050000000000001 0.025398723373475
8.060000000000000 0.025203228978752
8.070000000000000 0.025008113609628
8.080000000000000 0.024813376429829
8.090000000000000 0.024619016604643
8.100000000000000 0.024425033300922
8.109999999999999 0.024240428777939
8.119999999999999 0.024056181144308
8.130000000000001 0.023872289612585
8.140000000000001 0.023688753396817
8.150000000000000 0.023505571712544
8.160000000000000 0.023322743776800
8.170000000000000 0.023140268808118
8.180000000000000 0.022958146026532
8.190000000000000 0.022776374653576
8.199999999999999 0.022594953912291
8.210000000000001 0.022422365466531
8.220000000000001 0.022250109260500
8.230000000000000 0.022078184560166
8.240000000000000 0.021906590632926
8.250000000000000 0.021735326747612
8.260000000000000 0.021564392174489
8.270000000000000 0.021393786185259
8.279999999999999 0.021223508053062
8.289999999999999 0.021053557052479
8.300000000000001 0.020883932459530
8.310000000000000 0.020722633082411
8.320000000000000 0.020561642869505
8.330000000000000 0.020400961137154
8.340000000000000 0.020240587203069
8.350000000000000 0.020080520386331
8.359999999999999 0.019920760007390
8.369999999999999 0.019761305388069
8.380000000000001 0.019602155851565
8.390000000000001 0.019443310722447
8.400000000000000 0.019284769326658
8.410000000000000 0.019134060041732
8.420000000000000 0.018983638354693
8.430000000000000 0.018833503629266
8.440000000000000 0.018683655230480
8.449999999999999 0.018534092524668
8.460000000000001 0.018384814879468
8.470000000000001 0.018235821663822
8.480000000000000 0.018087112247978
8.490000000000000 0.017938686003491
8.500000000000000 0.017790542303221
8.510000000000000 0.017649773001057
8.520000000000000 0.017509271133542
8.529999999999999 0.017369036108945
8.539999999999999 0.017229067336771
8.550000000000001 0.017089364227763
8.560000000000000 0.016949926193903
8.570000000000000 0.016810752648408
8.580000000000000 0.016671843005735
8.590000000000000 0.016533196681577
8.600000000000000 0.016394813092866
8.609999999999999 0.016263387233744
8.619999999999999 0.016132209934410
8.630000000000001 0.016001280645022
8.640000000000001 0.015870598816912
8.650000000000000 0.015740163902580
8.660000000000000 0.015609975355697
8.670000000000000 0.015480032631104
8.680000000000000 0.015350335184812
8.690000000000000 0.015220882474000
8.699999999999999 0.015091673957019
8.710000000000001 0.014969015020908
8.720000000000001 0.014846587009156
8.730000000000000 0.014724389411213
8.740000000000000 0.014602421717632
8.750000000000000 0.014480683420072
8.760000000000000 0.014359174011295
8.770000000000000 0.014237892985167
8.779999999999999 0.014116839836654
8.789999999999999 0.013996014061827
8.800000000000001 0.013875415157858
8.810000000000000 0.013760985414704
8.820000000000000 0.013646770114694
8.830000000000000 0.013532768784110
8.840000000000000 0.013418980950276
8.850000000000000 0.013305406141553
8.859999999999999 0.013192043887340
8.869999999999999 0.013078893717807
8.880000000000001 0.012965955164968
8.890000000000001 0.012853227761063
8.900000000000000 0.012740711039894
8.910000000000000 0.012634023225810
8.920000000000000 0.012527534420988
8.930000000000000 0.012421244186289
8.940000000000000 0.012315152083551
8.949999999999999 0.012209257675587
8.960000000000001 0.012103560526183
8.970000000000001 0.011998060200101
8.980000000000000 0.011892756263075
8.990000000000000 0.011787648281808
9.000000000000000 0.011682735823979
9.010000000000000 0.011583316652420
9.020000000000000 0.011484082067313
9.029999999999999 0.011385031661894
9.039999999999999 0.011286165030313
9.050000000000001 0.011187481767633
9.060000000000000 0.011088981469830
9.070000000000000 0.010990663733790
9.080000000000000 0.010892528157311
9.090000000000000 0.010794574339102
9.100000000000000 0.010696801878777
9.109999999999999 0.010604195114672
9.119999999999999 0.010511759483161
9.130000000000001 0.010419494607720
9.140000000000001 0.010327400112677
9.150000000000000 0.010235475623217
9.160000000000000 0.010143720765376
9.170000000000000 0.010052135166041
9.180000000000000 0.009960718452952
9.190000000000000 0.009869470254697
9.199999999999999 0.009778390200714
9.210000000000001 0.009692193413974
9.220000000000001 0.009606155163829
9.230000000000000 0.009520275102091
9.240000000000000 0.009434552881364
9.250000000000000 0.009348988155053
9.260000000000000 0.009263580577355
9.270000000000000 0.009178329803264
9.279999999999999 0.009093235488566
9.289999999999999 0.009008297289840
9.300000000000001 0.008923514864456
9.310000000000000 0.008843342658484
9.320000000000000 0.008763317210279
9.330000000000000 0.008683438198157
9.340000000000000 0.008603705301175
9.350000000000000 0.008524118199131
9.359999999999999 0.008444676572565
9.369999999999999 0.008365380102755
9.380000000000001 0.008286228471719
9.390000000000001 0.008207221362210
9.400000000000000 0.008128358457720
9.410000000000000 0.008053831777508
9.420000000000000 0.007979440872903
9.430000000000000 0.007905185446931
9.440000000000000 0.007831065203309
9.449999999999999 0.007757079846442
9.460000000000001 0.007683229081424
9.470000000000001 0.007609512614035
9.480000000000000 0.007535930150744
9.490000000000000 0.007462481398701
9.500000000000000 0.007389166065744
9.510000000000000 0.007319959417063
9.520000000000000 0.007250878250589
9.529999999999999 0.007181922292500
9.539999999999999 0.007113091269609
9.550000000000001 0.007044384909374
9.560000000000000 0.006975802939887
9.570000000000000 0.006907345089880
9.580000000000000 0.006839011088720
9.590000000000000 0.006770800666409
9.600000000000000 0.006702713553583
9.609999999999999 0.006638492818101
9.619999999999999 0.006574387968453
9.630000000000001 0.006510398752381
9.640000000000001 0.006446524918218
9.650000000000000 0.006382766214888
9.660000000000000 0.006319122391907
9.670000000000000 0.006255593199383
9.680000000000000 0.006192178388010
9.690000000000000 0.006128877709071
9.699999999999999 0.006065690914437
9.710000000000001 0.006006163150508
9.720000000000001 0.005946742289698
9.730000000000000 0.005887428099905
9.740000000000000 0.005828220349580
9.750000000000000 0.005769118807717
9.760000000000000 0.005710123243859
9.770000000000000 0.005651233428093
9.779999999999999 0.005592449131051
9.789999999999999 0.005533770123907
9.800000000000001 0.005475196178379
9.810000000000000 0.005420072103867
9.820000000000000 0.005365046549670
9.830000000000000 0.005310119302473
9.840000000000000 0.005255290149469
9.850000000000000 0.005200558878353
9.859999999999999 0.005145925277326
9.869999999999999 0.005091389135092
9.880000000000001 0.005036950240856
9.890000000000001 0.004982608384325
9.900000000000000 0.004928363355705
9.910000000000000 0.004877377400709
9.920000000000000 0.004826482133114
9.930000000000000 0.004775677357125
9.940000000000000 0.004724962877416
9.949999999999999 0.004674338499123
9.960000000000001 0.004623804027848
9.970000000000001 0.004573359269655
9.980000000000000 0.004523004031072
9.990000000000000 0.004472738119086
10.000000000000000 0.004422561341146
