0.000000000000000 0.000000000000000
0.010000000000000 0.000027398601239
0.020000000000000 0.000111159585242
0.030000000000000 0.000253536764938
0.040000000000000 0.000456659594609
0.050000000000000 0.000722534442599
0.060000000000000 0.001053046008575
0.070000000000000 0.001449958878538
0.080000000000000 0.001914919210540
0.090000000000000 0.002449456543928
0.100000000000000 0.003054985724736
0.110000000000000 0.003749761571776
0.120000000000000 0.004524107203652
0.130000000000000 0.005379759958279
0.140000000000000 0.006318322149118
0.150000000000000 0.007341263770787
0.160000000000000 0.008449925305341
0.170000000000000 0.009645520620124
0.180000000000000 0.010929139948208
0.190000000000000 0.012301752942508
0.200000000000000 0.013764211794860
0.210000000000000 0.015375286786909
0.220000000000000 0.017087676910487
0.230000000000000 0.018902360934799
0.240000000000000 0.020820186575715
0.250000000000000 0.022841874336755
0.260000000000000 0.024968021382799
0.270000000000000 0.027199105437754
0.280000000000000 0.029535488697739
0.290000000000000 0.031977421751666
0.300000000000000 0.034525047501480
0.310000000000000 0.037286189963368
0.320000000000000 0.040164844392461
0.330000000000000 0.043161112981411
0.340000000000000 0.046274985086842
0.350000000000000 0.049506341612617
0.360000000000000 0.052854959357033
0.370000000000000 0.056320515317610
0.380000000000000 0.059902590947588
0.390000000000000 0.063600676358632
0.400000000000000 0.067414174464675
0.410000000000000 0.071481721525110
0.420000000000000 0.075673983757810
0.430000000000000 0.079990224249322
0.440000000000000 0.084429621598748
0.450000000000000 0.088991274163514
0.460000000000000 0.093674204219797
0.470000000000000 0.098477362034583
0.480000000000000 0.103399629846683
0.490000000000000 0.108439825754418
0.500000000000000 0.113596707507987
0.510000000000000 0.119006621160376
0.520000000000000 0.124538453043407
0.530000000000000 0.130190809246327
0.540000000000000 0.135962242833723
0.550000000000000 0.141851257432225
0.560000000000000 0.147856310710878
0.570000000000000 0.153975817755000
0.580000000000000 0.160208154333564
0.590000000000000 0.166551660060406
0.600000000000000 0.173004641449719
0.610000000000000 0.179653104382942
0.620000000000000 0.186411431387445
0.630000000000000 0.193277828918776
0.640000000000000 0.200250479172640
0.650000000000000 0.207327542744264
0.660000000000000 0.214507161185442
0.670000000000000 0.221787459460821
0.680000000000000 0.229166548305082
0.690000000000000 0.236642526482798
0.700000000000000 0.244213482952802
0.710000000000000 0.251874059770679
0.720000000000000 0.259625652469591
0.730000000000000 0.267466333702229
0.740000000000000 0.275394174105576
0.750000000000000 0.283407244014973
0.760000000000000 0.291503615095198
0.770000000000000 0.299681361890725
0.780000000000000 0.307938563297391
0.790000000000000 0.316273303957690
0.800000000000000 0.324683675581922
0.810000000000000 0.333043081445595
0.820000000000000 0.341470877690846
0.830000000000000 0.349965225871137
0.840000000000000 0.358524300027046
0.850000000000000 0.367146287600868
0.860000000000000 0.375829390292882
0.870000000000000 0.384571824861324
0.880000000000000 0.393371823868139
0.890000000000000 0.402227636372493
0.900000000000000 0.411137528574040
0.910000000000000 0.419842756111252
0.920000000000000 0.428592904426104
0.930000000000000 0.437386378102714
0.940000000000000 0.446221601618519
0.950000000000000 0.455097019675285
0.960000000000000 0.464011097494742
0.970000000000000 0.472962321080423
0.980000000000000 0.481949197447268
0.990000000000000 0.490970254820458
1.000000000000000 0.500024042804967
1.010000000000000 0.508720509333219
1.020000000000000 0.517439797679677
1.030000000000000 0.526180640114336
1.040000000000000 0.534941790751852
1.050000000000000 0.543722025512146
1.060000000000000 0.552520142063580
1.070000000000000 0.561334959749711
1.080000000000000 0.570165319500637
1.090000000000000 0.579010083729847
1.100000000000000 0.587868136217516
1.110000000000000 0.596241570469784
1.120000000000000 0.604618722914053
1.130000000000000 0.612998677299501
1.140000000000000 0.621380537571758
1.150000000000000 0.629763427638387
1.160000000000000 0.638146491129071
1.170000000000000 0.646528891151031
1.180000000000000 0.654909810040221
1.190000000000000 0.663288449108769
1.200000000000000 0.671664028389148
1.210000000000000 0.679449073715645
1.220000000000000 0.687222376661954
1.230000000000000 0.694983356196217
1.240000000000000 0.702731447871415
1.250000000000000 0.710466103518748
1.260000000000000 0.718186790942872
1.270000000000000 0.725892993619188
1.280000000000000 0.733584210393393
1.290000000000000 0.741259955183459
1.300000000000000 0.748919756684197
1.310000000000000 0.755923307065078
1.320000000000000 0.762903577963535
1.330000000000000 0.769860280121049
1.340000000000000 0.776793136524572
1.350000000000000 0.783701882104688
1.360000000000000 0.790586263439085
1.370000000000000 0.797446038461332
1.380000000000000 0.804280976174965
1.390000000000000 0.811090856372848
1.400000000000000 0.817875469361793
1.410000000000000 0.823962371286988
1.420000000000000 0.830018059492452
1.430000000000000 0.836042483319357
1.440000000000000 0.842035600073353
1.450000000000000 0.847997374767685
1.460000000000000 0.853927779872720
1.470000000000000 0.859826795071721
1.480000000000000 0.865694407022807
1.490000000000000 0.871530609126940
1.500000000000000 0.877335401301865
1.510000000000000 0.882435421786381
1.520000000000000 0.887499487743390
1.530000000000000 0.892527730884773
1.540000000000000 0.897520287123526
1.550000000000000 0.902477296377558
1.560000000000000 0.907398902379582
1.570000000000000 0.912285252492931
1.580000000000000 0.917136497533167
1.590000000000000 0.921952791595318
1.600000000000000 0.926734291886605
1.610000000000000 0.930824896787167
1.620000000000000 0.934877403473851
1.630000000000000 0.938892074512462
1.640000000000000 0.942869173611663
1.650000000000000 0.946808965488147
1.660000000000000 0.950711715736954
1.670000000000000 0.954577690706760
1.680000000000000 0.958407157380014
1.690000000000000 0.962200383257735
1.700000000000000 0.965957636248863
1.710000000000000 0.969057228883682
1.720000000000000 0.972118602454632
1.730000000000000 0.975142105922486
1.740000000000000 0.978128087070279
1.750000000000000 0.981076892422732
1.760000000000000 0.983988867169661
1.770000000000000 0.986864355093230
1.780000000000000 0.989703698498905
1.790000000000000 0.992507238149997
1.800000000000000 0.995275313205640
1.810000000000000 0.997432625906994
1.820000000000000 0.999553086095315
1.830000000000000 1.001637092918962
1.840000000000000 1.003685042704979
1.850000000000000 1.005697328922470
1.860000000000000 1.007674342148837
1.870000000000000 1.009616470038772
1.880000000000000 1.011524097295873
1.890000000000000 1.013397605646816
1.900000000000000 1.015237373817939
1.910000000000000 1.016520297783792
1.920000000000000 1.017768754370830
1.930000000000000 1.018983165002651
1.940000000000000 1.020163947208272
1.950000000000000 1.021311514618765
1.960000000000000 1.022426276965786
1.970000000000000 1.023508640081921
1.980000000000000 1.024559005902759
1.990000000000000 1.025577772470623
2.000000000000000 1.026565333939856
2.010000000000000 1.027056642546962
2.020000000000000 1.027516514595596
2.030000000000000 1.027945372918646
2.040000000000000 1.028343635839190
2.050000000000000 1.028711717190682
2.060000000000000 1.029050026338276
2.070000000000000 1.029358968201209
2.080000000000000 1.029638943276203
2.090000000000000 1.029890347661813
2.100000000000000 1.030113573083663
2.110000000000000 1.029900070637181
2.120000000000000 1.029658503570000
2.130000000000000 1.029389281616007
2.140000000000000 1.029092809728556
2.150000000000000 1.028769488116177
2.160000000000000 1.028419712278843
2.170000000000000 1.028043873044749
2.180000000000000 1.027642356607550
2.190000000000000 1.027215544564041
2.200000000000000 1.026763813952212
2.210000000000000 1.025936274932043
2.220000000000000 1.025084164684902
2.230000000000000 1.024207870070531
2.240000000000000 1.023307773149704
2.250000000000000 1.022384251229136
2.260000000000000 1.021437676906521
2.270000000000000 1.020468418115690
2.280000000000000 1.019476838171848
2.290000000000000 1.018463295816871
2.300000000000000 1.017428145264637
2.310000000000000 1.016075235444563
2.320000000000000 1.014701205134900
2.330000000000000 1.013306412413830
2.340000000000000 1.011891210715552
2.350000000000000 1.010455948879638
2.360000000000000 1.009000971200263
2.370000000000000 1.007526617475263
2.380000000000000 1.006033223055036
2.390000000000000 1.004521118891237
2.400000000000000 1.002990631585284
2.410000000000000 1.001193160071363
2.420000000000000 0.999377862618472
2.430000000000000 0.997545065674681
2.440000000000000 0.995695091307732
2.450000000000000 0.993828257255535
2.460000000000000 0.991944876976330
2.470000000000000 0.990045259698547
2.480000000000000 0.988129710470314
2.490000000000000 0.986198530208629
2.500000000000000 0.984252015748174
2.510000000000000 0.982089830862882
2.520000000000000 0.979912890236317
2.530000000000000 0.977721487627172
2.540000000000000 0.975515912744680
2.550000000000000 0.973296451297913
2.560000000000000 0.971063385044664
2.570000000000000 0.968816991839911
2.580000000000000 0.966557545683853
2.590000000000000 0.964285316769517
2.600000000000000 0.962000571529934
2.610000000000000 0.959544174801498
2.620000000000000 0.957075825326757
2.630000000000000 0.954595784700107
2.640000000000000 0.952104310828273
2.650000000000000 0.949601657976967
2.660000000000000 0.947088076817074
2.670000000000000 0.944563814470383
2.680000000000000 0.942029114554837
2.690000000000000 0.939484217229334
2.700000000000000 0.936929359238048
2.710000000000000 0.934242219675848
2.720000000000000 0.931545644837111
2.730000000000000 0.928839865616968
2.740000000000000 0.926125109592025
2.750000000000000 0.923401601063532
2.760000000000000 0.920669561100063
2.770000000000000 0.917929207579731
2.780000000000000 0.915180755231923
2.790000000000000 0.912424415678579
2.800000000000000 0.909660397474984
2.810000000000000 0.906798524854174
2.820000000000000 0.903929446647599
2.830000000000000 0.901053365106738
2.840000000000000 0.898170479524924
2.850000000000000 0.895280986276604
2.860000000000000 0.892385078856130
2.870000000000000 0.889482947916102
2.880000000000000 0.886574781305248
2.890000000000000 0.883660764105847
2.900000000000000 0.880741078670712
2.910000000000000 0.877752616732603
2.920000000000000 0.874758900597397
2.930000000000000 0.871760106264211
2.940000000000000 0.868756407115032
2.950000000000000 0.865747973949972
2.960000000000000 0.862734975022089
2.970000000000000 0.859717576071777
2.980000000000000 0.856695940360721
2.990000000000000 0.853670228705445
3.000000000000000 0.850640599510417
3.010000000000000 0.847568371307634
3.020000000000000 0.844492576881905
3.030000000000000 0.841413368457113
3.040000000000000 0.838330895956470
3.050000000000000 0.835245307033834
3.060000000000000 0.832156747104659
3.070000000000000 0.829065359376531
3.080000000000000 0.825971284879315
3.090000000000000 0.822874662494922
3.100000000000000 0.819775628986679
3.110000000000000 0.816656724786837
3.120000000000000 0.813535698155957
3.130000000000000 0.810412680011489
3.140000000000000 0.807287799259221
3.150000000000000 0.804161182820904
3.160000000000000 0.801032955661518
3.170000000000000 0.797903240816174
3.180000000000000 0.794772159416673
3.190000000000000 0.791639830717711
3.200000000000000 0.788506372122735
3.210000000000000 0.785371501036892
3.220000000000000 0.782235729945310
3.230000000000000 0.779099170856046
3.240000000000000 0.775961934025842
3.250000000000000 0.772824127984326
3.260000000000000 0.769685859557879
3.270000000000000 0.766547233893199
3.280000000000000 0.763408354480539
3.290000000000000 0.760269323176645
3.300000000000000 0.757130240227378
3.310000000000000 0.754004532909335
3.320000000000000 0.750878950269361
3.330000000000000 0.747753587664552
3.340000000000000 0.744628538932730
3.350000000000000 0.741503896413534
3.360000000000000 0.738379750969219
3.370000000000000 0.735256192005180
3.380000000000000 0.732133307490199
3.390000000000000 0.729011183976416
3.400000000000000 0.725889906619036
3.410000000000000 0.722795136406677
3.420000000000000 0.719701338729123
3.430000000000000 0.716608594357346
3.440000000000000 0.713516982748552
3.450000000000000 0.710426582064481
3.460000000000000 0.707337469189458
3.470000000000000 0.704249719748195
3.480000000000000 0.701163408123356
3.490000000000000 0.698078607472877
3.500000000000000 0.694995389747061
3.510000000000000 0.691949171318567
3.520000000000000 0.688904618034470
3.530000000000000 0.685861797961015
3.540000000000000 0.682820778031459
3.550000000000000 0.679781624061898
3.560000000000000 0.676744400766870
3.570000000000000 0.673709171774750
3.580000000000000 0.670675999642936
3.590000000000000 0.667644945872821
3.600000000000000 0.664616070924569
3.610000000000000 0.661632153946543
3.620000000000000 0.658650460092236
3.630000000000000 0.655671046418599
3.640000000000000 0.652693969007692
3.650000000000000 0.649719282980325
3.660000000000000 0.646747042509517
3.670000000000000 0.643777300833776
3.680000000000000 0.640810110270183
3.690000000000000 0.637845522227311
3.700000000000000 0.634883587217964
3.710000000000000 0.631972936095702
3.720000000000000 0.629064949444107
3.730000000000000 0.626159674818503
3.740000000000000 0.623257158937018
3.750000000000000 0.620357447692329
3.760000000000000 0.617460586163237
3.770000000000000 0.614566618626100
3.780000000000000 0.611675588566084
3.790000000000000 0.608787538688287
3.800000000000000 0.605902510928691
3.810000000000000 0.603073810259365
3.820000000000000 0.600248114794802
3.830000000000000 0.597425463919740
3.840000000000000 0.594605896301283
3.850000000000000 0.591789449898980
3.860000000000000 0.588976161974777
3.870000000000000 0.586166069102819
3.880000000000000 0.583359207179138
3.890000000000000 0.580555611431186
3.900000000000000 0.577755316427250
3.910000000000000 0.575015122362845
3.920000000000000 0.572278188253539
3.930000000000000 0.569544546483401
3.940000000000000 0.566814228822364
3.950000000000000 0.564087266434876
3.960000000000000 0.561363689888425
3.970000000000000 0.558643529161959
3.980000000000000 0.555926813654177
3.990000000000000 0.553213572191723
4.000000000000000 0.550503833037250
4.010000000000000 0.547856067700331
4.020000000000000 0.545211745665973
4.030000000000000 0.542570893343679
4.040000000000000 0.539933536618088
4.050000000000000 0.537299700856380
4.060000000000000 0.534669410915587
4.070000000000000 0.532042691149804
4.080000000000000 0.529419565417293
4.090000000000000 0.526800057087501
4.100000000000000 0.524184189047975
4.110000000000000 0.521632174241192
4.120000000000000 0.519083724381196
4.130000000000000 0.516538860791894
4.140000000000000 0.513997604349277
4.150000000000000 0.511459975487769
4.160000000000000 0.508925994206473
4.170000000000000 0.506395680075351
4.180000000000000 0.503869052241301
4.190000000000000 0.501346129434164
4.200000000000000 0.498826929972646
4.210000000000000 0.496372284257421
4.220000000000000 0.493921274241675
4.230000000000000 0.491473916936084
4.240000000000000 0.489030228969587
4.250000000000000 0.486590226594800
4.260000000000000 0.484153925693376
4.270000000000000 0.481721341781272
4.280000000000000 0.479292490013964
4.290000000000000 0.476867385191577
4.300000000000000 0.474446041763949
4.310000000000000 0.472089277582314
4.320000000000000 0.469736177754145
4.330000000000000 0.467386755644226
4.340000000000000 0.465041024292408
4.350000000000000 0.462698996418248
4.360000000000000 0.460360684425583
4.370000000000000 0.458026100407038
4.380000000000000 0.455695256148480
4.390000000000000 0.453368163133405
4.400000000000000 0.451044832547272
4.410000000000000 0.448785699336869
4.420000000000000 0.446530224327590
4.430000000000000 0.444278417813037
4.440000000000000 0.442030289810603
4.450000000000000 0.439785850065432
4.460000000000000 0.437545108054327
4.470000000000000 0.435308072989604
4.480000000000000 0.433074753822899
4.490000000000000 0.430845159248914
4.500000000000000 0.428619297709123
4.510000000000000 0.426456949875779
4.520000000000000 0.424298225496982
4.530000000000000 0.422143132289056
4.540000000000000 0.419991677733856
4.550000000000000 0.417843869082159
4.560000000000000 0.415699713356994
4.570000000000000 0.413559217356940
4.580000000000000 0.411422387659372
4.590000000000000 0.409289230623667
4.600000000000000 0.407159752394366
4.610000000000000 0.405092624096825
4.620000000000000 0.403029061744295
4.630000000000000 0.400969070899309
4.640000000000000 0.398912656925651
4.650000000000000 0.396859824991250
4.660000000000000 0.394810580071025
4.670000000000000 0.392764926949704
4.680000000000000 0.390722870224590
4.690000000000000 0.388684414308309
4.700000000000000 0.386649563431498
4.710000000000000 0.384675652874706
4.720000000000000 0.382705232664961
4.730000000000000 0.380738306573158
4.740000000000000 0.378774878201980
4.750000000000000 0.376814950988368
4.760000000000000 0.374858528205956
4.770000000000000 0.372905612967466
4.780000000000000 0.370956208227086
4.790000000000000 0.369010316782800
4.800000000000000 0.367067941278697
4.810000000000000 0.365184869481799
4.820000000000000 0.363305198393881
4.830000000000000 0.361428930303175
4.840000000000000 0.359556067355789
4.850000000000000 0.357686611557810
4.860000000000000 0.355820564777384
4.870000000000000 0.353957928746763
4.880000000000000 0.352098705064329
4.890000000000000 0.350242895196591
4.900000000000000 0.348390500480151
4.910000000000000 0.346595596772926
4.920000000000000 0.344803993523798
4.930000000000000 0.343015691801323
4.940000000000000 0.341230692554193
4.950000000000000 0.339448996613032
4.960000000000000 0.337670604692169
4.970000000000000 0.335895517391386
4.980000000000000 0.334123735197648
4.990000000000000 0.332355258486807
5.000000000000000 0.330590087525279
5.010000000000000 0.328880482637416
5.020000000000000 0.327174070186910
5.030000000000000 0.325470850245984
5.040000000000000 0.323770822785962
5.050000000000000 0.322073987678857
5.060000000000000 0.320380344698810
5.070000000000000 0.318689893523633
5.080000000000000 0.317002633736267
5.090000000000000 0.315318564826242
5.100000000000000 0.313637686191106
5.110000000000000 0.312010383996200
5.120000000000000 0.310386160800014
5.130000000000000 0.308765015867697
5.140000000000000 0.307146948379690
5.150000000000000 0.305531957433034
5.160000000000000 0.303920042042664
5.170000000000000 0.302311201142681
5.180000000000000 0.300705433587611
5.190000000000000 0.299102738153647
5.200000000000000 0.297503113539875
5.210000000000000 0.295955037698802
5.220000000000000 0.294409923958436
5.230000000000000 0.292867770936867
5.240000000000000 0.291328577181245
5.250000000000000 0.289792341168902
5.260000000000000 0.288259061308454
5.270000000000000 0.286728735940884
5.280000000000000 0.285201363340624
5.290000000000000 0.283676941716608
5.300000000000000 0.282155469213319
5.310000000000000 0.280683507170168
5.320000000000000 0.279214388479839
5.330000000000000 0.277748111248315
5.340000000000000 0.276284673522355
5.350000000000000 0.274824073290453
5.360000000000000 0.273366308483772
5.370000000000000 0.271911376977082
5.380000000000000 0.270459276589666
5.390000000000000 0.269010005086231
5.400000000000000 0.267563560177800
5.410000000000000 0.266164562832898
5.420000000000000 0.264768289634416
5.430000000000000 0.263374738289635
5.440000000000000 0.261983906456571
5.450000000000000 0.260595791744789
5.460000000000000 0.259210391716207
5.470000000000000 0.257827703885887
5.480000000000000 0.256447725722820
5.490000000000000 0.255070454650694
5.500000000000000 0.253695888048655
5.510000000000000 0.252366778305495
5.520000000000000 0.251040274008868
5.530000000000000 0.249716372562601
5.540000000000000 0.248395071329714
5.550000000000000 0.247076367633111
5.560000000000000 0.245760258756269
5.570000000000000 0.244446741943909
5.580000000000000 0.243135814402667
5.590000000000000 0.241827473301753
5.600000000000000 0.240521715773594
5.610000000000000 0.239259473862403
5.620000000000000 0.237999720037743
5.630000000000000 0.236742451479680
5.640000000000000 0.235487665334647
5.650000000000000 0.234235358716030
5.660000000000000 0.232985528704759
5.670000000000000 0.231738172349878
5.680000000000000 0.230493286669121
5.690000000000000 0.229250868649466
5.700000000000000 0.228010915247696
5.710000000000000 0.226812346511439
5.720000000000000 0.225616151042834
5.730000000000000 0.224422325863667
5.740000000000000 0.223230867968165
5.750000000000000 0.222041774323496
5.760000000000000 0.220855041870270
5.770000000000000 0.219670667523031
5.780000000000000 0.218488648170740
5.790000000000000 0.217308980677257
5.800000000000000 0.216131661881811
5.810000000000000 0.214993944293120
5.820000000000000 0.213858487578358
5.830000000000000 0.212725288656307
5.840000000000000 0.211594344423329
5.850000000000000 0.210465651753794
5.860000000000000 0.209339207500507
5.870000000000000 0.208215008495125
5.880000000000000 0.207093051548570
5.890000000000000 0.205973333451443
5.900000000000000 0.204855850974418
5.910000000000000 0.203776123836714
5.920000000000000 0.202698548281965
5.930000000000000 0.201623121171154
5.940000000000000 0.200549839347184
5.950000000000000 0.199478699635245
5.960000000000000 0.198409698843177
5.970000000000000 0.197342833761825
5.980000000000000 0.196278101165394
5.990000000000000 0.195215497811796
6.000000000000000 0.194155020442991
6.010000000000000 0.193130520322066
6.020000000000000 0.192108065888222
6.030000000000000 0.191087653981714
6.040000000000000 0.190069281428380
6.050000000000000 0.189052945039950
6.060000000000000 0.188038641614357
6.070000000000000 0.187026367936040
6.080000000000000 0.186016120776246
6.090000000000000 0.185007896893323
6.100000000000000 0.184001693033016
6.110000000000000 0.183029716719891
6.120000000000000 0.182059683889610
6.130000000000000 0.181091591391715
6.140000000000000 0.180125436064410
6.150000000000000 0.179161214734830
6.160000000000000 0.178198924219295
6.170000000000000 0.177238561323579
6.180000000000000 0.176280122843160
6.190000000000000 0.175323605563470
6.200000000000000 0.174369006260151
6.210000000000000 0.173446969943314
6.220000000000000 0.172526778699199
6.230000000000000 0.171608429410897
6.240000000000000 0.170691918952744
6.250000000000000 0.169777244190555
6.260000000000000 0.168864401981838
6.270000000000000 0.167953389176021
6.280000000000000 0.167044202614667
6.290000000000000 0.166136839131690
6.300000000000000 0.165231295553563
6.310000000000000 0.164356735272398
6.320000000000000 0.163483925493778
6.330000000000000 0.162612863153762
6.340000000000000 0.161743545181823
6.350000000000000 0.160875968501040
6.360000000000000 0.160010130028285
6.370000000000000 0.159146026674417
6.380000000000000 0.158283655344457
6.390000000000000 0.157423012937779
6.400000000000000 0.156564096348286
6.410000000000000 0.155734622583309
6.420000000000000 0.154906808686938
6.430000000000000 0.154080651663363
6.440000000000000 0.153256148511998
6.450000000000000 0.152433296227637
6.460000000000000 0.151612091800621
6.470000000000000 0.150792532216994
6.480000000000000 0.149974614458660
6.490000000000000 0.149158335503537
6.500000000000000 0.148343692325714
6.510000000000000 0.147557031099704
6.520000000000000 0.146771943011463
6.530000000000000 0.145988425145065
6.540000000000000 0.145206474581308
6.550000000000000 0.144426088397850
6.560000000000000 0.143647263669348
6.570000000000000 0.142869997467591
6.580000000000000 0.142094286861634
6.590000000000000 0.141320128917926
6.600000000000000 0.140547520700446
6.610000000000000 0.139801491433249
6.620000000000000 0.139056952455992
6.630000000000000 0.138313900941446
6.640000000000000 0.137572334060349
6.650000000000000 0.136832248981521
6.660000000000000 0.136093642871984
6.670000000000000 0.135356512897069
6.680000000000000 0.134620856220538
6.690000000000000 0.133886670004686
6.700000000000000 0.133153951410459
6.710000000000000 0.132446468948457
6.720000000000000 0.131740397757574
6.730000000000000 0.131035735105648
6.740000000000000 0.130332478259513
6.750000000000000 0.129630624485090
6.760000000000000 0.128930171047486
6.770000000000000 0.128231115211095
6.780000000000000 0.127533454239688
6.790000000000000 0.126837185396512
6.800000000000000 0.126142305944377
6.810000000000000 0.125471383359670
6.820000000000000 0.124801796771258
6.830000000000000 0.124133543546422
6.840000000000000 0.123466621052271
6.850000000000000 0.122801026655825
6.860000000000000 0.122136757724099
6.870000000000000 0.121473811624187
6.880000000000000 0.120812185723337
6.890000000000000 0.120151877389035
6.900000000000000 0.119492883989080
6.910000000000000 0.118856642437637
6.920000000000000 0.118221665224719
6.930000000000000 0.117587949819818
6.940000000000000 0.116955493692931
6.950000000000000 0.116324294314638
6.960000000000000 0.115694349156166
6.970000000000000 0.115065655689462
6.980000000000000 0.114438211387258
6.990000000000000 0.113812013723137
7.000000000000000 0.113187060171603
7.010000000000000 0.112583697081057
7.020000000000000 0.111981530210905
7.030000000000000 0.111380557134182
7.040000000000000 0.110780775424978
7.050000000000000 0.110182182658500
7.060000000000000 0.109584776411129
7.070000000000000 0.108988554260479
7.080000000000000 0.108393513785451
7.090000000000000 0.107799652566295
7.100000000000000 0.107206968184656
7.110000000000000 0.106634781801794
7.120000000000000 0.106063726916497
7.130000000000000 0.105493801205617
7.140000000000000 0.104925002347503
7.150000000000000 0.104357328022040
7.160000000000000 0.103790775910708
7.170000000000000 0.103225343696624
7.180000000000000 0.102661029064594
7.190000000000000 0.102097829701154
7.200000000000000 0.101535743294621
7.210000000000000 0.100993105880782
7.220000000000000 0.100451538536336
7.230000000000000 0.099911039041279
7.240000000000000 0.099371605177436
7.250000000000000 0.098833234728511
7.260000000000000 0.098295925480118
7.270000000000000 0.097759675219831
7.280000000000000 0.097224481737217
7.290000000000000 0.096690342823877
7.300000000000000 0.096157256273487
7.310000000000000 0.095642623010743
7.320000000000000 0.095129001553830
7.330000000000000 0.094616389784480
7.340000000000000 0.094104785586522
7.350000000000000 0.093594186845912
7.360000000000000 0.093084591450768
7.370000000000000 0.092575997291407
7.380000000000000 0.092068402260374
7.390000000000000 0.091561804252475
7.400000000000000 0.091056201164810
7.410000000000000 0.090568117046373
7.420000000000000 0.090080989481729
7.430000000000000 0.089594816452428
7.440000000000000 0.089109595942309
7.450000000000000 0.088625325937528
7.460000000000000 0.088142004426587
7.470000000000000 0.087659629400361
7.480000000000000 0.087178198852127
7.490000000000000 0.086697710777588
7.500000000000000 0.086218163174904
7.510000000000000 0.085755233593218
7.520000000000000 0.085293208225327
7.530000000000000 0.084832085150155
7.540000000000000 0.084371862449054
7.550000000000000 0.083912538205829
7.560000000000000 0.083454110506760
7.570000000000000 0.082996577440623
7.580000000000000 0.082539937098719
7.590000000000000 0.082084187574886
7.600000000000000 0.081629326965530
7.610000000000000 0.081190249081037
7.620000000000000 0.080752025812126
7.630000000000000 0.080314655332402
7.640000000000000 0.079878135817994
7.650000000000000 0.079442465447573
7.660000000000000 0.079007642402367
7.670000000000000 0.078573664866184
7.680000000000000 0.078140531025429
7.690000000000000 0.077708239069122
7.700000000000000 0.077276787188914
7.710000000000000 0.076860300731119
7.720000000000000 0.076444621958210
7.730000000000000 0.076029749135410
7.740000000000000 0.075615680530520
7.750000000000000 0.075202414413930
7.760000000000000 0.074789949058641
7.770000000000000 0.074378282740275
7.780000000000000 0.073967413737093
7.790000000000000 0.073557340330006
7.800000000000000 0.073148060802593
7.810000000000000 0.072752990489207
7.820000000000000 0.072358683432339
7.830000000000000 0.071965137985668
7.840000000000000 0.071572352505478
7.850000000000000 0.071180325350664
7.860000000000000 0.070789054882745
7.870000000000000 0.070398539465880
7.880000000000000 0.070008777466875
7.890000000000000 0.069619767255198
7.900000000000000 0.069231507202987
7.910000000000000 0.068856733181034
7.920000000000000 0.068482680381433
7.930000000000000 0.068109347243015
7.940000000000000 0.067736732207211
7.950000000000000 0.067364833718060
7.960000000000000 0.066993650222218
7.970000000000000 0.066623180168971
7.980000000000000 0.066253422010238
7.990000000000000 0.065884374200586
8.000000000000000 0.065516035197238
8.010000000000000 0.065160494044759
8.020000000000000 0.064805634361719
8.029999999999999 0.064451454668712
8.039999999999999 0.064097953488904
8.050000000000001 0.063745129348048
8.060000000000000 0.063392980774483
8.070000000000000 0.063041506299150
8.080000000000000 0.062690704455593
8.090000000000000 0.062340573779969
8.100000000000000 0.061991112811054
8.109999999999999 0.061653800508734
8.119999999999999 0.061317132083196
8.130000000000001 0.060981106133388
8.140000000000001 0.060645721260794
8.150000000000000 0.060310976069439
8.160000000000000 0.059976869165896
8.170000000000000 0.059643399159290
8.180000000000000 0.059310564661305
8.190000000000000 0.058978364286188
8.199999999999999 0.058646796650756
8.210000000000001 0.058326773039709
8.220000000000001 0.058007357741757
8.230000000000000 0.057688549430853
8.240000000000000 0.057370346783430
8.250000000000000 0.057052748478412
8.260000000000000 0.056735753197211
8.270000000000000 0.056419359623735
8.279999999999999 0.056103566444392
8.289999999999999 0.055788372348092
8.300000000000001 0.055473776026251
8.310000000000000 0.055170138436392
8.320000000000000 0.054867075544958
8.330000000000000 0.054564586097527
8.340000000000000 0.054262668842095
8.350000000000000 0.053961322529082
8.359999999999999 0.053660545911331
8.369999999999999 0.053360337744115
8.380000000000001 0.053060696785137
8.390000000000001 0.052761621794532
8.400000000000000 0.052463111534872
8.410000000000000 0.052175004559085
8.420000000000000 0.051887440515606
8.430000000000000 0.051600418218309
8.440000000000000 0.051313936483418
8.449999999999999 0.051027994129503
8.460000000000001 0.050742589977491
8.470000000000001 0.050457722850658
8.480000000000000 0.050173391574636
8.490000000000000 0.049889594977415
8.500000000000000 0.049606331889343
8.510000000000000 0.049332942905390
8.520000000000000 0.049060066843892
8.529999999999999 0.048787702583753
8.539999999999999 0.048515849006145
8.550000000000001 0.048244504994515
8.560000000000000 0.047973669434580
8.570000000000000 0.047703341214333
8.580000000000000 0.047433519224039
8.590000000000000 0.047164202356240
8.600000000000000 0.046895389505754
8.609999999999999 0.046635978315039
8.619999999999999 0.046377051642881
8.630000000000001 0.046118608430157
8.640000000000001 0.045860647619930
8.650000000000000 0.045603168157456
8.660000000000000 0.045346168990180
8.670000000000000 0.045089649067737
8.680000000000000 0.044833607341950
8.690000000000000 0.044578042766836
8.699999999999999 0.044322954298600
8.710000000000001 0.044076777258340
8.720000000000001 0.043831057936024
8.730000000000000 0.043585795331344
8.740000000000000 0.043340988446100
8.750000000000000 0.043096636284194
8.760000000000000 0.042852737851634
8.770000000000000 0.042609292156532
8.779999999999999 0.042366298209105
8.789999999999999 0.042123755021673
8.800000000000001 0.041881661608656
8.810000000000000 0.041648047980632
8.820000000000000 0.041414866722125
8.830000000000000 0.041182116888743
8.840000000000000 0.040949797538109
8.850000000000000 0.040717907729870
8.859999999999999 0.040486446525687
8.869999999999999 0.040255412988414
8.880000000000001 0.040024806185408
8.890000000000001 0.039794625183547
8.900000000000000 0.039564869053356
8.910000000000000 0.039343163664578
8.920000000000000 0.039121866709073
8.930000000000000 0.038900977295470
8.940000000000000 0.038680494534333
8.949999999999999 0.038460417538158
8.960000000000001 0.038240745421372
8.970000000000001 0.038021477300333
8.980000000000000 0.037802612293325
8.990000000000000 0.037584149520563
9.000000000000000 0.037366088104186
9.010000000000000 0.037155681458114
9.020000000000000 0.036945660623446
9.029999999999999 0.036736024759104
9.039999999999999 0.036526773025859
9.050000000000001 0.036317904586329
9.060000000000000 0.036109418604974
9.070000000000000 0.035901314248101
9.080000000000000 0.035693590683854
9.090000000000000 0.035486247082222
9.100000000000000 0.035279282615027
9.109999999999999 0.035079596835449
9.119999999999999 0.034880275489319
9.130000000000001 0.034681317783230
9.140000000000001 0.034482722925536
9.150000000000000 0.034284490126353
9.160000000000000 0.034086618597555
9.170000000000000 0.033889107552775
9.180000000000000 0.033691956207399
9.190000000000000 0.033495163778569
9.199999999999999 0.033298729485180
9.210000000000001 0.033109219559388
9.220000000000001 0.032920053860566
9.230000000000000 0.032731231640469
9.240000000000000 0.032542752152534
9.250000000000000 0.032354614651872
9.260000000000000 0.032166818395270
9.270000000000000 0.031979362641190
9.279999999999999 0.031792246649763
9.289999999999999 0.031605469682790
9.300000000000001 0.031419031003740
9.310000000000000 0.031239183549968
9.320000000000000 0.031059661218553
9.330000000000000 0.030880463304031
9.340000000000000 0.030701589102537
9.350000000000000 0.030523037911799
9.359999999999999 0.030344809031141
9.369999999999999 0.030166901761474
9.380000000000001 0.029989315405302
9.390000000000001 0.029812049266711
9.400000000000000 0.029635102651376
9.410000000000000 0.029464421833351
9.420000000000000 0.029294048092103
9.430000000000000 0.029123980762636
9.440000000000000 0.028954219181469
9.449999999999999 0.028784762686637
9.460000000000001 0.028615610617687
9.470000000000001 0.028446762315678
9.480000000000000 0.028278217123176
9.490000000000000 0.028109974384256
9.500000000000000 0.027942033444496
9.510000000000000 0.027780045955026
9.520000000000000 0.027618348503874
9.529999999999999 0.027456940464286
9.539999999999999 0.027295821210945
9.550000000000001 0.027134990119975
9.560000000000000 0.026974446568934
9.570000000000000 0.026814189936812
9.580000000000000 0.026654219604033
9.590000000000000 0.026494534952448
9.600000000000000 0.026335135365335
9.609999999999999 0.026181421851101
9.619999999999999 0.026027982234505
9.630000000000001 0.025874815925037
9.640000000000001 0.025721922333553
9.650000000000000 0.025569300872270
9.660000000000000 0.025416950954767
9.670000000000000 0.025264871995979
9.680000000000000 0.025113063412199
9.690000000000000 0.024961524621075
9.699999999999999 0.024810255041603
9.710000000000001 0.024664378242695
9.720000000000001 0.024518760122295
9.730000000000000 0.024373400124075
9.740000000000000 0.024228297693000
9.750000000000000 0.024083452275326
9.760000000000000 0.023938863318596
9.770000000000000 0.023794530271639
9.779999999999999 0.023650452584571
9.789999999999999 0.023506629708786
9.800000000000001 0.023363061096959
9.810000000000000 0.023224637756869
9.820000000000000 0.023086458689644
9.830000000000000 0.022948523371303
9.840000000000000 0.022810831279087
9.850000000000000 0.022673381891462
9.859999999999999 0.022536174688108
9.869999999999999 0.022399209149926
9.880000000000001 0.022262484759029
9.890000000000001 0.022126000998743
9.900000000000000 0.021989757353605
9.910000000000000 0.021858407234738
9.920000000000000 0.021727287782495
9.930000000000000 0.021596398503432
9.940000000000000 0.021465738905260
9.949999999999999 0.021335308496845
9.960000000000001 0.021205106788208
9.970000000000001 0.021075133290518
9.980000000000000 0.020945387516090
9.990000000000000 0.020815868978389
10.000000000000000 0.020686577192022
