0.000000000000000 0.000000000000000
0.010000000000000 0.000092207828401
0.020000000000000 0.000375862840090
0.030000000000000 0.000861130103092
0.040000000000000 0.001557668059519
0.050000000000000 0.002474632804672
0.060000000000000 0.003620682974970
0.070000000000000 0.005003985218533
0.080000000000000 0.006632220221249
0.090000000000000 0.008512589260312
0.100000000000000 0.010651821256474
0.110000000000000 0.012993318253965
0.120000000000000 0.015583189106202
0.130000000000000 0.018424367537510
0.140000000000000 0.021519455219553
0.150000000000000 0.024870729713297
0.160000000000000 0.028480152619979
0.170000000000000 0.032349377917277
0.180000000000000 0.036479760457278
0.190000000000000 0.040872364603277
0.200000000000000 0.045527972982977
0.210000000000000 0.050280914526766
0.220000000000000 0.055268680626202
0.230000000000000 0.060489945600661
0.240000000000000 0.065943213810153
0.250000000000000 0.071626827182294
0.260000000000000 0.077538972689329
0.270000000000000 0.083677689762508
0.280000000000000 0.090040877631823
0.290000000000000 0.096626302579906
0.300000000000000 0.103431605099603
0.310000000000000 0.110185155358392
0.320000000000000 0.117123946788803
0.330000000000000 0.124244637745639
0.340000000000000 0.131543839928606
0.350000000000000 0.139018123508145
0.360000000000000 0.146664022099902
0.370000000000000 0.154478037585276
0.380000000000000 0.162456644776029
0.390000000000000 0.170596295921450
0.400000000000000 0.178893425057028
0.410000000000000 0.186986641741176
0.420000000000000 0.195202577486333
0.430000000000000 0.203537385623446
0.440000000000000 0.211987250947184
0.450000000000000 0.220548392093666
0.460000000000000 0.229217063772768
0.470000000000000 0.237989558858086
0.480000000000000 0.246862210337775
0.490000000000000 0.255831393129669
0.500000000000000 0.264893525764195
0.510000000000000 0.273618818959989
0.520000000000000 0.282405623494421
0.530000000000000 0.291250474015343
0.540000000000000 0.300149975525092
0.550000000000000 0.309100803561968
0.560000000000000 0.318099704289473
0.570000000000000 0.327143494497813
0.580000000000000 0.336229061522123
0.590000000000000 0.345353363081770
0.600000000000000 0.354513427045030
0.610000000000000 0.363229941372701
0.620000000000000 0.371955505313824
0.630000000000000 0.380687453090947
0.640000000000000 0.389423200185824
0.650000000000000 0.398160242147318
0.660000000000000 0.406896153365496
0.670000000000000 0.415628585815527
0.680000000000000 0.424355267774859
0.690000000000000 0.433074002516995
0.700000000000000 0.441782666985027
0.710000000000000 0.449974240129469
0.720000000000000 0.458134224650862
0.730000000000000 0.466260864612361
0.740000000000000 0.474352479327835
0.750000000000000 0.482407461537814
0.760000000000000 0.490424275595487
0.770000000000000 0.498401455664752
0.780000000000000 0.506337603932184
0.790000000000000 0.514231388834678
0.800000000000000 0.522081543304337
0.810000000000000 0.529370506341018
0.820000000000000 0.536599204713569
0.830000000000000 0.543766726023037
0.840000000000000 0.550872218989671
0.850000000000000 0.557914891517978
0.860000000000000 0.564894008796943
0.870000000000000 0.571808891435995
0.880000000000000 0.578658913637213
0.890000000000000 0.585443501404137
0.900000000000000 0.592162130787515
0.910000000000000 0.598308320949643
0.920000000000000 0.604376337956402
0.930000000000000 0.610365962382937
0.940000000000000 0.616277019475253
0.950000000000000 0.622109377406742
0.960000000000000 0.627862945579496
0.970000000000000 0.633537672970070
0.980000000000000 0.639133546519249
0.990000000000000 0.644650589565358
1.000000000000000 0.650088860320624
1.010000000000000 0.654964870783810
1.020000000000000 0.659753523293874
1.030000000000000 0.664455118524043
1.040000000000000 0.669069986410887
1.050000000000000 0.673598484734221
1.060000000000000 0.678040997741431
1.070000000000000 0.682397934815346
1.080000000000000 0.686669729184804
1.090000000000000 0.690856836677039
1.100000000000000 0.694959734510987
1.110000000000000 0.698538355062158
1.120000000000000 0.702027216668659
1.130000000000000 0.705426975096744
1.140000000000000 0.708738302550593
1.150000000000000 0.711961886601550
1.160000000000000 0.715098429156083
1.170000000000000 0.718148645461444
1.180000000000000 0.721113263148043
1.190000000000000 0.723993021307570
1.200000000000000 0.726788669605867
1.210000000000000 0.729110469493350
1.220000000000000 0.731344909882699
1.230000000000000 0.733492863238358
1.240000000000000 0.735555208655005
1.250000000000000 0.737532831103098
1.260000000000000 0.739426620705520
1.270000000000000 0.741237472044336
1.280000000000000 0.742966283496774
1.290000000000000 0.744613956599490
1.300000000000000 0.746181395440242
1.310000000000000 0.747342228014225
1.320000000000000 0.748421347515943
1.330000000000000 0.749419733630436
1.340000000000000 0.750338365712388
1.350000000000000 0.751178222291189
1.360000000000000 0.751940280599471
1.370000000000000 0.752625516124317
1.380000000000000 0.753234902180375
1.390000000000000 0.753769409504091
1.400000000000000 0.754230005868343
1.410000000000000 0.754355342513356
1.420000000000000 0.754406524809735
1.430000000000000 0.754384559893215
1.440000000000000 0.754290449998945
1.450000000000000 0.754125192164775
1.460000000000000 0.753889777951424
1.470000000000000 0.753585193178881
1.480000000000000 0.753212417678438
1.490000000000000 0.752772425059757
1.500000000000000 0.752266182492386
1.510000000000000 0.751501681983505
1.520000000000000 0.750671538079712
1.530000000000000 0.749776729993704
1.540000000000000 0.748818229336913
1.550000000000000 0.747796999965776
1.560000000000000 0.746713997839594
1.570000000000000 0.745570170889493
1.580000000000000 0.744366458898048
1.590000000000000 0.743103793389105
1.600000000000000 0.741783097527387
1.610000000000000 0.740278852326339
1.620000000000000 0.738717698794726
1.630000000000000 0.737100553191754
1.640000000000000 0.735428322845119
1.650000000000000 0.733701906094941
1.660000000000000 0.731922192245285
1.670000000000000 0.730090061522934
1.680000000000000 0.728206385043071
1.690000000000000 0.726272024781567
1.700000000000000 0.724287833553563
1.710000000000000 0.722191724525886
1.720000000000000 0.720047181055864
1.730000000000000 0.717855036546446
1.740000000000000 0.715616115091415
1.750000000000000 0.713331231482174
1.760000000000000 0.711001191219250
1.770000000000000 0.708626790528246
1.780000000000000 0.706208816380047
1.790000000000000 0.703748046515035
1.800000000000000 0.701245249471108
1.810000000000000 0.698694856336802
1.820000000000000 0.696103922962024
1.830000000000000 0.693473191196567
1.840000000000000 0.690803393822948
1.850000000000000 0.688095254600679
1.860000000000000 0.685349488313241
1.870000000000000 0.682566800817598
1.880000000000000 0.679747889096102
1.890000000000000 0.676893441310638
1.900000000000000 0.674004136858868
1.910000000000000 0.671123959465862
1.920000000000000 0.668210380233336
1.930000000000000 0.665264048335490
1.940000000000000 0.662285604493753
1.950000000000000 0.659275681040842
1.960000000000000 0.656234901986178
1.970000000000000 0.653163883082575
1.980000000000000 0.650063231894076
1.990000000000000 0.646933547864873
2.000000000000000 0.643775422389188
2.010000000000000 0.640674055623940
2.020000000000000 0.637545589613502
2.030000000000000 0.634390584704137
2.040000000000000 0.631209593599250
2.050000000000000 0.628003161431429
2.060000000000000 0.624771825835023
2.070000000000000 0.621516117019144
2.080000000000000 0.618236557841066
2.090000000000000 0.614933663879946
2.100000000000000 0.611607943510802
2.110000000000000 0.608377754882009
2.120000000000000 0.605125924368569
2.130000000000000 0.601852930253937
2.140000000000000 0.598559244063838
2.150000000000000 0.595245330638868
2.160000000000000 0.591911648207090
2.170000000000000 0.588558648456579
2.180000000000000 0.585186776607884
2.190000000000000 0.581796471486369
2.200000000000000 0.578388165594394
2.210000000000000 0.575105766046632
2.220000000000000 0.571806372668107
2.230000000000000 0.568490389919580
2.240000000000000 0.565158216386968
2.250000000000000 0.561810244850099
2.260000000000000 0.558446862351160
2.270000000000000 0.555068450262819
2.280000000000000 0.551675384356006
2.290000000000000 0.548268034867317
2.300000000000000 0.544846766566053
2.310000000000000 0.541573775353873
2.320000000000000 0.538287691890224
2.330000000000000 0.534988855565352
2.340000000000000 0.531677600728341
2.350000000000000 0.528354256749685
2.360000000000000 0.525019148083410
2.370000000000000 0.521672594328740
2.380000000000000 0.518314910291285
2.390000000000000 0.514946406043749
2.400000000000000 0.511567386986160
2.410000000000000 0.508351621969316
2.420000000000000 0.505125997102136
2.430000000000000 0.501890795336291
2.440000000000000 0.498646295341147
2.450000000000000 0.495392771559190
2.460000000000000 0.492130494260945
2.470000000000000 0.488859729599391
2.480000000000000 0.485580739663858
2.490000000000000 0.482293782533417
2.500000000000000 0.478999112329748
2.510000000000000 0.475876866961323
2.520000000000000 0.472747407931594
2.530000000000000 0.469610969838580
2.540000000000000 0.466467783671499
2.550000000000000 0.463318076858911
2.560000000000000 0.460162073316363
2.570000000000000 0.456999993493525
2.580000000000000 0.453832054420827
2.590000000000000 0.450658469755600
2.600000000000000 0.447479449827695
2.610000000000000 0.444477436518448
2.620000000000000 0.441470351007885
2.630000000000000 0.438458386866627
2.640000000000000 0.435441734643391
2.650000000000000 0.432420581906207
2.660000000000000 0.429395113283172
2.670000000000000 0.426365510502725
2.680000000000000 0.423331952433463
2.690000000000000 0.420294615123491
2.700000000000000 0.417253671839304
2.710000000000000 0.414389714233497
2.720000000000000 0.411522397764199
2.730000000000000 0.408651881496128
2.740000000000000 0.405778321975926
2.750000000000000 0.402901873267071
2.760000000000000 0.400022686984367
2.770000000000000 0.397140912328015
2.780000000000000 0.394256696117255
2.790000000000000 0.391370182823612
2.800000000000000 0.388481514603708
2.810000000000000 0.385766956059329
2.820000000000000 0.383050393435601
2.830000000000000 0.380331956961644
2.840000000000000 0.377611774776490
2.850000000000000 0.374889972958413
2.860000000000000 0.372166675553883
2.870000000000000 0.369442004606160
2.880000000000000 0.366716080183511
2.890000000000000 0.363989020407077
2.900000000000000 0.361260941478372
2.910000000000000 0.358701642895464
2.920000000000000 0.356141398079025
2.930000000000000 0.353580313296948
2.940000000000000 0.351018493087490
2.950000000000000 0.348456040283753
2.960000000000000 0.345893056037848
2.970000000000000 0.343329639844747
2.980000000000000 0.340765889565817
2.990000000000000 0.338201901452040
3.000000000000000 0.335637770166935
3.010000000000000 0.333235485592796
3.020000000000000 0.330833069032847
3.030000000000000 0.328430606933516
3.040000000000000 0.326028184313204
3.050000000000000 0.323625884782624
3.060000000000000 0.321223790564881
3.070000000000000 0.318821982515271
3.080000000000000 0.316420540140819
3.090000000000000 0.314019541619557
3.100000000000000 0.311619063819535
3.110000000000000 0.309372307416085
3.120000000000000 0.307126035313049
3.130000000000000 0.304880317623885
3.140000000000000 0.302635223285081
3.150000000000000 0.300390820073002
3.160000000000000 0.298147174620508
3.170000000000000 0.295904352433338
3.180000000000000 0.293662417906285
3.190000000000000 0.291421434339135
3.200000000000000 0.289181463952396
3.210000000000000 0.287086429413017
3.220000000000000 0.284992335884571
3.230000000000000 0.282899240064988
3.240000000000000 0.280807197683391
3.250000000000000 0.278716263514013
3.260000000000000 0.276626491389912
3.270000000000000 0.274537934216506
3.280000000000000 0.272450643984914
3.290000000000000 0.270364671785118
3.300000000000000 0.268280067818943
3.310000000000000 0.266331296434294
3.320000000000000 0.264383795182040
3.330000000000000 0.262437609770943
3.340000000000000 0.260492785113037
3.350000000000000 0.258549365335100
3.360000000000000 0.256607393789954
3.370000000000000 0.254666913067620
3.380000000000000 0.252727965006316
3.390000000000000 0.250790590703295
3.400000000000000 0.248854830525542
3.410000000000000 0.247045635614533
3.420000000000000 0.245237938951393
3.430000000000000 0.243431777265920
3.440000000000000 0.241627186633076
3.450000000000000 0.239824202482432
3.460000000000000 0.238022859607468
3.470000000000000 0.236223192174760
3.480000000000000 0.234425233733026
3.490000000000000 0.232629017222053
3.500000000000000 0.230834574981496
3.510000000000000 0.229157542039558
3.520000000000000 0.227482156174283
3.530000000000000 0.225808446794613
3.540000000000000 0.224136442771452
3.550000000000000 0.222466172445434
3.560000000000000 0.220797663634577
3.570000000000000 0.219130943641836
3.580000000000000 0.217466039262549
3.590000000000000 0.215802976791776
3.600000000000000 0.214141782031538
3.610000000000000 0.212589225632139
3.620000000000000 0.211038403307399
3.630000000000000 0.209489338507752
3.640000000000000 0.207942054241641
3.650000000000000 0.206396573081906
3.660000000000000 0.204852917172079
3.670000000000000 0.203311108232595
3.680000000000000 0.201771167566917
3.690000000000000 0.200233116067567
3.700000000000000 0.198696974222085
3.710000000000000 0.197261071274407
3.720000000000000 0.195826941809283
3.730000000000000 0.194394604436347
3.740000000000000 0.192964077402162
3.750000000000000 0.191535378595470
3.760000000000000 0.190108525552374
3.770000000000000 0.188683535461441
3.780000000000000 0.187260425168739
3.790000000000000 0.185839211182800
3.800000000000000 0.184419909679519
3.810000000000000 0.183092767179749
3.820000000000000 0.181767401637582
3.830000000000000 0.180443827737649
3.840000000000000 0.179122059866303
3.850000000000000 0.177802112115937
3.860000000000000 0.176483998289246
3.870000000000000 0.175167731903429
3.880000000000000 0.173853326194324
3.890000000000000 0.172540794120501
3.900000000000000 0.171230148367282
3.910000000000000 0.170004119861364
3.920000000000000 0.168779844889515
3.930000000000000 0.167557334959260
3.940000000000000 0.166336601333036
3.950000000000000 0.165117655031748
3.960000000000000 0.163900506838274
3.970000000000000 0.162685167300926
3.980000000000000 0.161471646736855
3.990000000000000 0.160259955235413
4.000000000000000 0.159050102661469
4.010000000000000 0.157917916469908
4.020000000000000 0.156787440553550
4.030000000000000 0.155658683852725
4.040000000000000 0.154531655106355
4.050000000000000 0.153406362854883
4.060000000000000 0.152282815443163
4.070000000000000 0.151161021023302
4.080000000000000 0.150040987557469
4.090000000000000 0.148922722820664
4.100000000000000 0.147806234403448
4.110000000000000 0.146760852509231
4.120000000000000 0.145717123711855
4.130000000000000 0.144675054882011
4.140000000000000 0.143634652724844
4.150000000000000 0.142595923782371
4.160000000000000 0.141558874435855
4.170000000000000 0.140523510908153
4.180000000000000 0.139489839266033
4.190000000000000 0.138457865422448
4.200000000000000 0.137427595138795
4.210000000000000 0.136462391030972
4.220000000000000 0.135498773336975
4.230000000000000 0.134536747262790
4.240000000000000 0.133576317878322
4.250000000000000 0.132617490119373
4.260000000000000 0.131660268789609
4.270000000000000 0.130704658562499
4.280000000000000 0.129750663983217
4.290000000000000 0.128798289470528
4.300000000000000 0.127847539318644
4.310000000000000 0.126956333051814
4.320000000000000 0.126066640391489
4.330000000000000 0.125178465208237
4.340000000000000 0.124291811260740
4.350000000000000 0.123406682197446
4.360000000000000 0.122523081558182
4.370000000000000 0.121641012775754
4.380000000000000 0.120760479177527
4.390000000000000 0.119881483986970
4.400000000000000 0.119004030325198
4.410000000000000 0.118181010347084
4.420000000000000 0.117359427794866
4.430000000000000 0.116539285471322
4.440000000000000 0.115720586087248
4.450000000000000 0.114903332262812
4.460000000000000 0.114087526528902
4.470000000000000 0.113273171328435
4.480000000000000 0.112460269017670
4.490000000000000 0.111648821867484
4.500000000000000 0.110838832064645
4.510000000000000 0.110078553034522
4.520000000000000 0.109319633992540
4.530000000000000 0.108562076890925
4.540000000000000 0.107805883606279
4.550000000000000 0.107051055940712
4.560000000000000 0.106297595622945
4.570000000000000 0.105545504309403
4.580000000000000 0.104794783585294
4.590000000000000 0.104045434965669
4.600000000000000 0.103297459896474
4.610000000000000 0.102594905031631
4.620000000000000 0.101893632918666
4.630000000000000 0.101193644835355
4.640000000000000 0.100494941997317
4.650000000000000 0.099797525558952
4.660000000000000 0.099101396614348
4.670000000000000 0.098406556198198
4.680000000000000 0.097713005286681
4.690000000000000 0.097020744798351
4.700000000000000 0.096329775595000
4.710000000000000 0.095680297205109
4.720000000000000 0.095032025681054
4.730000000000000 0.094384961768777
4.740000000000000 0.093739106163149
4.750000000000000 0.093094459508749
4.760000000000000 0.092451022400616
4.770000000000000 0.091808795385004
4.780000000000000 0.091167778960122
4.790000000000000 0.090527973576862
4.800000000000000 0.089889379639522
4.810000000000000 0.089288699229747
4.820000000000000 0.088689151944333
4.830000000000000 0.088090738112742
4.840000000000000 0.087493458022498
4.850000000000000 0.086897311919830
4.860000000000000 0.086302300010302
4.870000000000000 0.085708422459436
4.880000000000000 0.085115679393328
4.890000000000000 0.084524070899249
4.900000000000000 0.083933597026248
4.910000000000000 0.083377779713079
4.920000000000000 0.082823024485839
4.930000000000000 0.082269331350678
4.940000000000000 0.081716700279336
4.950000000000000 0.081165131209676
4.960000000000000 0.080614624046206
4.970000000000000 0.080065178660599
4.980000000000000 0.079516794892203
4.990000000000000 0.078969472548540
5.000000000000000 0.078423211405812
5.010000000000000 0.077908647296038
5.020000000000000 0.077395077297777
5.030000000000000 0.076882501169002
5.040000000000000 0.076370918639478
5.050000000000000 0.075860329411218
5.060000000000000 0.075350733158902
5.070000000000000 0.074842129530315
5.080000000000000 0.074334518146774
5.090000000000000 0.073827898603544
5.100000000000000 0.073322270470250
5.110000000000000 0.072845645389259
5.120000000000000 0.072369949739350
5.130000000000000 0.071895183090774
5.140000000000000 0.071421344990700
5.150000000000000 0.070948434963576
5.160000000000000 0.070476452511502
5.170000000000000 0.070005397114576
5.180000000000000 0.069535268231261
5.190000000000000 0.069066065298721
5.200000000000000 0.068597787733175
5.210000000000000 0.068156051425011
5.220000000000000 0.067715183301863
5.230000000000000 0.067275182794755
5.240000000000000 0.066836049315851
5.250000000000000 0.066397782258761
5.260000000000000 0.065960380998840
5.270000000000000 0.065523844893492
5.280000000000000 0.065088173282460
5.290000000000000 0.064653365488120
5.300000000000000 0.064219420815765
5.310000000000000 0.063809774997166
5.320000000000000 0.063400939588515
5.330000000000000 0.062992913920395
5.340000000000000 0.062585697308011
5.350000000000000 0.062179289051448
5.360000000000000 0.061773688435922
5.370000000000000 0.061368894732030
5.380000000000000 0.060964907195996
5.390000000000000 0.060561725069910
5.400000000000000 0.060159347581973
5.410000000000000 0.059779235800004
5.420000000000000 0.059399880076145
5.430000000000000 0.059021279671466
5.440000000000000 0.058643433834535
5.450000000000000 0.058266341801634
5.460000000000000 0.057890002796967
5.470000000000000 0.057514416032871
5.480000000000000 0.057139580710017
5.490000000000000 0.056765496017616
5.500000000000000 0.056392161133618
5.510000000000000 0.056039202964135
5.520000000000000 0.055686949933099
5.530000000000000 0.055335401256465
5.540000000000000 0.054984556140063
5.550000000000000 0.054634413779769
5.560000000000000 0.054284973361688
5.570000000000000 0.053936234062323
5.580000000000000 0.053588195048748
5.590000000000000 0.053240855478777
5.600000000000000 0.052894214501130
5.610000000000000 0.052566345362454
5.620000000000000 0.052239133506493
5.630000000000000 0.051912578123736
5.640000000000000 0.051586678396499
5.650000000000000 0.051261433499077
5.660000000000000 0.050936842597893
5.670000000000000 0.050612904851639
5.680000000000000 0.050289619411422
5.690000000000000 0.049966985420906
5.700000000000000 0.049645002016450
5.710000000000000 0.049340179756758
5.720000000000000 0.049035970202551
5.730000000000000 0.048732372533719
5.740000000000000 0.048429385923596
5.750000000000000 0.048127009539084
5.760000000000000 0.047825242540776
5.770000000000000 0.047524084083079
5.780000000000000 0.047223533314331
5.790000000000000 0.046923589376922
5.800000000000000 0.046624251407409
5.810000000000000 0.046340683151603
5.820000000000000 0.046057685974160
5.830000000000000 0.045775259056152
5.840000000000000 0.045493401573427
5.850000000000000 0.045212112696712
5.860000000000000 0.044931391591711
5.870000000000000 0.044651237419215
5.880000000000000 0.044371649335195
5.890000000000000 0.044092626490904
5.900000000000000 0.043814168032976
5.910000000000000 0.043550197667452
5.920000000000000 0.043286759581074
5.930000000000000 0.043023852965086
5.940000000000000 0.042761477006603
5.950000000000000 0.042499630888692
5.960000000000000 0.042238313790465
5.970000000000000 0.041977524887160
5.980000000000000 0.041717263350227
5.990000000000000 0.041457528347409
6.000000000000000 0.041198319042825
6.010000000000000 0.040952432877636
6.020000000000000 0.040707042853730
6.030000000000000 0.040462148179320
6.040000000000000 0.040217748059389
6.050000000000000 0.039973841695758
6.060000000000000 0.039730428287167
6.070000000000000 0.039487507029338
6.080000000000000 0.039245077115051
6.090000000000000 0.039003137734210
6.100000000000000 0.038761688073913
6.110000000000000 0.038532510802621
6.120000000000000 0.038303796012209
6.130000000000000 0.038075542932936
6.140000000000000 0.037847750792569
6.150000000000000 0.037620418816444
6.160000000000000 0.037393546227529
6.170000000000000 0.037167132246479
6.180000000000000 0.036941176091699
6.190000000000000 0.036715676979401
6.200000000000000 0.036490634123660
6.210000000000000 0.036276893646429
6.220000000000000 0.036063584338300
6.230000000000000 0.035850705455190
6.240000000000000 0.035638256251127
6.250000000000000 0.035426235978304
6.260000000000000 0.035214643887133
6.270000000000000 0.035003479226290
6.280000000000000 0.034792741242765
6.290000000000000 0.034582429181917
6.300000000000000 0.034372542287511
6.310000000000000 0.034173054306754
6.320000000000000 0.033973968418853
6.330000000000000 0.033775283907778
6.340000000000000 0.033577000056109
6.350000000000000 0.033379116145076
6.360000000000000 0.033181631454608
6.370000000000000 0.032984545263367
6.380000000000000 0.032787856848794
6.390000000000000 0.032591565487150
6.400000000000000 0.032395670453554
6.410000000000000 0.032209363335529
6.420000000000000 0.032023431288454
6.430000000000000 0.031837873625928
6.440000000000000 0.031652689660561
6.450000000000000 0.031467878704014
6.460000000000000 0.031283440067033
6.470000000000000 0.031099373059481
6.480000000000000 0.030915676990379
6.490000000000000 0.030732351167933
6.500000000000000 0.030549394899575
6.510000000000000 0.030375288458254
6.520000000000000 0.030201531973413
6.530000000000000 0.030028124789161
6.540000000000000 0.029855066248947
6.550000000000000 0.029682355695590
6.560000000000000 0.029509992471312
6.570000000000000 0.029337975917766
6.580000000000000 0.029166305376060
6.590000000000000 0.028994980186796
6.600000000000000 0.028823999690086
6.610000000000000 0.028661191493173
6.620000000000000 0.028498709918807
6.630000000000000 0.028336554341924
6.640000000000000 0.028174724137065
6.650000000000000 0.028013218678402
6.660000000000000 0.027852037339765
6.670000000000000 0.027691179494663
6.680000000000000 0.027530644516312
6.690000000000000 0.027370431777657
6.700000000000000 0.027210540651394
6.710000000000000 0.027058200625923
6.720000000000000 0.026906165546557
6.730000000000000 0.026754434818943
6.740000000000000 0.026603007848545
6.750000000000000 0.026451884040668
6.760000000000000 0.026301062800482
6.770000000000000 0.026150543533034
6.780000000000000 0.026000325643277
6.790000000000000 0.025850408536083
6.800000000000000 0.025700791616270
6.810000000000000 0.025558156847892
6.820000000000000 0.025415806888506
6.830000000000000 0.025273741174027
6.840000000000000 0.025131959140355
6.850000000000000 0.024990460223402
6.860000000000000 0.024849243859103
6.870000000000000 0.024708309483435
6.880000000000000 0.024567656532435
6.890000000000000 0.024427284442213
6.900000000000000 0.024287192648974
6.910000000000000 0.024153564135715
6.920000000000000 0.024020201717440
6.930000000000000 0.023887104859648
6.940000000000000 0.023754273027968
6.950000000000000 0.023621705688165
6.960000000000000 0.023489402306159
6.970000000000000 0.023357362348040
6.980000000000000 0.023225585280076
6.990000000000000 0.023094070568737
7.000000000000000 0.022962817680698
7.010000000000000 0.022837549810555
7.020000000000000 0.022712530646538
7.030000000000000 0.022587759682867
7.040000000000000 0.022463236413992
7.050000000000000 0.022338960334605
7.060000000000000 0.022214930939652
7.070000000000000 0.022091147724348
7.080000000000000 0.021967610184186
7.090000000000000 0.021844317814946
7.100000000000000 0.021721270112713
7.110000000000000 0.021603773125634
7.120000000000000 0.021486508674649
7.130000000000000 0.021369476281716
7.140000000000000 0.021252675469103
7.150000000000000 0.021136105759402
7.160000000000000 0.021019766675537
7.170000000000000 0.020903657740773
7.180000000000000 0.020787778478728
7.190000000000000 0.020672128413382
7.200000000000000 0.020556707069085
7.210000000000000 0.020446427063781
7.220000000000000 0.020336364576409
7.230000000000000 0.020226519155546
7.240000000000000 0.020116890350141
7.250000000000000 0.020007477709529
7.260000000000000 0.019898280783432
7.270000000000000 0.019789299121974
7.280000000000000 0.019680532275683
7.290000000000000 0.019571979795504
7.300000000000000 0.019463641232804
7.310000000000000 0.019360076908149
7.320000000000000 0.019256716131099
7.330000000000000 0.019153558475723
7.340000000000000 0.019050603516509
7.350000000000000 0.018947850828373
7.360000000000000 0.018845299986662
7.370000000000000 0.018742950567166
7.380000000000000 0.018640802146119
7.390000000000000 0.018538854300210
7.400000000000000 0.018437106606588
7.410000000000000 0.018339795486505
7.420000000000000 0.018242674914778
7.430000000000000 0.018145744489810
7.440000000000000 0.018049003810457
7.450000000000000 0.017952452476032
7.460000000000000 0.017856090086310
7.470000000000000 0.017759916241536
7.480000000000000 0.017663930542430
7.490000000000000 0.017568132590191
7.500000000000000 0.017472521986502
7.510000000000000 0.017381024496298
7.520000000000000 0.017289705481113
7.530000000000000 0.017198564562460
7.540000000000000 0.017107601362323
7.550000000000000 0.017016815503164
7.560000000000000 0.016926206607928
7.570000000000000 0.016835774300049
7.580000000000000 0.016745518203451
7.590000000000000 0.016655437942555
7.600000000000000 0.016565533142282
7.610000000000000 0.016479454593937
7.620000000000000 0.016393543281688
7.630000000000000 0.016307798848991
7.640000000000000 0.016222220939785
7.650000000000000 0.016136809198504
7.660000000000000 0.016051563270071
7.670000000000000 0.015966482799911
7.680000000000000 0.015881567433948
7.690000000000000 0.015796816818611
7.700000000000000 0.015712230600836
7.710000000000000 0.015631201879639
7.720000000000000 0.015550329937644
7.730000000000000 0.015469614439083
7.740000000000000 0.015389055048683
7.750000000000000 0.015308651431665
7.760000000000000 0.015228403253748
7.770000000000000 0.015148310181154
7.780000000000000 0.015068371880607
7.790000000000000 0.014988588019339
7.800000000000000 0.014908958265093
7.810000000000000 0.014832644069679
7.820000000000000 0.014756476908904
7.830000000000000 0.014680456466669
7.840000000000000 0.014604582427372
7.850000000000000 0.014528854475904
7.860000000000000 0.014453272297654
7.870000000000000 0.014377835578510
7.880000000000000 0.014302544004863
7.890000000000000 0.014227397263607
7.900000000000000 0.014152395042144
7.910000000000000 0.014080476683239
7.920000000000000 0.014008696291652
7.930000000000000 0.013937053569846
7.940000000000000 0.013865548220768
7.950000000000000 0.013794179947859
7.960000000000000 0.013722948455049
7.970000000000000 0.013651853446764
7.980000000000000 0.013580894627926
7.990000000000000 0.013510071703952
8.000000000000000 0.013439384380761
8.010000000000000 0.013371570544715
8.020000000000000 0.013303886228738
8.029999999999999 0.013236331152793
8.039999999999999 0.013168905037322
8.050000000000001 0.013101607603252
8.060000000000000 0.013034438571991
8.070000000000000 0.012967397665434
8.080000000000000 0.012900484605959
8.090000000000000 0.012833699116436
8.100000000000000 0.012767040920222
8.109999999999999 0.012703063076565
8.119999999999999 0.012639206877848
8.130000000000001 0.012575472060529
8.140000000000001 0.012511858361538
8.150000000000000 0.012448365518276
8.160000000000000 0.012384993268615
8.170000000000000 0.012321741350901
8.180000000000000 0.012258609503956
8.190000000000000 0.012195597467077
8.199999999999999 0.012132704980036
8.210000000000001 0.012072314656342
8.220000000000001 0.012012038632087
8.230000000000000 0.011951876659267
8.240000000000000 0.011891828490337
8.250000000000000 0.011831893878210
8.260000000000000 0.011772072576256
8.270000000000000 0.011712364338308
8.279999999999999 0.011652768918659
8.289999999999999 0.011593286072064
8.300000000000001 0.011533915553739
8.310000000000000 0.011476881818710
8.320000000000000 0.011419955529795
8.330000000000000 0.011363136453612
8.340000000000000 0.011306424357222
8.350000000000000 0.011249819008131
8.359999999999999 0.011193320174290
8.369999999999999 0.011136927624094
8.380000000000001 0.011080641126386
8.390000000000001 0.011024460450454
8.400000000000000 0.010968385366033
8.410000000000000 0.010914490294480
8.420000000000000 0.010860696279425
8.430000000000000 0.010807003101220
8.440000000000000 0.010753410540647
8.449999999999999 0.010699918378917
8.460000000000001 0.010646526397668
8.470000000000001 0.010593234378971
8.480000000000000 0.010540042105326
8.490000000000000 0.010486949359663
8.500000000000000 0.010433955925342
8.510000000000000 0.010382997995817
8.520000000000000 0.010332135161768
8.529999999999999 0.010281367216448
8.539999999999999 0.010230693953522
8.550000000000001 0.010180115167068
8.560000000000000 0.010129630651577
8.570000000000000 0.010079240201954
8.580000000000000 0.010028943613518
8.590000000000000 0.009978740682002
8.600000000000000 0.009928631203552
8.609999999999999 0.009880430418960
8.619999999999999 0.009832319152551
8.630000000000001 0.009784297209718
8.640000000000001 0.009736364396251
8.650000000000000 0.009688520518337
8.660000000000000 0.009640765382557
8.670000000000000 0.009593098795893
8.680000000000000 0.009545520565722
8.690000000000000 0.009498030499818
8.699999999999999 0.009450628406352
8.710000000000001 0.009405006629184
8.720000000000001 0.009359469170231
8.730000000000000 0.009314015846265
8.740000000000000 0.009268646474436
8.750000000000000 0.009223360872272
8.760000000000000 0.009178158857685
8.770000000000000 0.009133040248965
8.779999999999999 0.009088004864784
8.789999999999999 0.009043052524193
8.800000000000001 0.008998183046624
8.810000000000000 0.008954982371653
8.820000000000000 0.008911861150300
8.830000000000000 0.008868819210025
8.840000000000000 0.008825856378652
8.850000000000000 0.008782972484369
8.859999999999999 0.008740167355727
8.869999999999999 0.008697440821465
8.880000000000001 0.008654792711219
8.890000000000001 0.008612222854451
8.900000000000000 0.008569731081342
8.910000000000000 0.008528800116238
8.920000000000000 0.008487944060299
8.930000000000000 0.008447162751011
8.940000000000000 0.008406456026207
8.949999999999999 0.008365823724067
8.960000000000001 0.008325265683120
8.970000000000001 0.008284781742241
8.980000000000000 0.008244371740653
8.990000000000000 0.008204035517924
9.000000000000000 0.008163772913972
9.010000000000000 0.008124972905022
9.020000000000000 0.008086243554087
9.029999999999999 0.008047584708060
9.039999999999999 0.008008996214167
9.050000000000001 0.007970477919966
9.060000000000000 0.007932029673346
9.070000000000000 0.007893651322526
9.080000000000000 0.007855342716060
9.090000000000000 0.007817103702827
9.100000000000000 0.007778934132041
9.109999999999999 0.007742135469105
9.119999999999999 0.007705403486388
9.130000000000001 0.007668738039610
9.140000000000001 0.007632138984810
9.150000000000000 0.007595606178342
9.160000000000000 0.007559139476878
9.170000000000000 0.007522738737402
9.180000000000000 0.007486403817216
9.190000000000000 0.007450134573935
9.199999999999999 0.007413930865491
9.210000000000001 0.007379013963050
9.220000000000001 0.007344160014966
9.230000000000000 0.007309368885249
9.240000000000000 0.007274640438209
9.250000000000000 0.007239974538460
9.260000000000000 0.007205371050913
9.270000000000000 0.007170829840781
9.279999999999999 0.007136350773578
9.289999999999999 0.007101933715115
9.300000000000001 0.007067578531506
9.310000000000000 0.007034430992056
9.320000000000000 0.007001342917168
9.330000000000000 0.006968314178628
9.340000000000000 0.006935344648510
9.350000000000000 0.006902434199173
9.359999999999999 0.006869582703263
9.369999999999999 0.006836790033711
9.380000000000001 0.006804056063734
9.390000000000001 0.006771380666832
9.400000000000000 0.006738763716793
9.410000000000000 0.006707278383387
9.420000000000000 0.006675849248718
9.430000000000000 0.006644476191862
9.440000000000000 0.006613159092167
9.449999999999999 0.006581897829251
9.460000000000001 0.006550692283007
9.470000000000001 0.006519542333598
9.480000000000000 0.006488447861458
9.490000000000000 0.006457408747291
9.500000000000000 0.006426424872073
9.510000000000000 0.006396502257967
9.520000000000000 0.006366632784256
9.529999999999999 0.006336816336847
9.539999999999999 0.006307052801908
9.550000000000001 0.006277342065864
9.560000000000000 0.006247684015399
9.570000000000000 0.006218078537454
9.580000000000000 0.006188525519229
9.590000000000000 0.006159024848179
9.600000000000000 0.006129576412018
9.609999999999999 0.006101127990712
9.619999999999999 0.006072729836601
9.630000000000001 0.006044381842015
9.640000000000001 0.006016083899534
9.650000000000000 0.005987835901981
9.660000000000000 0.005959637742423
9.670000000000000 0.005931489314174
9.680000000000000 0.005903390510793
9.690000000000000 0.005875341226080
9.699999999999999 0.005847341354081
9.710000000000001 0.005820276834191
9.720000000000001 0.005793259894719
9.730000000000000 0.005766290434008
9.740000000000000 0.005739368350632
9.750000000000000 0.005712493543401
9.760000000000000 0.005685665911355
9.770000000000000 0.005658885353768
9.779999999999999 0.005632151770145
9.789999999999999 0.005605465060224
9.800000000000001 0.005578825123973
9.810000000000000 0.005553065503538
9.820000000000000 0.005527350940575
9.830000000000000 0.005501681339069
9.840000000000000 0.005476056603229
9.850000000000000 0.005450476637483
9.859999999999999 0.005424941346482
9.869999999999999 0.005399450635095
9.880000000000001 0.005374004408413
9.890000000000001 0.005348602571747
9.900000000000000 0.005323245030626
9.910000000000000 0.005298713271983
9.920000000000000 0.005274224206339
9.930000000000000 0.005249777742970
9.940000000000000 0.005225373791362
9.949999999999999 0.005201012261211
9.960000000000001 0.005176693062423
9.970000000000001 0.005152416105111
9.980000000000000 0.005128181299600
9.990000000000000 0.005103988556421
10.000000000000000 0.005079837786314
