0.000000000000000 0.000000000000000
0.010000000000000 0.000117430141015
0.020000000000000 0.000475841520598
0.030000000000000 0.001084034854410
0.040000000000000 0.001950307196056
0.050000000000000 0.003082457393254
0.060000000000000 0.004487792122833
0.070000000000000 0.006173132476447
0.080000000000000 0.008144821068075
0.090000000000000 0.010408729633654
0.100000000000000 0.012970267092684
0.110000000000000 0.015764332381331
0.120000000000000 0.018840348225089
0.130000000000000 0.022199685134162
0.140000000000000 0.025843407077479
0.150000000000000 0.029772280101888
0.160000000000000 0.033986781105794
0.170000000000000 0.038487106743783
0.180000000000000 0.043273182439365
0.190000000000000 0.048344671483521
0.200000000000000 0.053700984197419
0.210000000000000 0.059156267469885
0.220000000000000 0.064862257602704
0.230000000000000 0.070816195616507
0.240000000000000 0.077015191092731
0.250000000000000 0.083456229695454
0.260000000000000 0.090136180592892
0.270000000000000 0.097051803767816
0.280000000000000 0.104199757206956
0.290000000000000 0.111576603960242
0.300000000000000 0.119178819061514
0.310000000000000 0.126703514265359
0.320000000000000 0.134413412642258
0.330000000000000 0.142304046212105
0.340000000000000 0.150370942568267
0.350000000000000 0.158609629428438
0.360000000000000 0.167015639003746
0.370000000000000 0.175584512185945
0.380000000000000 0.184311802553036
0.390000000000000 0.193193080194091
0.400000000000000 0.202223935354474
0.410000000000000 0.211004998974334
0.420000000000000 0.219896439626120
0.430000000000000 0.228893651530708
0.440000000000000 0.237992099279585
0.450000000000000 0.247187319312606
0.460000000000000 0.256474921242394
0.470000000000000 0.265850589030376
0.480000000000000 0.275310082019503
0.490000000000000 0.284849235828793
0.500000000000000 0.294463963114856
0.510000000000000 0.303684042864216
0.520000000000000 0.312945053925434
0.530000000000000 0.322243117626284
0.540000000000000 0.331574457403142
0.550000000000000 0.340935397994694
0.560000000000000 0.350322364552284
0.570000000000000 0.359731881672539
0.580000000000000 0.369160572357730
0.590000000000000 0.378605156909192
0.600000000000000 0.388062451758957
0.610000000000000 0.397018195489362
0.620000000000000 0.405958057422966
0.630000000000000 0.414879239984206
0.640000000000000 0.423779050177306
0.650000000000000 0.432654897488740
0.660000000000000 0.441504291773673
0.670000000000000 0.450324841130382
0.680000000000000 0.459114249766470
0.690000000000000 0.467870315860486
0.700000000000000 0.476590929422311
0.710000000000000 0.484743199727749
0.720000000000000 0.492837679656046
0.730000000000000 0.500872684046503
0.740000000000000 0.508846618451963
0.750000000000000 0.516757976575933
0.760000000000000 0.524605337739913
0.770000000000000 0.532387364382834
0.780000000000000 0.540102799594397
0.790000000000000 0.547750464683880
0.800000000000000 0.555329256785866
0.810000000000000 0.562312230397682
0.820000000000000 0.569209792234634
0.830000000000000 0.576021227624409
0.840000000000000 0.582745892043421
0.850000000000000 0.589383208632333
0.860000000000000 0.595932665765148
0.870000000000000 0.602393814672111
0.880000000000000 0.608766267116614
0.890000000000000 0.615049693126141
0.900000000000000 0.621243818777227
0.910000000000000 0.626846003012024
0.920000000000000 0.632347268527514
0.930000000000000 0.637747660165628
0.940000000000000 0.643047271752721
0.950000000000000 0.648246243976668
0.960000000000000 0.653344762323626
0.970000000000000 0.658343055073737
0.980000000000000 0.663241391354975
0.990000000000000 0.668040079254291
1.000000000000000 0.672739463985215
1.010000000000000 0.676888716274554
1.020000000000000 0.680931248431740
1.030000000000000 0.684867643354834
1.040000000000000 0.688698514345142
1.050000000000000 0.692424503446773
1.060000000000000 0.696046279841497
1.070000000000000 0.699564538297742
1.080000000000000 0.702979997672509
1.090000000000000 0.706293399465011
1.100000000000000 0.709505506420839
1.110000000000000 0.712222783043598
1.120000000000000 0.714834474408885
1.130000000000000 0.717341507605713
1.140000000000000 0.719744825403282
1.150000000000000 0.722045385040261
1.160000000000000 0.724244157060263
1.170000000000000 0.726342124192219
1.180000000000000 0.728340280274435
1.190000000000000 0.730239629221071
1.200000000000000 0.732041184029838
1.210000000000000 0.733425036690438
1.220000000000000 0.734709218475644
1.230000000000000 0.735894843025370
1.240000000000000 0.736983028887257
1.250000000000000 0.737974898690637
1.260000000000000 0.738871578356366
1.270000000000000 0.739674196341365
1.280000000000000 0.740383882916772
1.290000000000000 0.741001769478601
1.300000000000000 0.741528987889862
1.310000000000000 0.741723174453420
1.320000000000000 0.741826506008472
1.330000000000000 0.741840165242518
1.340000000000000 0.741765332448031
1.350000000000000 0.741603184998577
1.360000000000000 0.741354896851257
1.370000000000000 0.741021638074556
1.380000000000000 0.740604574400689
1.390000000000000 0.740104866801565
1.400000000000000 0.739523671087511
1.410000000000000 0.738704576361998
1.420000000000000 0.737804985568743
1.430000000000000 0.736826067097790
1.440000000000000 0.735768982432269
1.450000000000000 0.734634885847203
1.460000000000000 0.733424924126743
1.470000000000000 0.732140236299123
1.480000000000000 0.730781953388648
1.490000000000000 0.729351198184037
1.500000000000000 0.727849085022490
1.510000000000000 0.726192263780834
1.520000000000000 0.724465714794493
1.530000000000000 0.722670540139158
1.540000000000000 0.720807832535942
1.550000000000000 0.718878675205241
1.560000000000000 0.716884141732924
1.570000000000000 0.714825295948356
1.580000000000000 0.712703191813734
1.590000000000000 0.710518873324270
1.600000000000000 0.708273374418736
1.610000000000000 0.705954481269562
1.620000000000000 0.703576371931563
1.630000000000000 0.701140051690518
1.640000000000000 0.698646515485529
1.650000000000000 0.696096747865063
1.660000000000000 0.693491722950890
1.670000000000000 0.690832404409526
1.680000000000000 0.688119745430863
1.690000000000000 0.685354688713613
1.700000000000000 0.682538166457262
1.710000000000000 0.679718617529615
1.720000000000000 0.676849648567284
1.730000000000000 0.673932154137895
1.740000000000000 0.670967018427124
1.750000000000000 0.667955115257931
1.760000000000000 0.664897308114563
1.770000000000000 0.661794450171056
1.780000000000000 0.658647384324022
1.790000000000000 0.655456943229465
1.800000000000000 0.652223949343424
1.810000000000000 0.649058885404389
1.820000000000000 0.645853275866182
1.830000000000000 0.642607900453124
1.840000000000000 0.639323529076950
1.850000000000000 0.636000921891650
1.860000000000000 0.632640829350930
1.870000000000000 0.629243992268179
1.880000000000000 0.625811141878747
1.890000000000000 0.622342999904399
1.900000000000000 0.618840278619799
1.910000000000000 0.615456437018266
1.920000000000000 0.612039843173962
1.930000000000000 0.608591166317061
1.940000000000000 0.605111066754328
1.950000000000000 0.601600195941067
1.960000000000000 0.598059196554340
1.970000000000000 0.594488702567361
1.980000000000000 0.590889339324953
1.990000000000000 0.587261723619984
2.000000000000000 0.583606463770687
2.010000000000000 0.580108545764533
2.020000000000000 0.576584574517763
2.030000000000000 0.573035117432589
2.040000000000000 0.569460734013364
2.050000000000000 0.565861975943855
2.060000000000000 0.562239387164948
2.070000000000000 0.558593503952705
2.080000000000000 0.554924854996725
2.090000000000000 0.551233961478736
2.100000000000000 0.547521337151375
2.110000000000000 0.543995704926420
2.120000000000000 0.540449681486918
2.130000000000000 0.536883743004358
2.140000000000000 0.533298358800015
2.150000000000000 0.529693991420440
2.160000000000000 0.526071096712879
2.170000000000000 0.522430123900578
2.180000000000000 0.518771515657934
2.190000000000000 0.515095708185463
2.200000000000000 0.511403131284549
2.210000000000000 0.507916073094944
2.220000000000000 0.504413334541062
2.230000000000000 0.500895311977198
2.240000000000000 0.497362395904607
2.250000000000000 0.493814971041322
2.260000000000000 0.490253416391613
2.270000000000000 0.486678105315091
2.280000000000000 0.483089405595416
2.290000000000000 0.479487679508598
2.300000000000000 0.475873283890887
2.310000000000000 0.472480551763084
2.320000000000000 0.469076011330018
2.330000000000000 0.465659989956864
2.340000000000000 0.462232810070527
2.350000000000000 0.458794789221862
2.360000000000000 0.455346240147433
2.370000000000000 0.451887470830779
2.380000000000000 0.448418784563202
2.390000000000000 0.444940480004044
2.400000000000000 0.441452851240466
2.410000000000000 0.438191339387095
2.420000000000000 0.434921156565551
2.430000000000000 0.431642571588862
2.440000000000000 0.428355849141262
2.450000000000000 0.425061249832295
2.460000000000000 0.421759030250416
2.470000000000000 0.418449443016080
2.480000000000000 0.415132736834318
2.490000000000000 0.411809156546795
2.500000000000000 0.408478943183352
2.510000000000000 0.405373502983005
2.520000000000000 0.402261904173676
2.530000000000000 0.399144366420113
2.540000000000000 0.396021105959104
2.550000000000000 0.392892335645703
2.560000000000000 0.389758264998960
2.570000000000000 0.386619100247161
2.580000000000000 0.383475044372575
2.590000000000000 0.380326297155707
2.600000000000000 0.377173055219067
2.610000000000000 0.374240177624873
2.620000000000000 0.371303130330001
2.630000000000000 0.368362092054604
2.640000000000000 0.365417238688875
2.650000000000000 0.362468743332010
2.660000000000000 0.359516776330726
2.670000000000000 0.356561505317333
2.680000000000000 0.353603095247349
2.690000000000000 0.350641708436676
2.700000000000000 0.347677504598330
2.710000000000000 0.344925942752803
2.720000000000000 0.342171766773416
2.730000000000000 0.339415121518294
2.740000000000000 0.336656149519546
2.750000000000000 0.333894991015793
2.760000000000000 0.331131783984296
2.770000000000000 0.328366664172687
2.780000000000000 0.325599765130307
2.790000000000000 0.322831218239157
2.800000000000000 0.320061152744448
2.810000000000000 0.317493211401284
2.820000000000000 0.314923857307328
2.830000000000000 0.312353207496363
2.840000000000000 0.309781377096557
2.850000000000000 0.307208479357414
2.860000000000000 0.304634625676386
2.870000000000000 0.302059925625136
2.880000000000000 0.299484486975470
2.890000000000000 0.296908415724927
2.900000000000000 0.294331816122041
2.910000000000000 0.291946132460394
2.920000000000000 0.289559950328720
2.930000000000000 0.287173363987168
2.940000000000000 0.284786466138818
2.950000000000000 0.282399347951876
2.960000000000000 0.280012099081603
2.970000000000000 0.277624807691928
2.980000000000000 0.275237560476796
2.990000000000000 0.272850442681218
3.000000000000000 0.270463538122048
3.010000000000000 0.268255163192806
3.020000000000000 0.266046973956654
3.030000000000000 0.263839046116499
3.040000000000000 0.261631454105363
3.050000000000000 0.259424271104599
3.060000000000000 0.257217569061870
3.070000000000000 0.255011418708887
3.080000000000000 0.252805889578895
3.090000000000000 0.250601050023941
3.100000000000000 0.248396967231884
3.110000000000000 0.246359044871981
3.120000000000000 0.244321809064785
3.130000000000000 0.242285320435083
3.140000000000000 0.240249638573521
3.150000000000000 0.238214822051506
3.160000000000000 0.236180928435908
3.170000000000000 0.234148014303559
3.180000000000000 0.232116135255550
3.190000000000000 0.230085345931338
3.200000000000000 0.228055700022656
3.210000000000000 0.226179555882072
3.220000000000000 0.224304454963666
3.230000000000000 0.222430445681050
3.240000000000000 0.220557575606463
3.250000000000000 0.218685891482935
3.260000000000000 0.216815439236280
3.270000000000000 0.214946263986927
3.280000000000000 0.213078410061587
3.290000000000000 0.211211921004756
3.300000000000000 0.209346839590057
3.310000000000000 0.207622603341070
3.320000000000000 0.205899654863646
3.330000000000000 0.204178032710042
3.340000000000000 0.202457774748285
3.350000000000000 0.200738918172082
3.360000000000000 0.199021499510596
3.370000000000000 0.197305554638088
3.380000000000000 0.195591118783423
3.390000000000000 0.193878226539439
3.400000000000000 0.192166911872194
3.410000000000000 0.190584839672382
3.420000000000000 0.189004212440227
3.430000000000000 0.187425060773684
3.440000000000000 0.185847414714496
3.450000000000000 0.184271303756260
3.460000000000000 0.182696756852389
3.470000000000000 0.181123802423962
3.480000000000000 0.179552468367462
3.490000000000000 0.177982782062402
3.500000000000000 0.176414770378856
3.510000000000000 0.174964842563757
3.520000000000000 0.173516450222254
3.530000000000000 0.172069617550304
3.540000000000000 0.170624368291769
3.550000000000000 0.169180725744980
3.560000000000000 0.167738712769217
3.570000000000000 0.166298351791099
3.580000000000000 0.164859664810876
3.590000000000000 0.163422673408643
3.600000000000000 0.161987398750462
3.610000000000000 0.160659685046507
3.620000000000000 0.159333546998678
3.630000000000000 0.158009003659813
3.640000000000000 0.156686073715243
3.650000000000000 0.155364775488148
3.660000000000000 0.154045126944820
3.670000000000000 0.152727145699872
3.680000000000000 0.151410849021351
3.690000000000000 0.150096253835801
3.700000000000000 0.148783376733240
3.710000000000000 0.147568332199634
3.720000000000000 0.146354865941374
3.730000000000000 0.145142992885956
3.740000000000000 0.143932727662093
3.750000000000000 0.142724084604062
3.760000000000000 0.141517077755995
3.770000000000000 0.140311720876117
3.780000000000000 0.139108027440912
3.790000000000000 0.137906010649238
3.800000000000000 0.136705683426384
3.810000000000000 0.135594712526105
3.820000000000000 0.134485294108144
3.830000000000000 0.133377439793724
3.840000000000000 0.132271160961177
3.850000000000000 0.131166468749482
3.860000000000000 0.130063374061765
3.870000000000000 0.128961887568740
3.880000000000000 0.127862019712105
3.890000000000000 0.126763780707896
3.900000000000000 0.125667180549784
3.910000000000000 0.124651180474561
3.920000000000000 0.123636688391356
3.930000000000000 0.122623713281821
3.940000000000000 0.121612263930028
3.950000000000000 0.120602348925356
3.960000000000000 0.119593976665341
3.970000000000000 0.118587155358483
3.980000000000000 0.117581893027011
3.990000000000000 0.116578197509617
4.000000000000000 0.115576076464145
4.010000000000000 0.114646791910932
4.020000000000000 0.113718957782725
4.030000000000000 0.112792580956367
4.040000000000000 0.111867668147902
4.050000000000000 0.110944225914937
4.060000000000000 0.110022260658956
4.070000000000000 0.109101778627619
4.080000000000000 0.108182785917017
4.090000000000000 0.107265288473897
4.100000000000000 0.106349292097862
4.110000000000000 0.105499266783782
4.120000000000000 0.104650625503843
4.130000000000000 0.103803373459318
4.140000000000000 0.102957515720583
4.150000000000000 0.102113057229037
4.160000000000000 0.101270002799002
4.170000000000000 0.100428357119588
4.180000000000000 0.099588124756542
4.190000000000000 0.098749310154066
4.200000000000000 0.097911917636607
4.210000000000000 0.097134616623170
4.220000000000000 0.096358627263711
4.230000000000000 0.095583953428451
4.240000000000000 0.094810598881065
4.250000000000000 0.094038567280250
4.260000000000000 0.093267862181279
4.270000000000000 0.092498487037522
4.280000000000000 0.091730445201960
4.290000000000000 0.090963739928667
4.300000000000000 0.090198374374277
4.310000000000000 0.089487403074428
4.320000000000000 0.088777668535765
4.330000000000000 0.088069173575435
4.340000000000000 0.087361920923845
4.350000000000000 0.086655913225944
4.360000000000000 0.085951153042495
4.370000000000000 0.085247642851324
4.380000000000000 0.084545385048547
4.390000000000000 0.083844381949794
4.400000000000000 0.083144635791402
4.410000000000000 0.082493871219290
4.420000000000000 0.081844268532998
4.430000000000000 0.081195829719746
4.440000000000000 0.080548556696114
4.450000000000000 0.079902451309092
4.460000000000000 0.079257515337119
4.470000000000000 0.078613750491109
4.480000000000000 0.077971158415457
4.490000000000000 0.077329740689038
4.500000000000000 0.076689498826187
4.510000000000000 0.076093751479293
4.520000000000000 0.075499091727264
4.530000000000000 0.074905520905877
4.540000000000000 0.074313040293396
4.550000000000000 0.073721651111430
4.560000000000000 0.073131354525786
4.570000000000000 0.072542151647312
4.580000000000000 0.071954043532718
4.590000000000000 0.071367031185401
4.600000000000000 0.070781115556242
4.610000000000000 0.070235433099282
4.620000000000000 0.069690766041642
4.630000000000000 0.069147115210711
4.640000000000000 0.068604481387059
4.650000000000000 0.068062865305139
4.660000000000000 0.067522267653991
4.670000000000000 0.066982689077930
4.680000000000000 0.066444130177221
4.690000000000000 0.065906591508757
4.700000000000000 0.065370073586714
4.710000000000000 0.064869956948462
4.720000000000000 0.064370786289580
4.730000000000000 0.063872562043399
4.740000000000000 0.063375284605146
4.750000000000000 0.062878954332526
4.760000000000000 0.062383571546296
4.770000000000000 0.061889136530834
4.780000000000000 0.061395649534692
4.790000000000000 0.060903110771153
4.800000000000000 0.060411520418771
4.810000000000000 0.059952949521072
4.820000000000000 0.059495258263328
4.830000000000000 0.059038446776162
4.840000000000000 0.058582515159208
4.850000000000000 0.058127463481592
4.860000000000000 0.057673291782403
4.870000000000000 0.057220000071160
4.880000000000000 0.056767588328270
4.890000000000000 0.056316056505481
4.900000000000000 0.055865404526335
4.910000000000000 0.055444651694004
4.920000000000000 0.055024715689291
4.930000000000000 0.054605596412823
4.940000000000000 0.054187293740049
4.950000000000000 0.053769807521631
4.960000000000000 0.053353137583833
4.970000000000000 0.052937283728907
4.980000000000000 0.052522245735471
4.990000000000000 0.052108023358882
5.000000000000000 0.051694616331603
5.010000000000000 0.051308348179156
5.020000000000000 0.050922837591331
5.030000000000000 0.050538084296661
5.040000000000000 0.050154088003238
5.050000000000000 0.049770848399050
5.060000000000000 0.049388365152288
5.070000000000000 0.049006637911673
5.080000000000000 0.048625666306762
5.090000000000000 0.048245449948261
5.100000000000000 0.047865988428325
5.110000000000000 0.047511173436487
5.120000000000000 0.047157060348351
5.130000000000000 0.046803648766274
5.140000000000000 0.046450938276055
5.150000000000000 0.046098928447200
5.160000000000000 0.045747618833189
5.170000000000000 0.045397008971737
5.180000000000000 0.045047098385052
5.190000000000000 0.044697886580086
5.200000000000000 0.044349373048791
5.210000000000000 0.044023253567935
5.220000000000000 0.043697783910412
5.230000000000000 0.043372963588697
5.240000000000000 0.043048792101875
5.250000000000000 0.042725268935861
5.260000000000000 0.042402393563617
5.270000000000000 0.042080165445371
5.280000000000000 0.041758584028828
5.290000000000000 0.041437648749381
5.300000000000000 0.041117359030317
5.310000000000000 0.040817354199169
5.320000000000000 0.040517950772732
5.330000000000000 0.040219148201917
5.340000000000000 0.039920945926834
5.350000000000000 0.039623343376972
5.360000000000000 0.039326339971377
5.370000000000000 0.039029935118836
5.380000000000000 0.038734128218050
5.390000000000000 0.038438918657806
5.400000000000000 0.038144305817152
5.410000000000000 0.037868190726978
5.420000000000000 0.037592631886108
5.430000000000000 0.037317628706382
5.440000000000000 0.037043180590954
5.450000000000000 0.036769286934440
5.460000000000000 0.036495947123069
5.470000000000000 0.036223160534829
5.480000000000000 0.035950926539617
5.490000000000000 0.035679244499376
5.500000000000000 0.035408113768243
5.510000000000000 0.035153711240906
5.520000000000000 0.034899823272572
5.530000000000000 0.034646449252992
5.540000000000000 0.034393588564955
5.550000000000000 0.034141240584411
5.560000000000000 0.033889404680601
5.570000000000000 0.033638080216173
5.580000000000000 0.033387266547308
5.590000000000000 0.033136963023834
5.600000000000000 0.032887168989349
5.610000000000000 0.032652732156492
5.620000000000000 0.032418770965172
5.630000000000000 0.032185284796898
5.640000000000000 0.031952273027624
5.650000000000000 0.031719735027861
5.660000000000000 0.031487670162778
5.670000000000000 0.031256077792300
5.680000000000000 0.031024957271211
5.690000000000000 0.030794307949253
5.700000000000000 0.030564129171223
5.710000000000000 0.030347897871386
5.720000000000000 0.030132106297625
5.730000000000000 0.029916753833225
5.740000000000000 0.029701839857069
5.750000000000000 0.029487363743734
5.760000000000000 0.029273324863566
5.770000000000000 0.029059722582771
5.780000000000000 0.028846556263494
5.790000000000000 0.028633825263904
5.800000000000000 0.028421528938272
5.810000000000000 0.028221973761500
5.820000000000000 0.028022825055922
5.830000000000000 0.027824082214367
5.840000000000000 0.027625744626205
5.850000000000000 0.027427811677418
5.860000000000000 0.027230282750672
5.870000000000000 0.027033157225389
5.880000000000000 0.026836434477809
5.890000000000000 0.026640113881066
5.900000000000000 0.026444194805251
5.910000000000000 0.026259854872726
5.920000000000000 0.026075890798595
5.930000000000000 0.025892301990696
5.940000000000000 0.025709087854169
5.950000000000000 0.025526247791523
5.960000000000000 0.025343781202689
5.970000000000000 0.025161687485082
5.980000000000000 0.024979966033655
5.990000000000000 0.024798616240957
6.000000000000000 0.024617637497188
6.010000000000000 0.024447217693462
6.020000000000000 0.024277145521692
6.030000000000000 0.024107420408736
6.040000000000000 0.023938041779378
6.050000000000000 0.023769009056379
6.060000000000000 0.023600321660528
6.070000000000000 0.023431979010687
6.080000000000000 0.023263980523837
6.090000000000000 0.023096325615132
6.100000000000000 0.022929013697936
6.110000000000000 0.022771418269713
6.120000000000000 0.022614144284511
6.130000000000000 0.022457191191322
6.140000000000000 0.022300558437576
6.150000000000000 0.022144245469173
6.160000000000000 0.021988251730527
6.170000000000000 0.021832576664610
6.180000000000000 0.021677219712983
6.190000000000000 0.021522180315843
6.200000000000000 0.021367457912056
6.210000000000000 0.021221598975337
6.220000000000000 0.021076037381156
6.230000000000000 0.020930772602369
6.240000000000000 0.020785804110675
6.250000000000000 0.020641131376645
6.260000000000000 0.020496753869764
6.270000000000000 0.020352671058456
6.280000000000000 0.020208882410121
6.290000000000000 0.020065387391166
6.300000000000000 0.019922185467038
6.310000000000000 0.019787117819440
6.320000000000000 0.019652325247561
6.330000000000000 0.019517807249283
6.340000000000000 0.019383563321656
6.350000000000000 0.019249592960932
6.360000000000000 0.019115895662590
6.370000000000000 0.018982470921363
6.380000000000000 0.018849318231268
6.390000000000000 0.018716437085629
6.400000000000000 0.018583826977108
6.410000000000000 0.018458608504466
6.420000000000000 0.018333644710544
6.430000000000000 0.018208935118440
6.440000000000000 0.018084479250692
6.450000000000000 0.017960276629295
6.460000000000000 0.017836326775730
6.470000000000000 0.017712629210980
6.480000000000000 0.017589183455561
6.490000000000000 0.017465989029538
6.500000000000000 0.017343045452547
6.510000000000000 0.017226923258515
6.520000000000000 0.017111036842363
6.530000000000000 0.016995385752649
6.540000000000000 0.016879969537578
6.550000000000000 0.016764787745025
6.560000000000000 0.016649839922551
6.570000000000000 0.016535125617424
6.580000000000000 0.016420644376638
6.590000000000000 0.016306395746928
6.600000000000000 0.016192379274794
6.610000000000000 0.016084609542993
6.620000000000000 0.015977058191705
6.630000000000000 0.015869724794565
6.640000000000000 0.015762608925023
6.650000000000000 0.015655710156365
6.660000000000000 0.015549028061725
6.670000000000000 0.015442562214103
6.680000000000000 0.015336312186379
6.690000000000000 0.015230277551331
6.700000000000000 0.015124457881647
6.710000000000000 0.015024394575924
6.720000000000000 0.014924533568303
6.730000000000000 0.014824874457010
6.740000000000000 0.014725416840225
6.750000000000000 0.014626160316091
6.760000000000000 0.014527104482730
6.770000000000000 0.014428248938251
6.780000000000000 0.014329593280769
6.790000000000000 0.014231137108416
6.800000000000000 0.014132880019349
6.810000000000000 0.014039875806376
6.820000000000000 0.013947059142445
6.830000000000000 0.013854429649438
6.840000000000000 0.013761986949289
6.850000000000000 0.013669730664004
6.860000000000000 0.013577660415662
6.870000000000000 0.013485775826430
6.880000000000000 0.013394076518577
6.890000000000000 0.013302562114479
6.900000000000000 0.013211232236631
6.910000000000000 0.013124743074961
6.920000000000000 0.013038427838891
6.930000000000000 0.012952286173118
6.940000000000000 0.012866317722475
6.950000000000000 0.012780522131940
6.960000000000000 0.012694899046647
6.970000000000000 0.012609448111889
6.980000000000000 0.012524168973136
6.990000000000000 0.012439061276034
7.000000000000000 0.012354124666420
7.010000000000000 0.012273658390906
7.020000000000000 0.012193353442419
7.030000000000000 0.012113209487567
7.040000000000000 0.012033226193160
7.050000000000000 0.011953403226207
7.060000000000000 0.011873740253935
7.070000000000000 0.011794236943787
7.080000000000000 0.011714892963436
7.090000000000000 0.011635707980786
7.100000000000000 0.011556681663984
7.110000000000000 0.011481766933533
7.120000000000000 0.011407001918842
7.130000000000000 0.011332386307376
7.140000000000000 0.011257919786840
7.150000000000000 0.011183602045191
7.160000000000000 0.011109432770639
7.170000000000000 0.011035411651658
7.180000000000000 0.010961538376988
7.190000000000000 0.010887812635643
7.200000000000000 0.010814234116916
7.210000000000000 0.010744427653706
7.220000000000000 0.010674760227371
7.230000000000000 0.010605231545090
7.240000000000000 0.010535841314318
7.250000000000000 0.010466589242791
7.260000000000000 0.010397475038532
7.270000000000000 0.010328498409855
7.280000000000000 0.010259659065372
7.290000000000000 0.010190956713994
7.300000000000000 0.010122391064939
7.310000000000000 0.010057311180049
7.320000000000000 0.009992360459377
7.330000000000000 0.009927538628793
7.340000000000000 0.009862845414468
7.350000000000000 0.009798280542876
7.360000000000000 0.009733843740798
7.370000000000000 0.009669534735329
7.380000000000000 0.009605353253878
7.390000000000000 0.009541299024175
7.400000000000000 0.009477371774271
7.410000000000000 0.009416673567803
7.420000000000000 0.009356095384180
7.430000000000000 0.009295636966972
7.440000000000000 0.009235298060067
7.450000000000000 0.009175078407668
7.460000000000000 0.009114977754301
7.470000000000000 0.009054995844813
7.480000000000000 0.008995132424383
7.490000000000000 0.008935387238516
7.500000000000000 0.008875760033055
7.510000000000000 0.008819106633184
7.520000000000000 0.008762564829817
7.530000000000000 0.008706134383158
7.540000000000000 0.008649815053732
7.550000000000000 0.008593606602390
7.560000000000000 0.008537508790309
7.570000000000000 0.008481521378999
7.580000000000000 0.008425644130303
7.590000000000000 0.008369876806399
7.600000000000000 0.008314219169802
7.610000000000000 0.008261291913666
7.620000000000000 0.008208468504451
7.630000000000000 0.008155748717907
7.640000000000000 0.008103132330116
7.650000000000000 0.008050619117484
7.660000000000000 0.007998208856748
7.670000000000000 0.007945901324978
7.680000000000000 0.007893696299577
7.690000000000000 0.007841593558286
7.700000000000000 0.007789592879181
7.710000000000000 0.007740133611141
7.720000000000000 0.007690770992118
7.730000000000000 0.007641504812537
7.740000000000000 0.007592334863153
7.750000000000000 0.007543260935043
7.760000000000000 0.007494282819615
7.770000000000000 0.007445400308606
7.780000000000000 0.007396613194083
7.790000000000000 0.007347921268448
7.800000000000000 0.007299324324436
7.810000000000000 0.007253077122126
7.820000000000000 0.007206919916766
7.830000000000000 0.007160852512527
7.840000000000000 0.007114874713903
7.850000000000000 0.007068986325709
7.860000000000000 0.007023187153084
7.870000000000000 0.006977477001489
7.880000000000000 0.006931855676714
7.890000000000000 0.006886322984874
7.900000000000000 0.006840878732413
7.910000000000000 0.006797607452689
7.920000000000000 0.006754420021668
7.930000000000000 0.006711316256377
7.940000000000000 0.006668295974159
7.950000000000000 0.006625358992671
7.960000000000000 0.006582505129887
7.970000000000000 0.006539734204096
7.980000000000000 0.006497046033908
7.990000000000000 0.006454440438249
8.000000000000000 0.006411917236366
8.010000000000000 0.006371399208868
8.020000000000000 0.006330959356255
8.029999999999999 0.006290597507543
8.039999999999999 0.006250313492052
8.050000000000001 0.006210107139412
8.060000000000000 0.006169978279557
8.070000000000000 0.006129926742730
8.080000000000000 0.006089952359482
8.090000000000000 0.006050054960675
8.100000000000000 0.006010234377480
8.109999999999999 0.005972277844228
8.119999999999999 0.005934394222138
8.130000000000001 0.005896583351451
8.140000000000001 0.005858845072709
8.150000000000000 0.005821179226747
8.160000000000000 0.005783585654699
8.170000000000000 0.005746064197995
8.180000000000000 0.005708614698364
8.190000000000000 0.005671236997832
8.199999999999999 0.005633930938727
8.210000000000001 0.005598351041795
8.220000000000001 0.005562839186348
8.230000000000000 0.005527395223104
8.240000000000000 0.005492019003066
8.250000000000000 0.005456710377520
8.260000000000000 0.005421469198040
8.270000000000000 0.005386295316487
8.279999999999999 0.005351188585006
8.289999999999999 0.005316148856033
8.300000000000001 0.005281175982288
8.310000000000000 0.005247806633132
8.320000000000000 0.005214500810160
8.330000000000000 0.005181258373872
8.340000000000000 0.005148079185040
8.350000000000000 0.005114963104713
8.359999999999999 0.005081909994213
8.369999999999999 0.005048919715135
8.380000000000001 0.005015992129352
8.390000000000001 0.004983127099010
8.400000000000000 0.004950324486531
8.410000000000000 0.004919007696327
8.420000000000000 0.004887750252987
8.430000000000000 0.004856552026125
8.440000000000000 0.004825412885614
8.449999999999999 0.004794332701591
8.460000000000001 0.004763311344456
8.470000000000001 0.004732348684869
8.480000000000000 0.004701444593755
8.490000000000000 0.004670598942301
8.500000000000000 0.004639811601959
8.510000000000000 0.004610399796172
8.520000000000000 0.004581043470988
8.529999999999999 0.004551742504495
8.539999999999999 0.004522496775033
8.550000000000001 0.004493306161189
8.560000000000000 0.004464170541806
8.570000000000000 0.004435089795973
8.580000000000000 0.004406063803032
8.590000000000000 0.004377092442574
8.600000000000000 0.004348175594444
8.609999999999999 0.004320541083018
8.619999999999999 0.004292958457777
8.630000000000001 0.004265427604729
8.640000000000001 0.004237948410121
8.650000000000000 0.004210520760440
8.660000000000000 0.004183144542408
8.670000000000000 0.004155819642989
8.680000000000000 0.004128545949384
8.690000000000000 0.004101323349033
8.699999999999999 0.004074151729615
8.710000000000001 0.004048169927122
8.720000000000001 0.004022236679990
8.730000000000000 0.003996351881597
8.740000000000000 0.003970515425549
8.750000000000000 0.003944727205677
8.760000000000000 0.003918987116041
8.770000000000000 0.003893295050925
8.779999999999999 0.003867650904844
8.789999999999999 0.003842054572535
8.800000000000001 0.003816505948964
8.810000000000000 0.003792059561970
8.820000000000000 0.003767658646734
8.830000000000000 0.003743303103480
8.840000000000000 0.003718992832649
8.850000000000000 0.003694727734898
8.859999999999999 0.003670507711098
8.869999999999999 0.003646332662261
8.880000000000001 0.003622202489842
8.890000000000001 0.003598117095280
8.900000000000000 0.003574076380382
8.910000000000000 0.003551065879476
8.920000000000000 0.003528097977656
8.930000000000000 0.003505172581547
8.940000000000000 0.003482289597978
8.949999999999999 0.003459448933980
8.960000000000001 0.003436650496793
8.970000000000001 0.003413894193856
8.980000000000000 0.003391179932815
8.990000000000000 0.003368507621519
9.000000000000000 0.003345877168021
9.010000000000000 0.003324204221096
9.020000000000000 0.003302571207277
9.029999999999999 0.003280978039143
9.039999999999999 0.003259424629463
9.050000000000001 0.003237910891205
9.060000000000000 0.003216436737525
9.070000000000000 0.003195002081776
9.080000000000000 0.003173606837503
9.090000000000000 0.003152250918444
9.100000000000000 0.003130934238528
9.109999999999999 0.003110502629810
9.119999999999999 0.003090108488857
9.130000000000001 0.003069751733762
9.140000000000001 0.003049432282805
9.150000000000000 0.003029150054447
9.160000000000000 0.003008904967332
9.170000000000000 0.002988696940289
9.180000000000000 0.002968525892328
9.190000000000000 0.002948391742642
9.199999999999999 0.002928294410606
9.210000000000001 0.002909024797621
9.220000000000001 0.002889790353872
9.230000000000000 0.002870591002606
9.240000000000000 0.002851426667244
9.250000000000000 0.002832297271382
9.260000000000000 0.002813202738787
9.270000000000000 0.002794142993399
9.279999999999999 0.002775117959333
9.289999999999999 0.002756127560874
9.300000000000001 0.002737171722481
9.310000000000000 0.002718986635261
9.320000000000000 0.002700834580353
9.330000000000000 0.002682715485802
9.340000000000000 0.002664629279816
9.350000000000000 0.002646575890767
9.359999999999999 0.002628555247193
9.369999999999999 0.002610567277791
9.380000000000001 0.002592611911427
9.390000000000001 0.002574689077124
9.400000000000000 0.002556798704073
9.410000000000000 0.002539621867987
9.420000000000000 0.002522476084947
9.430000000000000 0.002505361287444
9.440000000000000 0.002488277408126
9.449999999999999 0.002471224379796
9.460000000000001 0.002454202135409
9.470000000000001 0.002437210608078
9.480000000000000 0.002420249731068
9.490000000000000 0.002403319437798
9.500000000000000 0.002386419661843
9.510000000000000 0.002370188003139
9.520000000000000 0.002353985549704
9.529999999999999 0.002337812238184
9.539999999999999 0.002321668005373
9.550000000000001 0.002305552788210
9.560000000000000 0.002289466523782
9.570000000000000 0.002273409149321
9.580000000000000 0.002257380602204
9.590000000000000 0.002241380819953
9.600000000000000 0.002225409740238
9.609999999999999 0.002210057534858
9.619999999999999 0.002194732821899
9.630000000000001 0.002179435541861
9.640000000000001 0.002164165635382
9.650000000000000 0.002148923043240
9.660000000000000 0.002133707706349
9.670000000000000 0.002118519565762
9.680000000000000 0.002103358562669
9.690000000000000 0.002088224638399
9.699999999999999 0.002073117734415
9.710000000000001 0.002058588907057
9.720000000000001 0.002044085975002
9.730000000000000 0.002029608882342
9.740000000000000 0.002015157573302
9.750000000000000 0.002000731992238
9.760000000000000 0.001986332083635
9.770000000000000 0.001971957792107
9.779999999999999 0.001957609062401
9.789999999999999 0.001943285839391
9.800000000000001 0.001928988068081
9.810000000000000 0.001915226595984
9.820000000000000 0.001901489536387
9.830000000000000 0.001887776836719
9.840000000000000 0.001874088444535
9.850000000000000 0.001860424307511
9.859999999999999 0.001846784373447
9.869999999999999 0.001833168590265
9.880000000000001 0.001819576906011
9.890000000000001 0.001806009268853
9.900000000000000 0.001792465627080
9.910000000000000 0.001779420784767
9.920000000000000 0.001766398975540
9.930000000000000 0.001753400149931
9.940000000000000 0.001740424258590
9.949999999999999 0.001727471252283
9.960000000000001 0.001714541081891
9.970000000000001 0.001701633698413
9.980000000000000 0.001688749052963
9.990000000000000 0.001675887096770
10.000000000000000 0.001663047781180
