0.000000000000000 0.000000000000000
0.010000000000000 0.000269402687297
0.020000000000000 0.001077873212572
0.030000000000000 0.002425447527019
0.040000000000000 0.004311694358751
0.050000000000000 0.006735727762011
0.060000000000000 0.009696220038699
0.070000000000000 0.013191414993095
0.080000000000000 0.017219141480844
0.090000000000000 0.021776827213721
0.100000000000000 0.026861512782144
0.110000000000000 0.032353953685948
0.120000000000000 0.038324771767941
0.130000000000000 0.044765460546990
0.140000000000000 0.051667382541238
0.150000000000000 0.059021781701147
0.160000000000000 0.066819795646754
0.170000000000000 0.075052467689210
0.180000000000000 0.083710758618161
0.190000000000000 0.092785558237911
0.200000000000000 0.102267696636831
0.210000000000000 0.111840116684715
0.220000000000000 0.121747799754904
0.230000000000000 0.131979022880306
0.240000000000000 0.142522186360453
0.250000000000000 0.153365820745817
0.260000000000000 0.164498593406764
0.270000000000000 0.175909314689809
0.280000000000000 0.187586943664895
0.290000000000000 0.199520593468356
0.300000000000000 0.211699536247167
0.310000000000000 0.223629938057738
0.320000000000000 0.235731581578679
0.330000000000000 0.247993080761138
0.340000000000000 0.260403317236725
0.350000000000000 0.272951440830772
0.360000000000000 0.285626869711769
0.370000000000000 0.298419290192258
0.380000000000000 0.311318656196558
0.390000000000000 0.324315188410833
0.400000000000000 0.337399373131003
0.410000000000000 0.349949885597271
0.420000000000000 0.362522619933362
0.430000000000000 0.375108420944574
0.440000000000000 0.387698449668864
0.450000000000000 0.400284178929603
0.460000000000000 0.412857388695510
0.470000000000000 0.425410161264708
0.480000000000000 0.437934876289357
0.490000000000000 0.450424205656801
0.500000000000000 0.462871108242669
0.510000000000000 0.474593945636530
0.520000000000000 0.486222461547562
0.530000000000000 0.497750405986565
0.540000000000000 0.509171827631694
0.550000000000000 0.520481066733882
0.560000000000000 0.531672748002125
0.570000000000000 0.542741773481007
0.580000000000000 0.553683315432113
0.590000000000000 0.564492809230372
0.600000000000000 0.575165946285672
0.610000000000000 0.585020834687228
0.620000000000000 0.594701642245189
0.630000000000000 0.604204925836954
0.640000000000000 0.613527488590076
0.650000000000000 0.622666372146262
0.660000000000000 0.631618849024120
0.670000000000000 0.640382415086934
0.680000000000000 0.648954782121116
0.690000000000000 0.657333870530504
0.700000000000000 0.665517802151063
0.710000000000000 0.672932504661771
0.720000000000000 0.680129047591663
0.730000000000000 0.687106290042864
0.740000000000000 0.693863273057173
0.750000000000000 0.700399212587486
0.760000000000000 0.706713492623598
0.770000000000000 0.712805658473706
0.780000000000000 0.718675410202582
0.790000000000000 0.724322596227037
0.800000000000000 0.729747207068976
0.810000000000000 0.734473614197545
0.820000000000000 0.738964666020293
0.830000000000000 0.743220901500092
0.840000000000000 0.747242981462158
0.850000000000000 0.751031682866237
0.860000000000000 0.754587893242470
0.870000000000000 0.757912605289268
0.880000000000000 0.761006911631432
0.890000000000000 0.763871999736502
0.900000000000000 0.766509146987229
0.910000000000000 0.768641930744021
0.920000000000000 0.770543370185116
0.930000000000000 0.772215074727008
0.940000000000000 0.773658726201868
0.950000000000000 0.774876074578139
0.960000000000000 0.775868933826355
0.970000000000000 0.776639177927284
0.980000000000000 0.777188737019457
0.990000000000000 0.777519593683076
1.000000000000000 0.777633779357299
1.010000000000000 0.777449218505845
1.020000000000000 0.777050650920749
1.030000000000000 0.776440259913862
1.040000000000000 0.775620264609061
1.050000000000000 0.774592916962615
1.060000000000000 0.773360498899453
1.070000000000000 0.771925319562251
1.080000000000000 0.770289712670298
1.090000000000000 0.768456033985131
1.100000000000000 0.766426658879919
1.110000000000000 0.764306881401569
1.120000000000000 0.761997740825784
1.130000000000000 0.759501629458313
1.140000000000000 0.756820950594196
1.150000000000000 0.753958116575244
1.160000000000000 0.750915546933376
1.170000000000000 0.747695666617142
1.180000000000000 0.744300904298772
1.190000000000000 0.740733690759203
1.200000000000000 0.736996457348517
1.210000000000000 0.733406742182799
1.220000000000000 0.729655720751645
1.230000000000000 0.725745740073701
1.240000000000000 0.721679142868296
1.250000000000000 0.717458266378692
1.260000000000000 0.713085441255167
1.270000000000000 0.708562990495829
1.280000000000000 0.703893228443131
1.290000000000000 0.699078459834071
1.300000000000000 0.694120978902151
1.310000000000000 0.689489360152131
1.320000000000000 0.684724273471216
1.330000000000000 0.679827875051576
1.340000000000000 0.674802308474607
1.350000000000000 0.669649704059853
1.360000000000000 0.664372178253602
1.370000000000000 0.658971833055667
1.380000000000000 0.653450755482831
1.390000000000000 0.647811017067544
1.400000000000000 0.642054673390451
1.410000000000000 0.636785050345950
1.420000000000000 0.631407854604902
1.430000000000000 0.625924975939694
1.440000000000000 0.620338287954666
1.450000000000000 0.614649647774914
1.460000000000000 0.608860895760230
1.470000000000000 0.602973855243099
1.480000000000000 0.596990332289750
1.490000000000000 0.590912115483266
1.500000000000000 0.584740975727793
1.510000000000000 0.579174080650261
1.520000000000000 0.573522463220696
1.530000000000000 0.567787723069011
1.540000000000000 0.561971443072591
1.550000000000000 0.556075189250838
1.560000000000000 0.550100510674883
1.570000000000000 0.544048939391754
1.580000000000000 0.537921990362342
1.590000000000000 0.531721161412501
1.600000000000000 0.525447933196666
1.610000000000000 0.519848004950694
1.620000000000000 0.514182700983209
1.630000000000000 0.508453340359824
1.640000000000000 0.502661226476130
1.650000000000000 0.496807647067176
1.660000000000000 0.490893874225637
1.670000000000000 0.484921164428194
1.680000000000000 0.478890758569722
1.690000000000000 0.472803882004848
1.700000000000000 0.466661744596508
1.710000000000000 0.461236857529032
1.720000000000000 0.455762534175755
1.730000000000000 0.450239838511733
1.740000000000000 0.444669820747315
1.750000000000000 0.439053517394471
1.760000000000000 0.433391951337731
1.770000000000000 0.427686131909457
1.780000000000000 0.421937054969200
1.790000000000000 0.416145702986865
1.800000000000000 0.410313045129453
1.810000000000000 0.405197910944924
1.820000000000000 0.400046083411359
1.830000000000000 0.394858406575915
1.840000000000000 0.389635712879226
1.850000000000000 0.384378823243678
1.860000000000000 0.379088547163874
1.870000000000000 0.373765682799126
1.880000000000000 0.368411017067816
1.890000000000000 0.363025325743475
1.900000000000000 0.357609373552428
1.910000000000000 0.352890656550213
1.920000000000000 0.348145223908834
1.930000000000000 0.343373735877130
1.940000000000000 0.338576843202977
1.950000000000000 0.333755187223946
1.960000000000000 0.328909399958781
1.970000000000000 0.324040104199591
1.980000000000000 0.319147913604671
1.990000000000000 0.314233432791869
2.000000000000000 0.309297257432409
2.010000000000000 0.305020083401655
2.020000000000000 0.300723852811996
2.030000000000000 0.296409076179565
2.040000000000000 0.292076256412670
2.050000000000000 0.287725888894961
2.060000000000000 0.283358461568687
2.070000000000000 0.278974455017981
2.080000000000000 0.274574342552123
2.090000000000000 0.270158590288741
2.100000000000000 0.265727657236892
2.110000000000000 0.261906173397076
2.120000000000000 0.258071407219599
2.130000000000000 0.254223749617546
2.140000000000000 0.250363585514130
2.150000000000000 0.246491293914282
2.160000000000000 0.242607247975981
2.170000000000000 0.238711815081283
2.180000000000000 0.234805356907033
2.190000000000000 0.230888229495234
2.200000000000000 0.226960783323040
2.210000000000000 0.223586011156805
2.220000000000000 0.220202234610500
2.230000000000000 0.216809750614834
2.240000000000000 0.213408851445201
2.250000000000000 0.209999824780864
2.260000000000000 0.206582953763725
2.270000000000000 0.203158517056695
2.280000000000000 0.199726788901621
2.290000000000000 0.196288039176789
2.300000000000000 0.192842533453966
2.310000000000000 0.189890913162597
2.320000000000000 0.186933405195745
2.330000000000000 0.183970233556162
2.340000000000000 0.181001618665108
2.350000000000000 0.178027777409919
2.360000000000000 0.175048923191169
2.370000000000000 0.172065265969383
2.380000000000000 0.169077012311337
2.390000000000000 0.166084365435906
2.400000000000000 0.163087525259479
2.410000000000000 0.160527131927900
2.420000000000000 0.157963082510711
2.430000000000000 0.155395544975230
2.440000000000000 0.152824684555864
2.450000000000000 0.150250663791593
2.460000000000000 0.147673642563064
2.470000000000000 0.145093778129298
2.480000000000000 0.142511225163998
2.490000000000000 0.139926135791477
2.500000000000000 0.137338659622187
2.510000000000000 0.135132581830237
2.520000000000000 0.132924415100429
2.530000000000000 0.130714284727595
2.540000000000000 0.128502313934501
2.550000000000000 0.126288623900946
2.560000000000000 0.124073333792526
2.570000000000000 0.121856560789070
2.580000000000000 0.119638420112738
2.590000000000000 0.117419025055792
2.600000000000000 0.115198487008039
2.610000000000000 0.113309076020658
2.620000000000000 0.111418652104885
2.630000000000000 0.109527308262506
2.640000000000000 0.107635135932756
2.650000000000000 0.105742225014653
2.660000000000000 0.103848663889055
2.670000000000000 0.101954539440445
2.680000000000000 0.100059937078451
2.690000000000000 0.098164940759087
2.700000000000000 0.096269633005738
2.710000000000000 0.094658885163575
2.720000000000000 0.093047842713538
2.730000000000000 0.091436574398264
2.740000000000000 0.089825147786729
2.750000000000000 0.088213629291248
2.760000000000000 0.086602084184247
2.770000000000000 0.084990576614830
2.780000000000000 0.083379169625118
2.790000000000000 0.081767925166386
2.800000000000000 0.080156904114984
2.810000000000000 0.078790052054493
2.820000000000000 0.077423366614189
2.830000000000000 0.076056898372157
2.840000000000000 0.074690697028288
2.850000000000000 0.073324811417119
2.860000000000000 0.071959289520500
2.870000000000000 0.070594178480106
2.880000000000000 0.069229524609764
2.890000000000000 0.067865373407627
2.900000000000000 0.066501769568177
2.910000000000000 0.065346297620064
2.920000000000000 0.064191271907074
2.930000000000000 0.063036729479500
2.940000000000000 0.061882706732501
2.950000000000000 0.060729239415758
2.960000000000000 0.059576362642991
2.970000000000000 0.058424110901348
2.980000000000000 0.057272518060673
2.990000000000000 0.056121617382630
3.000000000000000 0.054971441529720
3.010000000000000 0.053997955511605
3.020000000000000 0.053025069372796
3.030000000000000 0.052052810130761
3.040000000000000 0.051081204315515
3.050000000000000 0.050110277976846
3.060000000000000 0.049140056691430
3.070000000000000 0.048170565569862
3.080000000000000 0.047201829263573
3.090000000000000 0.046233871971661
3.100000000000000 0.045266717447622
3.110000000000000 0.044449203681746
3.120000000000000 0.043632357822965
3.130000000000000 0.042816199473897
3.140000000000000 0.042000747875372
3.150000000000000 0.041186021911817
3.160000000000000 0.040372040116567
3.170000000000000 0.039558820677092
3.180000000000000 0.038746381440160
3.190000000000000 0.037934739916923
3.200000000000000 0.037123913287929
3.210000000000000 0.036439483403828
3.220000000000000 0.035755732969739
3.230000000000000 0.035072676129113
3.240000000000000 0.034390326757525
3.250000000000000 0.033708698466675
3.260000000000000 0.033027804608327
3.270000000000000 0.032347658278199
3.280000000000000 0.031668272319795
3.290000000000000 0.030989659328177
3.300000000000000 0.030311831653695
3.310000000000000 0.029740476853842
3.320000000000000 0.029169777344865
3.330000000000000 0.028599743267346
3.340000000000000 0.028030384563983
3.350000000000000 0.027461710982549
3.360000000000000 0.026893732078817
3.370000000000000 0.026326457219435
3.380000000000000 0.025759895584769
3.390000000000000 0.025194056171695
3.400000000000000 0.024628947796362
3.410000000000000 0.024153336156129
3.420000000000000 0.023678334477315
3.430000000000000 0.023203949977752
3.440000000000000 0.022730189729436
3.450000000000000 0.022257060660712
3.460000000000000 0.021784569558435
3.470000000000000 0.021312723070097
3.480000000000000 0.020841527705922
3.490000000000000 0.020370989840937
3.500000000000000 0.019901115717004
3.510000000000000 0.019506439402357
3.520000000000000 0.019112316361278
3.530000000000000 0.018718751686114
3.540000000000000 0.018325750362028
3.550000000000000 0.017933317268611
3.560000000000000 0.017541457181474
3.570000000000000 0.017150174773812
3.580000000000000 0.016759474617951
3.590000000000000 0.016369361186872
3.600000000000000 0.015979838855710
3.610000000000000 0.015653296372624
3.620000000000000 0.015327246041344
3.630000000000000 0.015001691417572
3.640000000000000 0.014676635978447
3.650000000000000 0.014352083123737
3.660000000000000 0.014028036177003
3.670000000000000 0.013704498386757
3.680000000000000 0.013381472927589
3.690000000000000 0.013058962901296
3.700000000000000 0.012736971337975
3.710000000000000 0.012467700684484
3.720000000000000 0.012198860916185
3.730000000000000 0.011930454484022
3.740000000000000 0.011662483781547
3.750000000000000 0.011394951145793
3.760000000000000 0.011127858858126
3.770000000000000 0.010861209145094
3.780000000000000 0.010595004179255
3.790000000000000 0.010329246080001
3.800000000000000 0.010063936914365
3.810000000000000 0.009842675131986
3.820000000000000 0.009621785623797
3.830000000000000 0.009401270052259
3.840000000000000 0.009181130038062
3.850000000000000 0.008961367160760
3.860000000000000 0.008741982959394
3.870000000000000 0.008522978933113
3.880000000000000 0.008304356541778
3.890000000000000 0.008086117206565
3.900000000000000 0.007868262310554
3.910000000000000 0.007687153400367
3.920000000000000 0.007506362416511
3.930000000000000 0.007325890463470
3.940000000000000 0.007145738615455
3.950000000000000 0.006965907916864
3.960000000000000 0.006786399382736
3.970000000000000 0.006607213999203
3.980000000000000 0.006428352723932
3.990000000000000 0.006249816486562
4.000000000000000 0.006071606189132
4.010000000000000 0.005923981950189
4.020000000000000 0.005776626417776
4.030000000000000 0.005629540305694
4.040000000000000 0.005482724305907
4.050000000000000 0.005336179088876
4.060000000000000 0.005189905303892
4.070000000000000 0.005043903579400
4.080000000000000 0.004898174523320
4.090000000000000 0.004752718723366
4.100000000000000 0.004607536747357
4.110000000000000 0.004487787322188
4.120000000000000 0.004368262766419
4.130000000000000 0.004248963523761
4.140000000000000 0.004129890022263
4.150000000000000 0.004011042674557
4.160000000000000 0.003892421878096
4.170000000000000 0.003774028015390
4.180000000000000 0.003655861454236
4.190000000000000 0.003537922547949
4.200000000000000 0.003420211635586
4.210000000000000 0.003323584763423
4.220000000000000 0.003227144313222
4.230000000000000 0.003130890545093
4.240000000000000 0.003034823707985
4.250000000000000 0.002938944039870
4.260000000000000 0.002843251767907
4.270000000000000 0.002747747108615
4.280000000000000 0.002652430268037
4.290000000000000 0.002557301441910
4.300000000000000 0.002462360815818
4.310000000000000 0.002384859222927
4.320000000000000 0.002307510733159
4.330000000000000 0.002230315484475
4.340000000000000 0.002153273606951
4.350000000000000 0.002076385222906
4.360000000000000 0.001999650447017
4.370000000000000 0.001923069386446
4.380000000000000 0.001846642140959
4.390000000000000 0.001770368803039
4.400000000000000 0.001694249458005
4.410000000000000 0.001632509071681
4.420000000000000 0.001570893230752
4.430000000000000 0.001509401994274
4.440000000000000 0.001448035415783
4.450000000000000 0.001386793543382
4.460000000000000 0.001325676419829
4.470000000000000 0.001264684082622
4.480000000000000 0.001203816564084
4.490000000000000 0.001143073891446
4.500000000000000 0.001082456086928
4.510000000000000 0.001033652219766
4.520000000000000 0.000984948665266
4.530000000000000 0.000936345433609
4.540000000000000 0.000887842531154
4.550000000000000 0.000839439960500
4.560000000000000 0.000791137720546
4.570000000000000 0.000742935806553
4.580000000000000 0.000694834210202
4.590000000000000 0.000646832919655
4.600000000000000 0.000598931919608
4.610000000000000 0.000560692744008
4.620000000000000 0.000522533523498
4.630000000000000 0.000484454239886
4.640000000000000 0.000446454872374
4.650000000000000 0.000408535397594
4.660000000000000 0.000370695789653
4.670000000000000 0.000332936020176
4.680000000000000 0.000295256058347
4.690000000000000 0.000257655870949
4.700000000000000 0.000220135422404
4.710000000000000 0.000197910159853
4.720000000000000 0.000175732015637
4.730000000000000 0.000153600966006
4.740000000000000 0.000131516985888
4.750000000000000 0.000109480048912
4.760000000000000 0.000087490127430
4.770000000000000 0.000065547192540
4.780000000000000 0.000043651214104
4.790000000000000 0.000021802160771
4.800000000000000 0.000000000000000
4.810000000000000 0.000000000000000
4.820000000000000 0.000000000000000
4.830000000000000 0.000000000000000
4.840000000000000 0.000000000000000
4.850000000000000 0.000000000000000
4.860000000000000 0.000000000000000
4.870000000000000 0.000000000000000
4.880000000000000 0.000000000000000
4.890000000000000 0.000000000000000
4.900000000000000 -0.000000000000000
4.910000000000000 0.000000000000000
4.920000000000000 0.000000000000000
4.930000000000000 0.000000000000000
4.940000000000000 0.000000000000000
4.950000000000000 0.000000000000000
4.960000000000000 0.000000000000000
4.970000000000000 0.000000000000000
4.980000000000000 0.000000000000000
4.990000000000000 0.000000000000000
5.000000000000000 -0.000000000000000
5.010000000000000 0.000000000000000
5.020000000000000 0.000000000000000
5.030000000000000 0.000000000000000
5.040000000000000 0.000000000000000
5.050000000000000 0.000000000000000
5.060000000000000 0.000000000000000
5.070000000000000 0.000000000000000
5.080000000000000 0.000000000000000
5.090000000000000 0.000000000000000
5.100000000000000 -0.000000000000000
5.110000000000000 0.000000000000000
5.120000000000000 0.000000000000000
5.130000000000000 0.000000000000000
5.140000000000000 0.000000000000000
5.150000000000000 0.000000000000000
5.160000000000000 0.000000000000000
5.170000000000000 0.000000000000000
5.180000000000000 0.000000000000000
5.190000000000000 0.000000000000000
5.200000000000000 -0.000000000000000
5.210000000000000 0.000000000000000
5.220000000000000 0.000000000000000
5.230000000000000 0.000000000000000
5.240000000000000 0.000000000000000
5.250000000000000 0.000000000000000
5.260000000000000 0.000000000000000
5.270000000000000 0.000000000000000
5.280000000000000 0.000000000000000
5.290000000000000 0.000000000000000
5.300000000000000 0.000000000000000
5.310000000000000 0.000000000000000
5.320000000000000 0.000000000000000
5.330000000000000 0.000000000000000
5.340000000000000 0.000000000000000
5.350000000000000 0.000000000000000
5.360000000000000 0.000000000000000
5.370000000000000 0.000000000000000
5.380000000000000 0.000000000000000
5.390000000000000 0.000000000000000
5.400000000000000 -0.000000000000000
5.410000000000000 0.000000000000000
5.420000000000000 0.000000000000000
5.430000000000000 0.000000000000000
5.440000000000000 0.000000000000000
5.450000000000000 0.000000000000000
5.460000000000000 0.000000000000000
5.470000000000000 0.000000000000000
5.480000000000000 0.000000000000000
5.490000000000000 0.000000000000000
5.500000000000000 -0.000000000000000
5.510000000000000 0.000000000000000
5.520000000000000 0.000000000000000
5.530000000000000 0.000000000000000
5.540000000000000 0.000000000000000
5.550000000000000 0.000000000000000
5.560000000000000 0.000000000000000
5.570000000000000 0.000000000000000
5.580000000000000 0.000000000000000
5.590000000000000 0.000000000000000
5.600000000000000 -0.000000000000000
5.610000000000000 0.000000000000000
5.620000000000000 0.000000000000000
5.630000000000000 0.000000000000000
5.640000000000000 0.000000000000000
5.650000000000000 0.000000000000000
5.660000000000000 0.000000000000000
5.670000000000000 0.000000000000000
5.680000000000000 0.000000000000000
5.690000000000000 0.000000000000000
5.700000000000000 -0.000000000000000
5.710000000000000 0.000000000000000
5.720000000000000 0.000000000000000
5.730000000000000 0.000000000000000
5.740000000000000 0.000000000000000
5.750000000000000 0.000000000000000
5.760000000000000 0.000000000000000
5.770000000000000 0.000000000000000
5.780000000000000 0.000000000000000
5.790000000000000 0.000000000000000
5.800000000000000 0.000000000000000
5.810000000000000 0.000000000000000
5.820000000000000 0.000000000000000
5.830000000000000 0.000000000000000
5.840000000000000 0.000000000000000
5.850000000000000 0.000000000000000
5.860000000000000 0.000000000000000
5.870000000000000 0.000000000000000
5.880000000000000 0.000000000000000
5.890000000000000 0.000000000000000
5.900000000000000 -0.000000000000000
5.910000000000000 0.000000000000000
5.920000000000000 0.000000000000000
5.930000000000000 0.000000000000000
5.940000000000000 0.000000000000000
5.950000000000000 0.000000000000000
5.960000000000000 0.000000000000000
5.970000000000000 0.000000000000000
5.980000000000000 0.000000000000000
5.990000000000000 0.000000000000000
6.000000000000000 -0.000000000000000
6.010000000000000 0.000000000000000
6.020000000000000 0.000000000000000
6.030000000000000 0.000000000000000
6.040000000000000 0.000000000000000
6.050000000000000 0.000000000000000
6.060000000000000 0.000000000000000
6.070000000000000 0.000000000000000
6.080000000000000 0.000000000000000
6.090000000000000 0.000000000000000
6.100000000000000 -0.000000000000000
6.110000000000000 0.000000000000000
6.120000000000000 0.000000000000000
6.130000000000000 0.000000000000000
6.140000000000000 0.000000000000000
6.150000000000000 0.000000000000000
6.160000000000000 0.000000000000000
6.170000000000000 0.000000000000000
6.180000000000000 0.000000000000000
6.190000000000000 0.000000000000000
6.200000000000000 -0.000000000000000
6.210000000000000 0.000000000000000
6.220000000000000 0.000000000000000
6.230000000000000 0.000000000000000
6.240000000000000 0.000000000000000
6.250000000000000 0.000000000000000
6.260000000000000 0.000000000000000
6.270000000000000 0.000000000000000
6.280000000000000 0.000000000000000
6.290000000000000 0.000000000000000
6.300000000000000 0.000000000000000
6.310000000000000 0.000000000000000
6.320000000000000 0.000000000000000
6.330000000000000 0.000000000000000
6.340000000000000 0.000000000000000
6.350000000000000 0.000000000000000
6.360000000000000 0.000000000000000
6.370000000000000 0.000000000000000
6.380000000000000 0.000000000000000
6.390000000000000 0.000000000000000
6.400000000000000 -0.000000000000000
6.410000000000000 0.000000000000000
6.420000000000000 0.000000000000000
6.430000000000000 0.000000000000000
6.440000000000000 0.000000000000000
6.450000000000000 0.000000000000000
6.460000000000000 0.000000000000000
6.470000000000000 0.000000000000000
6.480000000000000 0.000000000000000
6.490000000000000 0.000000000000000
6.500000000000000 -0.000000000000000
6.510000000000000 0.000000000000000
6.520000000000000 0.000000000000000
6.530000000000000 0.000000000000000
6.540000000000000 0.000000000000000
6.550000000000000 0.000000000000000
6.560000000000000 0.000000000000000
6.570000000000000 0.000000000000000
6.580000000000000 0.000000000000000
6.590000000000000 0.000000000000000
6.600000000000000 -0.000000000000000
6.610000000000000 0.000000000000000
6.620000000000000 0.000000000000000
6.630000000000000 0.000000000000000
6.640000000000000 0.000000000000000
6.650000000000000 0.000000000000000
6.660000000000000 0.000000000000000
6.670000000000000 0.000000000000000
6.680000000000000 0.000000000000000
6.690000000000000 0.000000000000000
6.700000000000000 -0.000000000000000
6.710000000000000 0.000000000000000
6.720000000000000 0.000000000000000
6.730000000000000 0.000000000000000
6.740000000000000 0.000000000000000
6.750000000000000 0.000000000000000
6.760000000000000 0.000000000000000
6.770000000000000 0.000000000000000
6.780000000000000 0.000000000000000
6.790000000000000 0.000000000000000
6.800000000000000 0.000000000000000
6.810000000000000 0.000000000000000
6.820000000000000 0.000000000000000
6.830000000000000 0.000000000000000
6.840000000000000 0.000000000000000
6.850000000000000 0.000000000000000
6.860000000000000 0.000000000000000
6.870000000000000 0.000000000000000
6.880000000000000 0.000000000000000
6.890000000000000 0.000000000000000
6.900000000000000 -0.000000000000000
6.910000000000000 0.000000000000000
6.920000000000000 0.000000000000000
6.930000000000000 0.000000000000000
6.940000000000000 0.000000000000000
6.950000000000000 0.000000000000000
6.960000000000000 0.000000000000000
6.970000000000000 0.000000000000000
6.980000000000000 0.000000000000000
6.990000000000000 0.000000000000000
7.000000000000000 -0.000000000000000
7.010000000000000 0.000000000000000
7.020000000000000 0.000000000000000
7.030000000000000 0.000000000000000
7.040000000000000 0.000000000000000
7.050000000000000 0.000000000000000
7.060000000000000 0.000000000000000
7.070000000000000 0.000000000000000
7.080000000000000 0.000000000000000
7.090000000000000 0.000000000000000
7.100000000000000 -0.000000000000000
7.110000000000000 0.000000000000000
7.120000000000000 0.000000000000000
7.130000000000000 0.000000000000000
7.140000000000000 0.000000000000000
7.150000000000000 0.000000000000000
7.160000000000000 0.000000000000000
7.170000000000000 0.000000000000000
7.180000000000000 0.000000000000000
7.190000000000000 0.000000000000000
7.200000000000000 -0.000000000000000
7.210000000000000 0.000000000000000
7.220000000000000 0.000000000000000
7.230000000000000 0.000000000000000
7.240000000000000 0.000000000000000
7.250000000000000 0.000000000000000
7.260000000000000 0.000000000000000
7.270000000000000 0.000000000000000
7.280000000000000 0.000000000000000
7.290000000000000 0.000000000000000
7.300000000000000 0.000000000000000
7.310000000000000 0.000000000000000
7.320000000000000 0.000000000000000
7.330000000000000 0.000000000000000
7.340000000000000 0.000000000000000
7.350000000000000 0.000000000000000
7.360000000000000 0.000000000000000
7.370000000000000 0.000000000000000
7.380000000000000 0.000000000000000
7.390000000000000 0.000000000000000
7.400000000000000 -0.000000000000000
7.410000000000000 0.000000000000000
7.420000000000000 0.000000000000000
7.430000000000000 0.000000000000000
7.440000000000000 0.000000000000000
7.450000000000000 0.000000000000000
7.460000000000000 0.000000000000000
7.470000000000000 0.000000000000000
7.480000000000000 0.000000000000000
7.490000000000000 0.000000000000000
7.500000000000000 -0.000000000000000
7.510000000000000 0.000000000000000
7.520000000000000 0.000000000000000
7.530000000000000 0.000000000000000
7.540000000000000 0.000000000000000
7.550000000000000 0.000000000000000
7.560000000000000 0.000000000000000
7.570000000000000 0.000000000000000
7.580000000000000 0.000000000000000
7.590000000000000 0.000000000000000
7.600000000000000 -0.000000000000000
7.610000000000000 0.000000000000000
7.620000000000000 0.000000000000000
7.630000000000000 0.000000000000000
7.640000000000000 0.000000000000000
7.650000000000000 0.000000000000000
7.660000000000000 0.000000000000000
7.670000000000000 0.000000000000000
7.680000000000000 0.000000000000000
7.690000000000000 0.000000000000000
7.700000000000000 -0.000000000000000
7.710000000000000 0.000000000000000
7.720000000000000 0.000000000000000
7.730000000000000 0.000000000000000
7.740000000000000 0.000000000000000
7.750000000000000 0.000000000000000
7.760000000000000 0.000000000000000
7.770000000000000 0.000000000000000
7.780000000000000 0.000000000000000
7.790000000000000 0.000000000000000
7.800000000000000 0.000000000000000
7.810000000000000 0.000000000000000
7.820000000000000 0.000000000000000
7.830000000000000 0.000000000000000
7.840000000000000 0.000000000000000
7.850000000000000 0.000000000000000
7.860000000000000 0.000000000000000
7.870000000000000 0.000000000000000
7.880000000000000 0.000000000000000
7.890000000000000 0.000000000000000
7.900000000000000 -0.000000000000000
7.910000000000000 0.000000000000000
7.920000000000000 0.000000000000000
7.930000000000000 0.000000000000000
7.940000000000000 0.000000000000000
7.950000000000000 0.000000000000000
7.960000000000000 0.000000000000000
7.970000000000000 0.000000000000000
7.980000000000000 0.000000000000000
7.990000000000000 0.000000000000000
8.000000000000000 -0.000000000000000
8.010000000000000 0.000000000000000
8.020000000000000 0.000000000000000
8.029999999999999 0.000000000000000
8.039999999999999 0.000000000000000
8.050000000000001 0.000000000000000
8.060000000000000 0.000000000000000
8.070000000000000 0.000000000000000
8.080000000000000 0.000000000000000
8.090000000000000 0.000000000000000
8.100000000000000 -0.000000000000000
8.109999999999999 0.000000000000000
8.119999999999999 0.000000000000000
8.130000000000001 0.000000000000000
8.140000000000001 0.000000000000000
8.150000000000000 0.000000000000000
8.160000000000000 0.000000000000000
8.170000000000000 0.000000000000000
8.180000000000000 0.000000000000000
8.190000000000000 0.000000000000000
8.199999999999999 0.000000000000000
8.210000000000001 0.000000000000000
8.220000000000001 0.000000000000000
8.230000000000000 0.000000000000000
8.240000000000000 0.000000000000000
8.250000000000000 0.000000000000000
8.260000000000000 0.000000000000000
8.270000000000000 0.000000000000000
8.279999999999999 0.000000000000000
8.289999999999999 0.000000000000000
8.300000000000001 -0.000000000000000
8.310000000000000 0.000000000000000
8.320000000000000 0.000000000000000
8.330000000000000 0.000000000000000
8.340000000000000 0.000000000000000
8.350000000000000 0.000000000000000
8.359999999999999 0.000000000000000
8.369999999999999 0.000000000000000
8.380000000000001 0.000000000000000
8.390000000000001 0.000000000000000
8.400000000000000 -0.000000000000000
8.410000000000000 0.000000000000000
8.420000000000000 0.000000000000000
8.430000000000000 0.000000000000000
8.440000000000000 0.000000000000000
8.449999999999999 0.000000000000000
8.460000000000001 0.000000000000000
8.470000000000001 0.000000000000000
8.480000000000000 0.000000000000000
8.490000000000000 0.000000000000000
8.500000000000000 -0.000000000000000
8.510000000000000 0.000000000000000
8.520000000000000 0.000000000000000
8.529999999999999 0.000000000000000
8.539999999999999 0.000000000000000
8.550000000000001 0.000000000000000
8.560000000000000 0.000000000000000
8.570000000000000 0.000000000000000
8.580000000000000 0.000000000000000
8.590000000000000 0.000000000000000
8.600000000000000 -0.000000000000000
8.609999999999999 0.000000000000000
8.619999999999999 0.000000000000000
8.630000000000001 0.000000000000000
8.640000000000001 0.000000000000000
8.650000000000000 0.000000000000000
8.660000000000000 0.000000000000000
8.670000000000000 0.000000000000000
8.680000000000000 0.000000000000000
8.690000000000000 0.000000000000000
8.699999999999999 -0.000000000000000
8.710000000000001 0.000000000000000
8.720000000000001 0.000000000000000
8.730000000000000 0.000000000000000
8.740000000000000 0.000000000000000
8.750000000000000 0.000000000000000
8.760000000000000 0.000000000000000
8.770000000000000 0.000000000000000
8.779999999999999 0.000000000000000
8.789999999999999 0.000000000000000
8.800000000000001 -0.000000000000000
8.810000000000000 0.000000000000000
8.820000000000000 0.000000000000000
8.830000000000000 0.000000000000000
8.840000000000000 0.000000000000000
8.850000000000000 0.000000000000000
8.859999999999999 0.000000000000000
8.869999999999999 0.000000000000000
8.880000000000001 0.000000000000000
8.890000000000001 0.000000000000000
8.900000000000000 -0.000000000000000
8.910000000000000 0.000000000000000
8.920000000000000 0.000000000000000
8.930000000000000 0.000000000000000
8.940000000000000 0.000000000000000
8.949999999999999 0.000000000000000
8.960000000000001 0.000000000000000
8.970000000000001 0.000000000000000
8.980000000000000 0.000000000000000
8.990000000000000 0.000000000000000
9.000000000000000 -0.000000000000000
9.010000000000000 0.000000000000000
9.020000000000000 0.000000000000000
9.029999999999999 0.000000000000000
9.039999999999999 0.000000000000000
9.050000000000001 0.000000000000000
9.060000000000000 0.000000000000000
9.070000000000000 0.000000000000000
9.080000000000000 0.000000000000000
9.090000000000000 0.000000000000000
9.100000000000000 -0.000000000000000
9.109999999999999 0.000000000000000
9.119999999999999 0.000000000000000
9.130000000000001 0.000000000000000
9.140000000000001 0.000000000000000
9.150000000000000 0.000000000000000
9.160000000000000 0.000000000000000
9.170000000000000 0.000000000000000
9.180000000000000 0.000000000000000
9.190000000000000 0.000000000000000
9.199999999999999 -0.000000000000000
9.210000000000001 0.000000000000000
9.220000000000001 0.000000000000000
9.230000000000000 0.000000000000000
9.240000000000000 0.000000000000000
9.250000000000000 0.000000000000000
9.260000000000000 0.000000000000000
9.270000000000000 0.000000000000000
9.279999999999999 0.000000000000000
9.289999999999999 0.000000000000000
9.300000000000001 -0.000000000000000
9.310000000000000 0.000000000000000
9.320000000000000 0.000000000000000
9.330000000000000 0.000000000000000
9.340000000000000 0.000000000000000
9.350000000000000 0.000000000000000
9.359999999999999 0.000000000000000
9.369999999999999 0.000000000000000
9.380000000000001 0.000000000000000
9.390000000000001 0.000000000000000
9.400000000000000 -0.000000000000000
9.410000000000000 0.000000000000000
9.420000000000000 0.000000000000000
9.430000000000000 0.000000000000000
9.440000000000000 0.000000000000000
9.449999999999999 0.000000000000000
9.460000000000001 0.000000000000000
9.470000000000001 0.000000000000000
9.480000000000000 0.000000000000000
9.490000000000000 0.000000000000000
9.500000000000000 -0.000000000000000
9.510000000000000 0.000000000000000
9.520000000000000 0.000000000000000
9.529999999999999 0.000000000000000
9.539999999999999 0.000000000000000
9.550000000000001 0.000000000000000
9.560000000000000 0.000000000000000
9.570000000000000 0.000000000000000
9.580000000000000 0.000000000000000
9.590000000000000 0.000000000000000
9.600000000000000 0.000000000000000
9.609999999999999 0.000000000000000
9.619999999999999 0.000000000000000
9.630000000000001 0.000000000000000
9.640000000000001 0.000000000000000
9.650000000000000 0.000000000000000
9.660000000000000 0.000000000000000
9.670000000000000 0.000000000000000
9.680000000000000 0.000000000000000
9.690000000000000 0.000000000000000
9.699999999999999 -0.000000000000000
9.710000000000001 0.000000000000000
9.720000000000001 0.000000000000000
9.730000000000000 0.000000000000000
9.740000000000000 0.000000000000000
9.750000000000000 0.000000000000000
9.760000000000000 0.000000000000000
9.770000000000000 0.000000000000000
9.779999999999999 0.000000000000000
9.789999999999999 0.000000000000000
9.800000000000001 -0.000000000000000
9.810000000000000 0.000000000000000
9.820000000000000 0.000000000000000
9.830000000000000 0.000000000000000
9.840000000000000 0.000000000000000
9.850000000000000 0.000000000000000
9.859999999999999 0.000000000000000
9.869999999999999 0.000000000000000
9.880000000000001 0.000000000000000
9.890000000000001 0.000000000000000
9.900000000000000 -0.000000000000000
9.910000000000000 0.000000000000000
9.920000000000000 0.000000000000000
9.930000000000000 0.000000000000000
9.940000000000000 0.000000000000000
9.949999999999999 0.000000000000000
9.960000000000001 0.000000000000000
9.970000000000001 0.000000000000000
9.980000000000000 0.000000000000000
9.990000000000000 0.000000000000000
10.000000000000000 -0.000000000000000
