0.000000000000000 0.000000000000000
0.010000000000000 0.000098335071122
0.020000000000000 0.000397826841696
0.030000000000000 0.000904910252616
0.040000000000000 0.001625630401878
0.050000000000000 0.002565647115016
0.060000000000000 0.003730239955922
0.070000000000000 0.005124313655695
0.080000000000000 0.006752403936546
0.090000000000000 0.008618683707328
0.100000000000000 0.010726969606859
0.110000000000000 0.013031000003372
0.120000000000000 0.015565781694844
0.130000000000000 0.018332186529313
0.140000000000000 0.021330844451228
0.150000000000000 0.024562150504969
0.160000000000000 0.028026271954196
0.170000000000000 0.031723155498310
0.180000000000000 0.035652534567759
0.190000000000000 0.039813936680430
0.200000000000000 0.044206690841878
0.210000000000000 0.048702450584056
0.220000000000000 0.053405457150659
0.230000000000000 0.058313478691079
0.240000000000000 0.063424172881750
0.250000000000000 0.068735093162776
0.260000000000000 0.074243694893323
0.270000000000000 0.079947341416785
0.280000000000000 0.085843310027426
0.290000000000000 0.091928797830823
0.300000000000000 0.098200927491082
0.310000000000000 0.104458223800314
0.320000000000000 0.110874396606404
0.330000000000000 0.117445901561994
0.340000000000000 0.124169179714704
0.350000000000000 0.131040661558000
0.360000000000000 0.138056770933935
0.370000000000000 0.145213928787015
0.380000000000000 0.152508556768870
0.390000000000000 0.159937080693816
0.400000000000000 0.167495933845756
0.410000000000000 0.174929049537598
0.420000000000000 0.182465926104781
0.430000000000000 0.190102860783215
0.440000000000000 0.197836193945042
0.450000000000000 0.205662310849347
0.460000000000000 0.213577643261046
0.470000000000000 0.221578670941423
0.480000000000000 0.229661923013901
0.490000000000000 0.237823979208721
0.500000000000000 0.246061470990296
0.510000000000000 0.254083420662102
0.520000000000000 0.262157752934181
0.530000000000000 0.270281244228521
0.540000000000000 0.278450740461141
0.550000000000000 0.286663157036001
0.560000000000000 0.294915478756556
0.570000000000000 0.303204759659245
0.580000000000000 0.311528122773143
0.590000000000000 0.319882759809895
0.600000000000000 0.328265930788012
0.610000000000000 0.336367688579131
0.620000000000000 0.344479173263830
0.630000000000000 0.352597910139446
0.640000000000000 0.360721498929613
0.650000000000000 0.368847612721833
0.660000000000000 0.376973996872658
0.670000000000000 0.385098467883797
0.680000000000000 0.393218912252385
0.690000000000000 0.401333285298493
0.700000000000000 0.409439609972795
0.710000000000000 0.417217508807385
0.720000000000000 0.424972574242783
0.730000000000000 0.432703122076562
0.740000000000000 0.440407535257619
0.750000000000000 0.448084262357349
0.760000000000000 0.455731816044873
0.770000000000000 0.463348771568236
0.780000000000000 0.470933765243392
0.790000000000000 0.478485492952649
0.800000000000000 0.486002708654142
0.810000000000000 0.493164566563510
0.820000000000000 0.500280744397671
0.830000000000000 0.507350267711742
0.840000000000000 0.514372216444298
0.850000000000000 0.521345723324597
0.860000000000000 0.528269972304652
0.870000000000000 0.535144197016841
0.880000000000000 0.541967679257701
0.890000000000000 0.548739747498417
0.900000000000000 0.555459775422488
0.910000000000000 0.561807061190491
0.920000000000000 0.568094028656272
0.930000000000000 0.574320282735480
0.940000000000000 0.580485468787309
0.950000000000000 0.586589271181250
0.960000000000000 0.592631411897144
0.970000000000000 0.598611649158445
0.980000000000000 0.604529776098527
0.990000000000000 0.610385619459833
1.000000000000000 0.616179038325649
1.010000000000000 0.621593826356283
1.020000000000000 0.626940247423336
1.030000000000000 0.632218346144806
1.040000000000000 0.637428194769191
1.050000000000000 0.642569891998305
1.060000000000000 0.647643561843915
1.070000000000000 0.652649352517671
1.080000000000000 0.657587435353745
1.090000000000000 0.662458003763630
1.100000000000000 0.667261272222520
1.110000000000000 0.671680718225078
1.120000000000000 0.676028633662758
1.130000000000000 0.680305377578876
1.140000000000000 0.684511325956863
1.150000000000000 0.688646870815661
1.160000000000000 0.692712419335289
1.170000000000000 0.696708393011868
1.180000000000000 0.700635226841407
1.190000000000000 0.704493368531656
1.200000000000000 0.708283277741318
1.210000000000000 0.711694337682518
1.220000000000000 0.715034311589243
1.230000000000000 0.718303767201705
1.240000000000000 0.721503280851062
1.250000000000000 0.724633436803710
1.260000000000000 0.727694826630420
1.270000000000000 0.730688048599561
1.280000000000000 0.733613707093774
1.290000000000000 0.736472412049373
1.300000000000000 0.739264778417824
1.310000000000000 0.741670781435433
1.320000000000000 0.744008463163981
1.330000000000000 0.746278520467281
1.340000000000000 0.748481652587346
1.350000000000000 0.750618560695962
1.360000000000000 0.752689947465598
1.370000000000000 0.754696516659029
1.380000000000000 0.756638972737060
1.390000000000000 0.758518020483767
1.400000000000000 0.760334364648661
1.410000000000000 0.761785300103186
1.420000000000000 0.763172431668748
1.430000000000000 0.764496520269491
1.440000000000000 0.765758324844892
1.450000000000000 0.766958602065085
1.460000000000000 0.768098106060550
1.470000000000000 0.769177588165648
1.480000000000000 0.770197796675515
1.490000000000000 0.771159476615818
1.500000000000000 0.772063369524927
1.510000000000000 0.772604435023750
1.520000000000000 0.773087113174068
1.530000000000000 0.773512185422616
1.540000000000000 0.773880428305789
1.550000000000000 0.774192613288128
1.560000000000000 0.774449506611048
1.570000000000000 0.774651869151419
1.580000000000000 0.774800456289611
1.590000000000000 0.774896017786618
1.600000000000000 0.774939297669924
1.610000000000000 0.774623660877411
1.620000000000000 0.774255513874743
1.630000000000000 0.773835628305308
1.640000000000000 0.773364769069494
1.650000000000000 0.772843694252488
1.660000000000000 0.772273155059096
1.670000000000000 0.771653895755266
1.680000000000000 0.770986653616045
1.690000000000000 0.770272158879677
1.700000000000000 0.769511134707578
1.710000000000000 0.768401993925848
1.720000000000000 0.767246396081985
1.730000000000000 0.766045082024012
1.740000000000000 0.764798784840438
1.750000000000000 0.763508229850473
1.760000000000000 0.762174134598814
1.770000000000000 0.760797208854772
1.780000000000000 0.759378154615531
1.790000000000000 0.757917666113341
1.800000000000000 0.756416429826439
1.810000000000000 0.754601346517025
1.820000000000000 0.752745884854854
1.830000000000000 0.750850739138072
1.840000000000000 0.748916595512060
1.850000000000000 0.746944132001070
1.860000000000000 0.744934018542626
1.870000000000000 0.742886917024526
1.880000000000000 0.740803481324294
1.890000000000000 0.738684357350949
1.900000000000000 0.736530183088953
1.910000000000000 0.734090833945281
1.920000000000000 0.731616980074427
1.930000000000000 0.729109260791251
1.940000000000000 0.726568307286825
1.950000000000000 0.723994742685855
1.960000000000000 0.721389182105571
1.970000000000000 0.718752232715992
1.980000000000000 0.716084493801450
1.990000000000000 0.713386556823292
2.000000000000000 0.710659005483658
2.010000000000000 0.707679895683712
2.020000000000000 0.704671833933048
2.030000000000000 0.701635400313395
2.040000000000000 0.698571167097232
2.050000000000000 0.695479698819587
2.060000000000000 0.692361552350425
2.070000000000000 0.689217276967554
2.080000000000000 0.686047414429994
2.090000000000000 0.682852499051732
2.100000000000000 0.679633057775814
2.110000000000000 0.676201954539726
2.120000000000000 0.672747056403414
2.130000000000000 0.669268882854696
2.140000000000000 0.665767946072035
2.150000000000000 0.662244751002593
2.160000000000000 0.658699795440297
2.170000000000000 0.655133570103863
2.180000000000000 0.651546558714751
2.190000000000000 0.647939238075001
2.200000000000000 0.644312078144912
2.210000000000000 0.640523813814611
2.220000000000000 0.636716471244778
2.230000000000000 0.632890509722172
2.240000000000000 0.629046381840739
2.250000000000000 0.625184533580239
2.260000000000000 0.621305404384507
2.270000000000000 0.617409427239338
2.280000000000000 0.613497028749972
2.290000000000000 0.609568629218144
2.300000000000000 0.605624642718697
2.310000000000000 0.601567552107508
2.320000000000000 0.597495615831234
2.330000000000000 0.593409235411747
2.340000000000000 0.589308806347474
2.350000000000000 0.585194718188886
2.360000000000000 0.581067354613435
2.370000000000000 0.576927093499907
2.380000000000000 0.572774307002202
2.390000000000000 0.568609361622504
2.400000000000000 0.564432618283853
2.410000000000000 0.560229474857776
2.420000000000000 0.556015233872686
2.430000000000000 0.551790240701051
2.440000000000000 0.547554835406907
2.450000000000000 0.543309352815469
2.460000000000000 0.539054122582078
2.470000000000000 0.534789469260502
2.480000000000000 0.530515712370567
2.490000000000000 0.526233166465127
2.500000000000000 0.521942141196360
2.510000000000000 0.517672705515135
2.520000000000000 0.513395395803325
2.530000000000000 0.509110506084533
2.540000000000000 0.504818325763708
2.550000000000000 0.500519139689729
2.560000000000000 0.496213228217310
2.570000000000000 0.491900867268232
2.580000000000000 0.487582328391912
2.590000000000000 0.483257878825289
2.600000000000000 0.478927781552050
2.610000000000000 0.474677089548595
2.620000000000000 0.470421241040141
2.630000000000000 0.466160483320941
2.640000000000000 0.461895059721797
2.650000000000000 0.457625209665068
2.660000000000000 0.453351168719034
2.670000000000000 0.449073168651619
2.680000000000000 0.444791437483471
2.690000000000000 0.440506199540410
2.700000000000000 0.436217675505237
2.710000000000000 0.432064866586978
2.720000000000000 0.427909132040516
2.730000000000000 0.423750677242970
2.740000000000000 0.419589704216038
2.750000000000000 0.415426411673403
2.760000000000000 0.411260995067543
2.770000000000000 0.407093646635959
2.780000000000000 0.402924555446826
2.790000000000000 0.398753907444061
2.800000000000000 0.394581885491817
2.810000000000000 0.390589167864967
2.820000000000000 0.386595303156798
2.830000000000000 0.382600459949311
2.840000000000000 0.378604804017111
2.850000000000000 0.374608498367595
2.860000000000000 0.370611703280615
2.870000000000000 0.366614576347637
2.880000000000000 0.362617272510376
2.890000000000000 0.358619944098931
2.900000000000000 0.354622740869410
2.910000000000000 0.350841611936645
2.920000000000000 0.347060704481848
2.930000000000000 0.343280155245291
2.940000000000000 0.339500098645045
2.950000000000000 0.335720666810553
2.960000000000000 0.331941989615757
2.970000000000000 0.328164194711776
2.980000000000000 0.324387407559150
2.990000000000000 0.320611751459641
3.000000000000000 0.316837347587613
3.010000000000000 0.313305664174969
3.020000000000000 0.309775210478776
3.030000000000000 0.306246096124641
3.040000000000000 0.302718428837587
3.050000000000000 0.299192314469729
3.060000000000000 0.295667857027579
3.070000000000000 0.292145158698975
3.080000000000000 0.288624319879641
3.090000000000000 0.285105439199379
3.100000000000000 0.281588613547909
3.110000000000000 0.278332257257590
3.120000000000000 0.275077830369234
3.130000000000000 0.271825419750470
3.140000000000000 0.268575110729021
3.150000000000000 0.265326987115253
3.160000000000000 0.262081131224417
3.170000000000000 0.258837623898576
3.180000000000000 0.255596544528231
3.190000000000000 0.252357971073647
3.200000000000000 0.249121980085875
3.210000000000000 0.246151804673987
3.220000000000000 0.243184006846931
3.230000000000000 0.240218654703291
3.240000000000000 0.237255815104544
3.250000000000000 0.234295553693249
3.260000000000000 0.231337934910983
3.270000000000000 0.228383022016031
3.280000000000000 0.225430877100823
3.290000000000000 0.222481561109127
3.300000000000000 0.219535133852997
3.310000000000000 0.216850193785697
3.320000000000000 0.214167881963392
3.330000000000000 0.211488251238795
3.340000000000000 0.208811353477769
3.350000000000000 0.206137239573886
3.360000000000000 0.203465959462781
3.370000000000000 0.200797562136307
3.380000000000000 0.198132095656485
3.390000000000000 0.195469607169256
3.400000000000000 0.192810142918048
3.410000000000000 0.190403630340766
3.420000000000000 0.187999842814896
3.430000000000000 0.185598820936928
3.440000000000000 0.183200604521456
3.450000000000000 0.180805232612740
3.460000000000000 0.178412743496116
3.470000000000000 0.176023174709232
3.480000000000000 0.173636563053134
3.490000000000000 0.171252944603186
3.500000000000000 0.168872354719843
3.510000000000000 0.166730864158595
3.520000000000000 0.164592082625837
3.530000000000000 0.162456040987207
3.540000000000000 0.160322769492378
3.550000000000000 0.158192297784196
3.560000000000000 0.156064654907679
3.570000000000000 0.153939869318897
3.580000000000000 0.151817968893717
3.590000000000000 0.149698980936431
3.600000000000000 0.147582932188257
3.610000000000000 0.145688633337564
3.620000000000000 0.143796948829409
3.630000000000000 0.141907901890429
3.640000000000000 0.140021515264327
3.650000000000000 0.138137811219053
3.660000000000000 0.136256811553876
3.670000000000000 0.134378537606364
3.680000000000000 0.132503010259249
3.690000000000000 0.130630249947213
3.700000000000000 0.128760276663563
3.710000000000000 0.127093096106083
3.720000000000000 0.125428383328291
3.730000000000000 0.123766155618929
3.740000000000000 0.122106429889646
3.750000000000000 0.120449222680616
3.760000000000000 0.118794550166073
3.770000000000000 0.117142428159771
3.780000000000000 0.115492872120365
3.790000000000000 0.113845897156713
3.800000000000000 0.112201518033105
3.810000000000000 0.110742743007727
3.820000000000000 0.109286253857198
3.830000000000000 0.107832063284020
3.840000000000000 0.106380183697656
3.850000000000000 0.104930627218902
3.860000000000000 0.103483405684199
3.870000000000000 0.102038530649890
3.880000000000000 0.100596013396411
3.890000000000000 0.099155864932420
3.900000000000000 0.097718095998873
3.910000000000000 0.096443842256406
3.920000000000000 0.095171682234955
3.930000000000000 0.093901625152800
3.940000000000000 0.092633680000798
3.950000000000000 0.091367855545786
3.960000000000000 0.090104160333940
3.970000000000000 0.088842602694086
3.980000000000000 0.087583190740965
3.990000000000000 0.086325932378444
4.000000000000000 0.085070835302695
4.010000000000000 0.083959718710004
4.020000000000000 0.082850501883263
4.030000000000000 0.081743191408150
4.040000000000000 0.080637793694101
4.050000000000000 0.079534314976968
4.060000000000000 0.078432761321622
4.070000000000000 0.077333138624536
4.080000000000000 0.076235452616314
4.090000000000000 0.075139708864202
4.100000000000000 0.074045912774551
4.110000000000000 0.073078896779987
4.120000000000000 0.072113590545501
4.130000000000000 0.071149998680499
4.140000000000000 0.070188125658048
4.150000000000000 0.069227975816942
4.160000000000000 0.068269553363730
4.170000000000000 0.067312862374711
4.180000000000000 0.066357906797915
4.190000000000000 0.065404690455039
4.200000000000000 0.064453217043371
4.210000000000000 0.063614108241282
4.220000000000000 0.062776525528335
4.230000000000000 0.061940472040926
4.240000000000000 0.061105950810275
4.250000000000000 0.060272964764028
4.260000000000000 0.059441516727822
4.270000000000000 0.058611609426847
4.280000000000000 0.057783245487365
4.290000000000000 0.056956427438227
4.300000000000000 0.056131157712355
4.310000000000000 0.055403888359694
4.320000000000000 0.054677973776142
4.330000000000000 0.053953416014185
4.340000000000000 0.053230217045279
4.350000000000000 0.052508378761092
4.360000000000000 0.051787902974722
4.370000000000000 0.051068791421898
4.380000000000000 0.050351045762171
4.390000000000000 0.049634667580078
4.400000000000000 0.048919658386298
4.410000000000000 0.048288729552125
4.420000000000000 0.047659000419698
4.430000000000000 0.047030472253207
4.440000000000000 0.046403146254399
4.450000000000000 0.045777023563539
4.460000000000000 0.045152105260353
4.470000000000000 0.044528392364968
4.480000000000000 0.043905885838830
4.490000000000000 0.043284586585611
4.500000000000000 0.042664495452107
4.510000000000000 0.042117918857081
4.520000000000000 0.041572399830243
4.530000000000000 0.041027939068529
4.540000000000000 0.040484537220844
4.550000000000000 0.039942194888808
4.560000000000000 0.039400912627491
4.570000000000000 0.038860690946138
4.580000000000000 0.038321530308883
4.590000000000000 0.037783431135454
4.600000000000000 0.037246393801867
4.610000000000000 0.036772453650917
4.620000000000000 0.036299444292519
4.630000000000000 0.035827366022111
4.640000000000000 0.035356219098190
4.650000000000000 0.034886003742890
4.660000000000000 0.034416720142556
4.670000000000000 0.033948368448306
4.680000000000000 0.033480948776586
4.690000000000000 0.033014461209720
4.700000000000000 0.032548905796446
4.710000000000000 0.032137716059990
4.720000000000000 0.031727344193940
4.730000000000000 0.031317790215031
4.740000000000000 0.030909054111602
4.750000000000000 0.030501135844053
4.760000000000000 0.030094035345286
4.770000000000000 0.029687752521144
4.780000000000000 0.029282287250843
4.790000000000000 0.028877639387398
4.800000000000000 0.028473808758045
4.810000000000000 0.028117017845330
4.820000000000000 0.027760944260317
4.830000000000000 0.027405587831847
4.840000000000000 0.027050948366966
4.850000000000000 0.026697025651281
4.860000000000000 0.026343819449298
4.870000000000000 0.025991329504770
4.880000000000000 0.025639555541032
4.890000000000000 0.025288497261330
4.900000000000000 0.024938154349152
4.910000000000000 0.024628234366096
4.920000000000000 0.024318943155971
4.930000000000000 0.024010280425771
4.940000000000000 0.023702245865776
4.950000000000000 0.023394839149824
4.960000000000000 0.023088059935584
4.970000000000000 0.022781907864819
4.980000000000000 0.022476382563650
4.990000000000000 0.022171483642817
5.000000000000000 0.021867210697931
5.010000000000000 0.021597817722442
5.020000000000000 0.021328975459970
5.030000000000000 0.021060683543676
5.040000000000000 0.020792941593922
5.050000000000000 0.020525749218489
5.060000000000000 0.020259106012780
5.070000000000000 0.019993011560031
5.080000000000000 0.019727465431518
5.090000000000000 0.019462467186758
5.100000000000000 0.019198016373705
5.110000000000000 0.018963752660098
5.120000000000000 0.018729970849654
5.130000000000000 0.018496670536301
5.140000000000000 0.018263851304185
5.150000000000000 0.018031512727845
5.160000000000000 0.017799654372370
5.170000000000000 0.017568275793563
5.180000000000000 0.017337376538105
5.190000000000000 0.017106956143709
5.200000000000000 0.016877014139277
5.210000000000000 0.016673079329476
5.220000000000000 0.016469566179192
5.230000000000000 0.016266474267185
5.240000000000000 0.016063803164763
5.250000000000000 0.015861552435908
5.260000000000000 0.015659721637405
5.270000000000000 0.015458310318974
5.280000000000000 0.015257318023388
5.290000000000000 0.015056744286604
5.300000000000000 0.014856588637878
5.310000000000000 0.014678700356454
5.320000000000000 0.014501181400717
5.330000000000000 0.014324031350332
5.340000000000000 0.014147249779291
5.350000000000000 0.013970836256017
5.360000000000000 0.013794790343465
5.370000000000000 0.013619111599224
5.380000000000000 0.013443799575610
5.390000000000000 0.013268853819768
5.400000000000000 0.013094273873765
5.410000000000000 0.012939014740979
5.420000000000000 0.012784078979921
5.430000000000000 0.012629466182589
5.440000000000000 0.012475175936682
5.450000000000000 0.012321207825683
5.460000000000000 0.012167561428938
5.470000000000000 0.012014236321735
5.480000000000000 0.011861232075379
5.490000000000000 0.011708548257269
5.500000000000000 0.011556184430976
5.510000000000000 0.011420319492599
5.520000000000000 0.011284738222548
5.530000000000000 0.011149440231555
5.540000000000000 0.011014425127104
5.550000000000000 0.010879692513501
5.560000000000000 0.010745241991932
5.570000000000000 0.010611073160527
5.580000000000000 0.010477185614420
5.590000000000000 0.010343578945809
5.600000000000000 0.010210252744014
5.610000000000000 0.010091472527449
5.620000000000000 0.009972940707021
5.630000000000000 0.009854656917490
5.640000000000000 0.009736620791184
5.650000000000000 0.009618831958051
5.660000000000000 0.009501290045706
5.670000000000000 0.009383994679482
5.680000000000000 0.009266945482475
5.690000000000000 0.009150142075594
5.700000000000000 0.009033584077604
5.710000000000000 0.008929528000149
5.720000000000000 0.008825689741133
5.730000000000000 0.008722068961141
5.740000000000000 0.008618665318950
5.750000000000000 0.008515478471566
5.760000000000000 0.008412508074265
5.770000000000000 0.008309753780632
5.780000000000000 0.008207215242595
5.790000000000000 0.008104892110463
5.800000000000000 0.008002784032966
5.810000000000000 0.007911531450590
5.820000000000000 0.007820469957904
5.830000000000000 0.007729599242140
5.840000000000000 0.007638918989195
5.850000000000000 0.007548428883670
5.860000000000000 0.007458128608891
5.870000000000000 0.007368017846945
5.880000000000000 0.007278096278705
5.890000000000000 0.007188363583865
5.900000000000000 0.007098819440964
5.910000000000000 0.007018610504202
5.920000000000000 0.006938569512036
5.930000000000000 0.006858696177746
5.940000000000000 0.006778990213646
5.950000000000000 0.006699451331101
5.960000000000000 0.006620079240558
5.970000000000000 0.006540873651565
5.980000000000000 0.006461834272796
5.990000000000000 0.006382960812074
6.000000000000000 0.006304252976393
6.010000000000000 0.006233633483298
6.020000000000000 0.006163161770529
6.030000000000000 0.006092837576460
6.040000000000000 0.006022660638771
6.050000000000000 0.005952630694468
6.060000000000000 0.005882747479901
6.070000000000000 0.005813010730787
6.080000000000000 0.005743420182221
6.090000000000000 0.005673975568700
6.100000000000000 0.005604676624140
6.110000000000000 0.005542534938478
6.120000000000000 0.005480523151047
6.130000000000000 0.005418641024577
6.140000000000000 0.005356888321313
6.150000000000000 0.005295264803031
6.160000000000000 0.005233770231057
6.170000000000000 0.005172404366277
6.180000000000000 0.005111166969154
6.190000000000000 0.005050057799740
6.200000000000000 0.004989076617694
6.210000000000000 0.004934285715524
6.220000000000000 0.004879609179067
6.230000000000000 0.004825046793658
6.240000000000000 0.004770598344305
6.250000000000000 0.004716263615703
6.260000000000000 0.004662042392248
6.270000000000000 0.004607934458045
6.280000000000000 0.004553939596921
6.290000000000000 0.004500057592437
6.300000000000000 0.004446288227898
6.310000000000000 0.004397943839384
6.320000000000000 0.004349700175401
6.330000000000000 0.004301557042354
6.340000000000000 0.004253514246441
6.350000000000000 0.004205571593662
6.360000000000000 0.004157728889832
6.370000000000000 0.004109985940586
6.380000000000000 0.004062342551391
6.390000000000000 0.004014798527552
6.400000000000000 0.003967353674226
6.410000000000000 0.003924556923837
6.420000000000000 0.003881849153135
6.430000000000000 0.003839230187494
6.440000000000000 0.003796699852168
6.450000000000000 0.003754257972301
6.460000000000000 0.003711904372933
6.470000000000000 0.003669638879011
6.480000000000000 0.003627461315389
6.490000000000000 0.003585371506844
6.500000000000000 0.003543369278075
6.510000000000000 0.003505499404273
6.520000000000000 0.003467708074164
6.530000000000000 0.003429995130777
6.540000000000000 0.003392360417089
6.550000000000000 0.003354803776029
6.560000000000000 0.003317325050484
6.570000000000000 0.003279924083306
6.580000000000000 0.003242600717318
6.590000000000000 0.003205354795318
6.600000000000000 0.003168186160083
6.610000000000000 0.003134628933450
6.620000000000000 0.003101141117372
6.630000000000000 0.003067722570905
6.640000000000000 0.003034373153100
6.650000000000000 0.003001092723004
6.660000000000000 0.002967881139670
6.670000000000000 0.002934738262157
6.680000000000000 0.002901663949538
6.690000000000000 0.002868658060899
6.700000000000000 0.002835720455352
6.710000000000000 0.002805968512456
6.720000000000000 0.002776277925938
6.730000000000000 0.002746648569464
6.740000000000000 0.002717080316726
6.750000000000000 0.002687573041448
6.760000000000000 0.002658126617390
6.770000000000000 0.002628740918346
6.780000000000000 0.002599415818157
6.790000000000000 0.002570151190706
6.800000000000000 0.002540946909926
6.810000000000000 0.002514494454710
6.820000000000000 0.002488096379570
6.830000000000000 0.002461752571155
6.840000000000000 0.002435462916161
6.850000000000000 0.002409227301342
6.860000000000000 0.002383045613505
6.870000000000000 0.002356917739518
6.880000000000000 0.002330843566310
6.890000000000000 0.002304822980875
6.900000000000000 0.002278855870276
6.910000000000000 0.002255321913499
6.920000000000000 0.002231836173963
6.930000000000000 0.002208398550079
6.940000000000000 0.002185008940326
6.950000000000000 0.002161667243249
6.960000000000000 0.002138373357467
6.970000000000000 0.002115127181668
6.980000000000000 0.002091928614618
6.990000000000000 0.002068777555158
7.000000000000000 0.002045673902210
7.010000000000000 0.002024732463378
7.020000000000000 0.002003833776243
7.030000000000000 0.001982977749890
7.040000000000000 0.001962164293482
7.050000000000000 0.001941393316256
7.060000000000000 0.001920664727531
7.070000000000000 0.001899978436706
7.080000000000000 0.001879334353262
7.090000000000000 0.001858732386765
7.100000000000000 0.001838172446866
7.110000000000000 0.001819512923134
7.120000000000000 0.001800891349670
7.130000000000000 0.001782307645116
7.140000000000000 0.001763761728193
7.150000000000000 0.001745253517704
7.160000000000000 0.001726782932538
7.170000000000000 0.001708349891666
7.180000000000000 0.001689954314146
7.190000000000000 0.001671596119125
7.200000000000000 0.001653275225837
7.210000000000000 0.001636612089448
7.220000000000000 0.001619982711693
7.230000000000000 0.001603387019686
7.240000000000000 0.001586824940625
7.250000000000000 0.001570296401792
7.260000000000000 0.001553801330553
7.270000000000000 0.001537339654362
7.280000000000000 0.001520911300759
7.290000000000000 0.001504516197371
7.300000000000000 0.001488154271916
7.310000000000000 0.001473265376564
7.320000000000000 0.001458406523753
7.330000000000000 0.001443577648227
7.340000000000000 0.001428778684813
7.350000000000000 0.001414009568421
7.360000000000000 0.001399270234046
7.370000000000000 0.001384560616767
7.380000000000000 0.001369880651750
7.390000000000000 0.001355230274247
7.400000000000000 0.001340609419599
7.410000000000000 0.001327305134919
7.420000000000000 0.001314027582949
7.430000000000000 0.001300776705324
7.440000000000000 0.001287552443759
7.450000000000000 0.001274354740049
7.460000000000000 0.001261183536073
7.470000000000000 0.001248038773793
7.480000000000000 0.001234920395253
7.490000000000000 0.001221828342580
7.500000000000000 0.001208762557989
7.510000000000000 0.001196855413302
7.520000000000000 0.001184972091319
7.530000000000000 0.001173112539800
7.540000000000000 0.001161276706584
7.550000000000000 0.001149464539588
7.560000000000000 0.001137675986805
7.570000000000000 0.001125910996310
7.580000000000000 0.001114169516257
7.590000000000000 0.001102451494880
7.600000000000000 0.001090756880494
7.610000000000000 0.001080074800791
7.620000000000000 0.001069413999573
7.630000000000000 0.001058774430007
7.640000000000000 0.001048156045334
7.650000000000000 0.001037558798871
7.660000000000000 0.001026982644006
7.670000000000000 0.001016427534207
7.680000000000000 0.001005893423014
7.690000000000000 0.000995380264044
7.700000000000000 0.000984888010992
7.710000000000000 0.000975309551700
7.720000000000000 0.000965750086690
7.730000000000000 0.000956209574032
7.740000000000000 0.000946687971865
7.750000000000000 0.000937185238397
7.760000000000000 0.000927701331909
7.770000000000000 0.000918236210751
7.780000000000000 0.000908789833345
7.790000000000000 0.000899362158185
7.800000000000000 0.000889953143834
7.810000000000000 0.000881355501626
7.820000000000000 0.000872774830545
7.830000000000000 0.000864211093036
7.840000000000000 0.000855664251610
7.850000000000000 0.000847134268843
7.860000000000000 0.000838621107379
7.870000000000000 0.000830124729926
7.880000000000000 0.000821645099260
7.890000000000000 0.000813182178222
7.900000000000000 0.000804735929722
7.910000000000000 0.000797009727606
7.920000000000000 0.000789298705380
7.930000000000000 0.000781602829391
7.940000000000000 0.000773922066046
7.950000000000000 0.000766256381815
7.960000000000000 0.000758605743227
7.970000000000000 0.000750970116875
7.980000000000000 0.000743349469411
7.990000000000000 0.000735743767552
8.000000000000000 0.000728152978075
8.010000000000000 0.000721198285402
8.020000000000000 0.000714257192401
8.029999999999999 0.000707329668880
8.039999999999999 0.000700415684706
8.050000000000001 0.000693515209798
8.060000000000000 0.000686628214135
8.070000000000000 0.000679754667753
8.080000000000000 0.000672894540744
8.090000000000000 0.000666047803258
8.100000000000000 0.000659214425503
8.109999999999999 0.000652953524188
8.119999999999999 0.000646704807111
8.130000000000001 0.000640468247198
8.140000000000001 0.000634243817427
8.150000000000000 0.000628031490829
8.160000000000000 0.000621831240486
8.170000000000000 0.000615643039533
8.180000000000000 0.000609466861160
8.190000000000000 0.000603302678606
8.199999999999999 0.000597150465166
8.210000000000001 0.000591507038721
8.220000000000001 0.000585874541612
8.230000000000000 0.000580252949540
8.240000000000000 0.000574642238256
8.250000000000000 0.000569042383557
8.260000000000000 0.000563453361291
8.270000000000000 0.000557875147353
8.279999999999999 0.000552307717685
8.289999999999999 0.000546751048279
8.300000000000001 0.000541205115176
8.310000000000000 0.000536115241875
8.320000000000000 0.000531035177501
8.330000000000000 0.000525964900246
8.340000000000000 0.000520904388342
8.350000000000000 0.000515853620069
8.359999999999999 0.000510812573750
8.369999999999999 0.000505781227751
8.380000000000001 0.000500759560485
8.390000000000001 0.000495747550407
8.400000000000000 0.000490745176019
8.410000000000000 0.000486150155547
8.420000000000000 0.000481563946506
8.430000000000000 0.000476986529308
8.440000000000000 0.000472417884405
8.449999999999999 0.000467857992291
8.460000000000001 0.000463306833500
8.470000000000001 0.000458764388605
8.480000000000000 0.000454230638224
8.490000000000000 0.000449705563011
8.500000000000000 0.000445189143663
8.510000000000000 0.000441034174468
8.520000000000000 0.000436887133231
8.529999999999999 0.000432748002337
8.539999999999999 0.000428616764209
8.550000000000001 0.000424493401306
8.560000000000000 0.000420377896125
8.570000000000000 0.000416270231200
8.580000000000000 0.000412170389102
8.590000000000000 0.000408078352440
8.600000000000000 0.000403994103859
8.609999999999999 0.000400237014917
8.619999999999999 0.000396487058709
8.630000000000001 0.000392744219400
8.640000000000001 0.000389008481189
8.650000000000000 0.000385279828309
8.660000000000000 0.000381558245028
8.670000000000000 0.000377843715647
8.680000000000000 0.000374136224501
8.690000000000000 0.000370435755959
8.699999999999999 0.000366742294424
8.710000000000001 0.000363341736946
8.720000000000001 0.000359947602699
8.730000000000000 0.000356559877440
8.740000000000000 0.000353178546955
8.750000000000000 0.000349803597062
8.760000000000000 0.000346435013611
8.770000000000000 0.000343072782481
8.779999999999999 0.000339716889584
8.789999999999999 0.000336367320861
8.800000000000001 0.000333024062286
8.810000000000000 0.000329940885835
8.820000000000000 0.000326863503652
8.830000000000000 0.000323791902904
8.840000000000000 0.000320726070788
8.850000000000000 0.000317665994528
8.859999999999999 0.000314611661376
8.869999999999999 0.000311563058608
8.880000000000001 0.000308520173544
8.890000000000001 0.000305482993518
8.900000000000000 0.000302451505899
8.910000000000000 0.000299656938986
8.920000000000000 0.000296867597139
8.930000000000000 0.000294083468803
8.940000000000000 0.000291304542452
8.949999999999999 0.000288530806584
8.960000000000001 0.000285762249722
8.970000000000001 0.000282998860416
8.980000000000000 0.000280240627242
8.990000000000000 0.000277487538800
9.000000000000000 0.000274739583718
9.010000000000000 0.000272204432809
9.020000000000000 0.000269673997654
9.029999999999999 0.000267148267843
9.039999999999999 0.000264627232992
9.050000000000001 0.000262110882738
9.060000000000000 0.000259599206745
9.070000000000000 0.000257092194695
9.080000000000000 0.000254589836299
9.090000000000000 0.000252092121289
9.100000000000000 0.000249599039418
9.109999999999999 0.000247294248483
9.119999999999999 0.000244993722912
9.130000000000001 0.000242697453309
9.140000000000001 0.000240405430298
9.150000000000000 0.000238117644528
9.160000000000000 0.000235834086664
9.170000000000000 0.000233554747398
9.180000000000000 0.000231279617438
9.190000000000000 0.000229008687519
9.199999999999999 0.000226741948391
9.210000000000001 0.000224647151043
9.220000000000001 0.000222556210527
9.230000000000000 0.000220469118364
9.240000000000000 0.000218385866097
9.250000000000000 0.000216306445286
9.260000000000000 0.000214230847513
9.270000000000000 0.000212159064376
9.279999999999999 0.000210091087494
9.289999999999999 0.000208026908507
9.300000000000001 0.000205966519072
9.310000000000000 0.000204061142457
9.320000000000000 0.000202159255889
9.330000000000000 0.000200260851713
9.340000000000000 0.000198365922294
9.350000000000000 0.000196474460013
9.359999999999999 0.000194586457269
9.369999999999999 0.000192701906478
9.380000000000001 0.000190820800076
9.390000000000001 0.000188943130514
9.400000000000000 0.000187068890262
9.410000000000000 0.000185332749999
9.420000000000000 0.000183599773508
9.430000000000000 0.000181869953869
9.440000000000000 0.000180143284174
9.449999999999999 0.000178419757536
9.460000000000001 0.000176699367080
9.470000000000001 0.000174982105951
9.480000000000000 0.000173267967307
9.490000000000000 0.000171556944323
9.500000000000000 0.000169849030189
9.510000000000000 0.000168267401945
9.520000000000000 0.000166688641097
9.529999999999999 0.000165112741388
9.539999999999999 0.000163539696575
9.550000000000001 0.000161969500433
9.560000000000000 0.000160402146748
9.570000000000000 0.000158837629321
9.580000000000000 0.000157275941969
9.590000000000000 0.000155717078524
9.600000000000000 0.000154161032829
9.609999999999999 0.000152717806849
9.619999999999999 0.000151277183967
9.630000000000001 0.000149839158517
9.640000000000001 0.000148403724849
9.650000000000000 0.000146970877325
9.660000000000000 0.000145540610320
9.670000000000000 0.000144112918223
9.680000000000000 0.000142687795435
9.690000000000000 0.000141265236373
9.699999999999999 0.000139845235463
9.710000000000001 0.000138528062021
9.720000000000001 0.000137213252163
9.730000000000000 0.000135900800762
9.740000000000000 0.000134590702702
9.750000000000000 0.000133282952876
9.760000000000000 0.000131977546194
9.770000000000000 0.000130674477574
9.779999999999999 0.000129373741949
9.789999999999999 0.000128075334262
9.800000000000001 0.000126779249468
9.810000000000000 0.000125575432506
9.820000000000000 0.000124373764719
9.830000000000000 0.000123174241458
9.840000000000000 0.000121976858083
9.850000000000000 0.000120781609967
9.859999999999999 0.000119588492494
9.869999999999999 0.000118397501058
9.880000000000001 0.000117208631063
9.890000000000001 0.000116021877926
9.900000000000000 0.000114837237074
9.910000000000000 0.000113735963257
9.920000000000000 0.000112636645574
9.930000000000000 0.000111539279806
9.940000000000000 0.000110443861743
9.949999999999999 0.000109350387187
9.960000000000001 0.000108258851947
9.970000000000001 0.000107169251846
9.980000000000000 0.000106081582714
9.990000000000000 0.000104995840391
10.000000000000000 0.000103912020728
