0.000000000000000 0.000000000000000
0.010000000000000 0.002936189597479
0.020000000000000 0.011559448644325
0.030000000000000 0.025594955369502
0.040000000000000 0.044772194163812
0.050000000000000 0.068825092788358
0.060000000000000 0.097492150591711
0.070000000000000 0.130516557655467
0.080000000000000 0.167646304819731
0.090000000000000 0.208634284570998
0.100000000000000 0.253238382804569
0.110000000000000 0.300394839449373
0.120000000000000 0.350401788076340
0.130000000000000 0.403000663006277
0.140000000000000 0.457939585365166
0.150000000000000 0.514973395121799
0.160000000000000 0.573863673172859
0.170000000000000 0.634378753737354
0.180000000000000 0.696293727341313
0.190000000000000 0.759390434690659
0.200000000000000 0.823457451745322
0.210000000000000 0.886200688381887
0.220000000000000 0.949147690850742
0.230000000000000 1.012090516535876
0.240000000000000 1.074828772945967
0.250000000000000 1.137169545105968
0.260000000000000 1.198927315667575
0.270000000000000 1.259923878165634
0.280000000000000 1.319988243847617
0.290000000000000 1.378956542501874
0.300000000000000 1.436671917707437
0.310000000000000 1.489878393121861
0.320000000000000 1.541197611677891
0.330000000000000 1.590485618373301
0.340000000000000 1.637605601544253
0.350000000000000 1.682427749996483
0.360000000000000 1.724829106875802
0.370000000000000 1.764693420681411
0.380000000000000 1.801910993812968
0.390000000000000 1.836378529029306
0.400000000000000 1.867998974182976
0.410000000000000 1.893648368094224
0.420000000000000 1.916040816207465
0.430000000000000 1.935094934071562
0.440000000000000 1.950735237941300
0.450000000000000 1.962891975869524
0.460000000000000 1.971500959047421
0.470000000000000 1.976503393666978
0.480000000000000 1.977845713563845
0.490000000000000 1.975479413883285
0.500000000000000 1.969360885996459
0.510000000000000 1.959310960918822
0.520000000000000 1.945427591327080
0.530000000000000 1.927680874613264
0.540000000000000 1.906045167582716
0.550000000000000 1.880498930217270
0.560000000000000 1.851024571751587
0.570000000000000 1.817608299191378
0.580000000000000 1.780239968389801
0.590000000000000 1.738912937786256
0.600000000000000 1.693623924900255
0.610000000000000 1.653372071974968
0.620000000000000 1.609557450074302
0.630000000000000 1.562184170388399
0.640000000000000 1.511258918005401
0.650000000000000 1.456790835380013
0.660000000000000 1.398791408575190
0.670000000000000 1.337274356301494
0.680000000000000 1.272255521771650
0.690000000000000 1.203752767381283
0.700000000000000 1.131785872220541
0.710000000000000 1.083345248593203
0.720000000000000 1.032419365887723
0.730000000000000 0.979024929800015
0.740000000000000 0.923179805473068
0.750000000000000 0.864902952484120
0.760000000000000 0.804214361820276
0.770000000000000 0.741134994823781
0.780000000000000 0.675686724085614
0.790000000000000 0.607892276263830
0.800000000000000 0.537775176800940
0.810000000000000 0.505803943603473
0.820000000000000 0.472678313364350
0.830000000000000 0.438410460239642
0.840000000000000 0.403012884679908
0.850000000000000 0.366498389584747
0.860000000000000 0.328880057321264
0.870000000000000 0.290171227589388
0.880000000000000 0.250385476116577
0.890000000000000 0.209536594164073
0.900000000000000 0.167638568826624
0.910000000000000 0.155526786743086
0.920000000000000 0.143083261257846
0.930000000000000 0.130312434381036
0.940000000000000 0.117218795481848
0.950000000000000 0.103806875983592
0.960000000000000 0.090081244278951
0.970000000000000 0.076046500859549
0.980000000000000 0.061707273654031
0.990000000000000 0.047068213568812
1.000000000000000 0.032133990225736
1.010000000000000 0.029461433237357
1.020000000000000 0.026731532942200
1.030000000000000 0.023945187224392
1.040000000000000 0.021103295805465
1.050000000000000 0.018206759553931
1.060000000000000 0.015256479827446
1.070000000000000 0.012253357846525
1.080000000000000 0.009198294098802
1.090000000000000 0.006092187772828
1.100000000000000 0.002935936220430
1.110000000000000 0.002662419043851
1.120000000000000 0.002384222753860
1.130000000000000 0.002101429535561
1.140000000000000 0.001814121303831
1.150000000000000 0.001522379662556
1.160000000000000 0.001226285866090
1.170000000000000 0.000925920782845
1.180000000000000 0.000621364860946
1.190000000000000 0.000312698095871
1.200000000000000 0.000000000000000
1.210000000000000 0.000000000000000
1.220000000000000 0.000000000000000
1.230000000000000 0.000000000000000
1.240000000000000 0.000000000000000
1.250000000000000 0.000000000000000
1.260000000000000 0.000000000000000
1.270000000000000 0.000000000000000
1.280000000000000 0.000000000000000
1.290000000000000 0.000000000000000
1.300000000000000 -0.000000000000000
1.310000000000000 0.000000000000000
1.320000000000000 0.000000000000000
1.330000000000000 0.000000000000000
1.340000000000000 0.000000000000000
1.350000000000000 0.000000000000000
1.360000000000000 0.000000000000000
1.370000000000000 0.000000000000000
1.380000000000000 0.000000000000000
1.390000000000000 0.000000000000000
1.400000000000000 -0.000000000000000
1.410000000000000 0.000000000000000
1.420000000000000 0.000000000000000
1.430000000000000 0.000000000000000
1.440000000000000 0.000000000000000
1.450000000000000 0.000000000000000
1.460000000000000 0.000000000000000
1.470000000000000 0.000000000000000
1.480000000000000 0.000000000000000
1.490000000000000 0.000000000000000
1.500000000000000 -0.000000000000000
1.510000000000000 0.000000000000000
1.520000000000000 0.000000000000000
1.530000000000000 0.000000000000000
1.540000000000000 0.000000000000000
1.550000000000000 0.000000000000000
1.560000000000000 0.000000000000000
1.570000000000000 0.000000000000000
1.580000000000000 0.000000000000000
1.590000000000000 0.000000000000000
1.600000000000000 -0.000000000000000
1.610000000000000 0.000000000000000
1.620000000000000 0.000000000000000
1.630000000000000 0.000000000000000
1.640000000000000 0.000000000000000
1.650000000000000 0.000000000000000
1.660000000000000 0.000000000000000
1.670000000000000 0.000000000000000
1.680000000000000 0.000000000000000
1.690000000000000 0.000000000000000
1.700000000000000 0.000000000000000
1.710000000000000 0.000000000000000
1.720000000000000 0.000000000000000
1.730000000000000 0.000000000000000
1.740000000000000 0.000000000000000
1.750000000000000 0.000000000000000
1.760000000000000 0.000000000000000
1.770000000000000 0.000000000000000
1.780000000000000 0.000000000000000
1.790000000000000 0.000000000000000
1.800000000000000 -0.000000000000000
1.810000000000000 0.000000000000000
1.820000000000000 0.000000000000000
1.830000000000000 0.000000000000000
1.840000000000000 0.000000000000000
1.850000000000000 0.000000000000000
1.860000000000000 0.000000000000000
1.870000000000000 0.000000000000000
1.880000000000000 0.000000000000000
1.890000000000000 0.000000000000000
1.900000000000000 -0.000000000000000
1.910000000000000 0.000000000000000
1.920000000000000 0.000000000000000
1.930000000000000 0.000000000000000
1.940000000000000 0.000000000000000
1.950000000000000 0.000000000000000
1.960000000000000 0.000000000000000
1.970000000000000 0.000000000000000
1.980000000000000 0.000000000000000
1.990000000000000 0.000000000000000
2.000000000000000 -0.000000000000000
2.010000000000000 0.000000000000000
2.020000000000000 0.000000000000000
2.030000000000000 0.000000000000000
2.040000000000000 0.000000000000000
2.050000000000000 0.000000000000000
2.060000000000000 0.000000000000000
2.070000000000000 0.000000000000000
2.080000000000000 0.000000000000000
2.090000000000000 0.000000000000000
2.100000000000000 -0.000000000000000
2.110000000000000 0.000000000000000
2.120000000000000 0.000000000000000
2.130000000000000 0.000000000000000
2.140000000000000 0.000000000000000
2.150000000000000 0.000000000000000
2.160000000000000 0.000000000000000
2.170000000000000 0.000000000000000
2.180000000000000 0.000000000000000
2.190000000000000 0.000000000000000
2.200000000000000 -0.000000000000000
2.210000000000000 0.000000000000000
2.220000000000000 0.000000000000000
2.230000000000000 0.000000000000000
2.240000000000000 0.000000000000000
2.250000000000000 0.000000000000000
2.260000000000000 0.000000000000000
2.270000000000000 0.000000000000000
2.280000000000000 0.000000000000000
2.290000000000000 0.000000000000000
2.300000000000000 -0.000000000000000
2.310000000000000 0.000000000000000
2.320000000000000 0.000000000000000
2.330000000000000 0.000000000000000
2.340000000000000 0.000000000000000
2.350000000000000 0.000000000000000
2.360000000000000 0.000000000000000
2.370000000000000 0.000000000000000
2.380000000000000 0.000000000000000
2.390000000000000 0.000000000000000
2.400000000000000 0.000000000000000
2.410000000000000 0.000000000000000
2.420000000000000 0.000000000000000
2.430000000000000 0.000000000000000
2.440000000000000 0.000000000000000
2.450000000000000 0.000000000000000
2.460000000000000 0.000000000000000
2.470000000000000 0.000000000000000
2.480000000000000 0.000000000000000
2.490000000000000 0.000000000000000
2.500000000000000 -0.000000000000000
2.510000000000000 0.000000000000000
2.520000000000000 0.000000000000000
2.530000000000000 0.000000000000000
2.540000000000000 0.000000000000000
2.550000000000000 0.000000000000000
2.560000000000000 0.000000000000000
2.570000000000000 0.000000000000000
2.580000000000000 0.000000000000000
2.590000000000000 0.000000000000000
2.600000000000000 -0.000000000000000
2.610000000000000 0.000000000000000
2.620000000000000 0.000000000000000
2.630000000000000 0.000000000000000
2.640000000000000 0.000000000000000
2.650000000000000 0.000000000000000
2.660000000000000 0.000000000000000
2.670000000000000 0.000000000000000
2.680000000000000 0.000000000000000
2.690000000000000 0.000000000000000
2.700000000000000 -0.000000000000000
2.710000000000000 0.000000000000000
2.720000000000000 0.000000000000000
2.730000000000000 0.000000000000000
2.740000000000000 0.000000000000000
2.750000000000000 0.000000000000000
2.760000000000000 0.000000000000000
2.770000000000000 0.000000000000000
2.780000000000000 0.000000000000000
2.790000000000000 0.000000000000000
2.800000000000000 -0.000000000000000
2.810000000000000 0.000000000000000
2.820000000000000 0.000000000000000
2.830000000000000 0.000000000000000
2.840000000000000 0.000000000000000
2.850000000000000 0.000000000000000
2.860000000000000 0.000000000000000
2.870000000000000 0.000000000000000
2.880000000000000 0.000000000000000
2.890000000000000 0.000000000000000
2.900000000000000 0.000000000000000
2.910000000000000 0.000000000000000
2.920000000000000 0.000000000000000
2.930000000000000 0.000000000000000
2.940000000000000 0.000000000000000
2.950000000000000 0.000000000000000
2.960000000000000 0.000000000000000
2.970000000000000 0.000000000000000
2.980000000000000 0.000000000000000
2.990000000000000 0.000000000000000
3.000000000000000 -0.000000000000000
3.010000000000000 0.000000000000000
3.020000000000000 0.000000000000000
3.030000000000000 0.000000000000000
3.040000000000000 0.000000000000000
3.050000000000000 0.000000000000000
3.060000000000000 0.000000000000000
3.070000000000000 0.000000000000000
3.080000000000000 0.000000000000000
3.090000000000000 0.000000000000000
3.100000000000000 -0.000000000000000
3.110000000000000 0.000000000000000
3.120000000000000 0.000000000000000
3.130000000000000 0.000000000000000
3.140000000000000 0.000000000000000
3.150000000000000 0.000000000000000
3.160000000000000 0.000000000000000
3.170000000000000 0.000000000000000
3.180000000000000 0.000000000000000
3.190000000000000 0.000000000000000
3.200000000000000 -0.000000000000000
3.210000000000000 0.000000000000000
3.220000000000000 0.000000000000000
3.230000000000000 0.000000000000000
3.240000000000000 0.000000000000000
3.250000000000000 0.000000000000000
3.260000000000000 0.000000000000000
3.270000000000000 0.000000000000000
3.280000000000000 0.000000000000000
3.290000000000000 0.000000000000000
3.300000000000000 -0.000000000000000
3.310000000000000 0.000000000000000
3.320000000000000 0.000000000000000
3.330000000000000 0.000000000000000
3.340000000000000 0.000000000000000
3.350000000000000 0.000000000000000
3.360000000000000 0.000000000000000
3.370000000000000 0.000000000000000
3.380000000000000 0.000000000000000
3.390000000000000 0.000000000000000
3.400000000000000 0.000000000000000
3.410000000000000 0.000000000000000
3.420000000000000 0.000000000000000
3.430000000000000 0.000000000000000
3.440000000000000 0.000000000000000
3.450000000000000 0.000000000000000
3.460000000000000 0.000000000000000
3.470000000000000 0.000000000000000
3.480000000000000 0.000000000000000
3.490000000000000 0.000000000000000
3.500000000000000 -0.000000000000000
3.510000000000000 0.000000000000000
3.520000000000000 0.000000000000000
3.530000000000000 0.000000000000000
3.540000000000000 0.000000000000000
3.550000000000000 0.000000000000000
3.560000000000000 0.000000000000000
3.570000000000000 0.000000000000000
3.580000000000000 0.000000000000000
3.590000000000000 0.000000000000000
3.600000000000000 -0.000000000000000
3.610000000000000 0.000000000000000
3.620000000000000 0.000000000000000
3.630000000000000 0.000000000000000
3.640000000000000 0.000000000000000
3.650000000000000 0.000000000000000
3.660000000000000 0.000000000000000
3.670000000000000 0.000000000000000
3.680000000000000 0.000000000000000
3.690000000000000 0.000000000000000
3.700000000000000 -0.000000000000000
3.710000000000000 0.000000000000000
3.720000000000000 0.000000000000000
3.730000000000000 0.000000000000000
3.740000000000000 0.000000000000000
3.750000000000000 0.000000000000000
3.760000000000000 0.000000000000000
3.770000000000000 0.000000000000000
3.780000000000000 0.000000000000000
3.790000000000000 0.000000000000000
3.800000000000000 -0.000000000000000
3.810000000000000 0.000000000000000
3.820000000000000 0.000000000000000
3.830000000000000 0.000000000000000
3.840000000000000 0.000000000000000
3.850000000000000 0.000000000000000
3.860000000000000 0.000000000000000
3.870000000000000 0.000000000000000
3.880000000000000 0.000000000000000
3.890000000000000 0.000000000000000
3.900000000000000 0.000000000000000
3.910000000000000 0.000000000000000
3.920000000000000 0.000000000000000
3.930000000000000 0.000000000000000
3.940000000000000 0.000000000000000
3.950000000000000 0.000000000000000
3.960000000000000 0.000000000000000
3.970000000000000 0.000000000000000
3.980000000000000 0.000000000000000
3.990000000000000 0.000000000000000
4.000000000000000 -0.000000000000000
4.010000000000000 0.000000000000000
4.020000000000000 0.000000000000000
4.030000000000000 0.000000000000000
4.040000000000000 0.000000000000000
4.050000000000000 0.000000000000000
4.060000000000000 0.000000000000000
4.070000000000000 0.000000000000000
4.080000000000000 0.000000000000000
4.090000000000000 0.000000000000000
4.100000000000000 0.000000000000000
4.110000000000000 0.000000000000000
4.120000000000000 0.000000000000000
4.130000000000000 0.000000000000000
4.140000000000000 0.000000000000000
4.150000000000000 0.000000000000000
4.160000000000000 0.000000000000000
4.170000000000000 0.000000000000000
4.180000000000000 0.000000000000000
4.190000000000000 0.000000000000000
4.200000000000000 -0.000000000000000
4.210000000000000 0.000000000000000
4.220000000000000 0.000000000000000
4.230000000000000 0.000000000000000
4.240000000000000 0.000000000000000
4.250000000000000 0.000000000000000
4.260000000000000 0.000000000000000
4.270000000000000 0.000000000000000
4.280000000000000 0.000000000000000
4.290000000000000 0.000000000000000
4.300000000000000 -0.000000000000000
4.310000000000000 0.000000000000000
4.320000000000000 0.000000000000000
4.330000000000000 0.000000000000000
4.340000000000000 0.000000000000000
4.350000000000000 0.000000000000000
4.360000000000000 0.000000000000000
4.370000000000000 0.000000000000000
4.380000000000000 0.000000000000000
4.390000000000000 0.000000000000000
4.400000000000000 -0.000000000000000
4.410000000000000 0.000000000000000
4.420000000000000 0.000000000000000
4.430000000000000 0.000000000000000
4.440000000000000 0.000000000000000
4.450000000000000 0.000000000000000
4.460000000000000 0.000000000000000
4.470000000000000 0.000000000000000
4.480000000000000 0.000000000000000
4.490000000000000 0.000000000000000
4.500000000000000 -0.000000000000000
4.510000000000000 0.000000000000000
4.520000000000000 0.000000000000000
4.530000000000000 0.000000000000000
4.540000000000000 0.000000000000000
4.550000000000000 0.000000000000000
4.560000000000000 0.000000000000000
4.570000000000000 0.000000000000000
4.580000000000000 0.000000000000000
4.590000000000000 0.000000000000000
4.600000000000000 -0.000000000000000
4.610000000000000 0.000000000000000
4.620000000000000 0.000000000000000
4.630000000000000 0.000000000000000
4.640000000000000 0.000000000000000
4.650000000000000 0.000000000000000
4.660000000000000 0.000000000000000
4.670000000000000 0.000000000000000
4.680000000000000 0.000000000000000
4.690000000000000 0.000000000000000
4.700000000000000 -0.000000000000000
4.710000000000000 0.000000000000000
4.720000000000000 0.000000000000000
4.730000000000000 0.000000000000000
4.740000000000000 0.000000000000000
4.750000000000000 0.000000000000000
4.760000000000000 0.000000000000000
4.770000000000000 0.000000000000000
4.780000000000000 0.000000000000000
4.790000000000000 0.000000000000000
4.800000000000000 0.000000000000000
4.810000000000000 0.000000000000000
4.820000000000000 0.000000000000000
4.830000000000000 0.000000000000000
4.840000000000000 0.000000000000000
4.850000000000000 0.000000000000000
4.860000000000000 0.000000000000000
4.870000000000000 0.000000000000000
4.880000000000000 0.000000000000000
4.890000000000000 0.000000000000000
4.900000000000000 -0.000000000000000
4.910000000000000 0.000000000000000
4.920000000000000 0.000000000000000
4.930000000000000 0.000000000000000
4.940000000000000 0.000000000000000
4.950000000000000 0.000000000000000
4.960000000000000 0.000000000000000
4.970000000000000 0.000000000000000
4.980000000000000 0.000000000000000
4.990000000000000 0.000000000000000
5.000000000000000 -0.000000000000000
5.010000000000000 0.000000000000000
5.020000000000000 0.000000000000000
5.030000000000000 0.000000000000000
5.040000000000000 0.000000000000000
5.050000000000000 0.000000000000000
5.060000000000000 0.000000000000000
5.070000000000000 0.000000000000000
5.080000000000000 0.000000000000000
5.090000000000000 0.000000000000000
5.100000000000000 -0.000000000000000
5.110000000000000 0.000000000000000
5.120000000000000 0.000000000000000
5.130000000000000 0.000000000000000
5.140000000000000 0.000000000000000
5.150000000000000 0.000000000000000
5.160000000000000 0.000000000000000
5.170000000000000 0.000000000000000
5.180000000000000 0.000000000000000
5.190000000000000 0.000000000000000
5.200000000000000 -0.000000000000000
5.210000000000000 0.000000000000000
5.220000000000000 0.000000000000000
5.230000000000000 0.000000000000000
5.240000000000000 0.000000000000000
5.250000000000000 0.000000000000000
5.260000000000000 0.000000000000000
5.270000000000000 0.000000000000000
5.280000000000000 0.000000000000000
5.290000000000000 0.000000000000000
5.300000000000000 0.000000000000000
5.310000000000000 0.000000000000000
5.320000000000000 0.000000000000000
5.330000000000000 0.000000000000000
5.340000000000000 0.000000000000000
5.350000000000000 0.000000000000000
5.360000000000000 0.000000000000000
5.370000000000000 0.000000000000000
5.380000000000000 0.000000000000000
5.390000000000000 0.000000000000000
5.400000000000000 -0.000000000000000
5.410000000000000 0.000000000000000
5.420000000000000 0.000000000000000
5.430000000000000 0.000000000000000
5.440000000000000 0.000000000000000
5.450000000000000 0.000000000000000
5.460000000000000 0.000000000000000
5.470000000000000 0.000000000000000
5.480000000000000 0.000000000000000
5.490000000000000 0.000000000000000
5.500000000000000 -0.000000000000000
5.510000000000000 0.000000000000000
5.520000000000000 0.000000000000000
5.530000000000000 0.000000000000000
5.540000000000000 0.000000000000000
5.550000000000000 0.000000000000000
5.560000000000000 0.000000000000000
5.570000000000000 0.000000000000000
5.580000000000000 0.000000000000000
5.590000000000000 0.000000000000000
5.600000000000000 -0.000000000000000
5.610000000000000 0.000000000000000
5.620000000000000 0.000000000000000
5.630000000000000 0.000000000000000
5.640000000000000 0.000000000000000
5.650000000000000 0.000000000000000
5.660000000000000 0.000000000000000
5.670000000000000 0.000000000000000
5.680000000000000 0.000000000000000
5.690000000000000 0.000000000000000
5.700000000000000 -0.000000000000000
5.710000000000000 0.000000000000000
5.720000000000000 0.000000000000000
5.730000000000000 0.000000000000000
5.740000000000000 0.000000000000000
5.750000000000000 0.000000000000000
5.760000000000000 0.000000000000000
5.770000000000000 0.000000000000000
5.780000000000000 0.000000000000000
5.790000000000000 0.000000000000000
5.800000000000000 0.000000000000000
5.810000000000000 0.000000000000000
5.820000000000000 0.000000000000000
5.830000000000000 0.000000000000000
5.840000000000000 0.000000000000000
5.850000000000000 0.000000000000000
5.860000000000000 0.000000000000000
5.870000000000000 0.000000000000000
5.880000000000000 0.000000000000000
5.890000000000000 0.000000000000000
5.900000000000000 -0.000000000000000
5.910000000000000 0.000000000000000
5.920000000000000 0.000000000000000
5.930000000000000 0.000000000000000
5.940000000000000 0.000000000000000
5.950000000000000 0.000000000000000
5.960000000000000 0.000000000000000
5.970000000000000 0.000000000000000
5.980000000000000 0.000000000000000
5.990000000000000 0.000000000000000
6.000000000000000 -0.000000000000000
6.010000000000000 0.000000000000000
6.020000000000000 0.000000000000000
6.030000000000000 0.000000000000000
6.040000000000000 0.000000000000000
6.050000000000000 0.000000000000000
6.060000000000000 0.000000000000000
6.070000000000000 0.000000000000000
6.080000000000000 0.000000000000000
6.090000000000000 0.000000000000000
6.100000000000000 -0.000000000000000
6.110000000000000 0.000000000000000
6.120000000000000 0.000000000000000
6.130000000000000 0.000000000000000
6.140000000000000 0.000000000000000
6.150000000000000 0.000000000000000
6.160000000000000 0.000000000000000
6.170000000000000 0.000000000000000
6.180000000000000 0.000000000000000
6.190000000000000 0.000000000000000
6.200000000000000 -0.000000000000000
6.210000000000000 0.000000000000000
6.220000000000000 0.000000000000000
6.230000000000000 0.000000000000000
6.240000000000000 0.000000000000000
6.250000000000000 0.000000000000000
6.260000000000000 0.000000000000000
6.270000000000000 0.000000000000000
6.280000000000000 0.000000000000000
6.290000000000000 0.000000000000000
6.300000000000000 0.000000000000000
6.310000000000000 0.000000000000000
6.320000000000000 0.000000000000000
6.330000000000000 0.000000000000000
6.340000000000000 0.000000000000000
6.350000000000000 0.000000000000000
6.360000000000000 0.000000000000000
6.370000000000000 0.000000000000000
6.380000000000000 0.000000000000000
6.390000000000000 0.000000000000000
6.400000000000000 -0.000000000000000
6.410000000000000 0.000000000000000
6.420000000000000 0.000000000000000
6.430000000000000 0.000000000000000
6.440000000000000 0.000000000000000
6.450000000000000 0.000000000000000
6.460000000000000 0.000000000000000
6.470000000000000 0.000000000000000
6.480000000000000 0.000000000000000
6.490000000000000 0.000000000000000
6.500000000000000 -0.000000000000000
6.510000000000000 0.000000000000000
6.520000000000000 0.000000000000000
6.530000000000000 0.000000000000000
6.540000000000000 0.000000000000000
6.550000000000000 0.000000000000000
6.560000000000000 0.000000000000000
6.570000000000000 0.000000000000000
6.580000000000000 0.000000000000000
6.590000000000000 0.000000000000000
6.600000000000000 -0.000000000000000
6.610000000000000 0.000000000000000
6.620000000000000 0.000000000000000
6.630000000000000 0.000000000000000
6.640000000000000 0.000000000000000
6.650000000000000 0.000000000000000
6.660000000000000 0.000000000000000
6.670000000000000 0.000000000000000
6.680000000000000 0.000000000000000
6.690000000000000 0.000000000000000
6.700000000000000 -0.000000000000000
6.710000000000000 0.000000000000000
6.720000000000000 0.000000000000000
6.730000000000000 0.000000000000000
6.740000000000000 0.000000000000000
6.750000000000000 0.000000000000000
6.760000000000000 0.000000000000000
6.770000000000000 0.000000000000000
6.780000000000000 0.000000000000000
6.790000000000000 0.000000000000000
6.800000000000000 0.000000000000000
6.810000000000000 0.000000000000000
6.820000000000000 0.000000000000000
6.830000000000000 0.000000000000000
6.840000000000000 0.000000000000000
6.850000000000000 0.000000000000000
6.860000000000000 0.000000000000000
6.870000000000000 0.000000000000000
6.880000000000000 0.000000000000000
6.890000000000000 0.000000000000000
6.900000000000000 -0.000000000000000
6.910000000000000 0.000000000000000
6.920000000000000 0.000000000000000
6.930000000000000 0.000000000000000
6.940000000000000 0.000000000000000
6.950000000000000 0.000000000000000
6.960000000000000 0.000000000000000
6.970000000000000 0.000000000000000
6.980000000000000 0.000000000000000
6.990000000000000 0.000000000000000
7.000000000000000 -0.000000000000000
7.010000000000000 0.000000000000000
7.020000000000000 0.000000000000000
7.030000000000000 0.000000000000000
7.040000000000000 0.000000000000000
7.050000000000000 0.000000000000000
7.060000000000000 0.000000000000000
7.070000000000000 0.000000000000000
7.080000000000000 0.000000000000000
7.090000000000000 0.000000000000000
7.100000000000000 -0.000000000000000
7.110000000000000 0.000000000000000
7.120000000000000 0.000000000000000
7.130000000000000 0.000000000000000
7.140000000000000 0.000000000000000
7.150000000000000 0.000000000000000
7.160000000000000 0.000000000000000
7.170000000000000 0.000000000000000
7.180000000000000 0.000000000000000
7.190000000000000 0.000000000000000
7.200000000000000 -0.000000000000000
7.210000000000000 0.000000000000000
7.220000000000000 0.000000000000000
7.230000000000000 0.000000000000000
7.240000000000000 0.000000000000000
7.250000000000000 0.000000000000000
7.260000000000000 0.000000000000000
7.270000000000000 0.000000000000000
7.280000000000000 0.000000000000000
7.290000000000000 0.000000000000000
7.300000000000000 0.000000000000000
7.310000000000000 0.000000000000000
7.320000000000000 0.000000000000000
7.330000000000000 0.000000000000000
7.340000000000000 0.000000000000000
7.350000000000000 0.000000000000000
7.360000000000000 0.000000000000000
7.370000000000000 0.000000000000000
7.380000000000000 0.000000000000000
7.390000000000000 0.000000000000000
7.400000000000000 -0.000000000000000
7.410000000000000 0.000000000000000
7.420000000000000 0.000000000000000
7.430000000000000 0.000000000000000
7.440000000000000 0.000000000000000
7.450000000000000 0.000000000000000
7.460000000000000 0.000000000000000
7.470000000000000 0.000000000000000
7.480000000000000 0.000000000000000
7.490000000000000 0.000000000000000
7.500000000000000 -0.000000000000000
7.510000000000000 0.000000000000000
7.520000000000000 0.000000000000000
7.530000000000000 0.000000000000000
7.540000000000000 0.000000000000000
7.550000000000000 0.000000000000000
7.560000000000000 0.000000000000000
7.570000000000000 0.000000000000000
7.580000000000000 0.000000000000000
7.590000000000000 0.000000000000000
7.600000000000000 -0.000000000000000
7.610000000000000 0.000000000000000
7.620000000000000 0.000000000000000
7.630000000000000 0.000000000000000
7.640000000000000 0.000000000000000
7.650000000000000 0.000000000000000
7.660000000000000 0.000000000000000
7.670000000000000 0.000000000000000
7.680000000000000 0.000000000000000
7.690000000000000 0.000000000000000
7.700000000000000 -0.000000000000000
7.710000000000000 0.000000000000000
7.720000000000000 0.000000000000000
7.730000000000000 0.000000000000000
7.740000000000000 0.000000000000000
7.750000000000000 0.000000000000000
7.760000000000000 0.000000000000000
7.770000000000000 0.000000000000000
7.780000000000000 0.000000000000000
7.790000000000000 0.000000000000000
7.800000000000000 0.000000000000000
7.810000000000000 0.000000000000000
7.820000000000000 0.000000000000000
7.830000000000000 0.000000000000000
7.840000000000000 0.000000000000000
7.850000000000000 0.000000000000000
7.860000000000000 0.000000000000000
7.870000000000000 0.000000000000000
7.880000000000000 0.000000000000000
7.890000000000000 0.000000000000000
7.900000000000000 -0.000000000000000
7.910000000000000 0.000000000000000
7.920000000000000 0.000000000000000
7.930000000000000 0.000000000000000
7.940000000000000 0.000000000000000
7.950000000000000 0.000000000000000
7.960000000000000 0.000000000000000
7.970000000000000 0.000000000000000
7.980000000000000 0.000000000000000
7.990000000000000 0.000000000000000
8.000000000000000 -0.000000000000000
8.010000000000000 0.000000000000000
8.020000000000000 0.000000000000000
8.029999999999999 0.000000000000000
8.039999999999999 0.000000000000000
8.050000000000001 0.000000000000000
8.060000000000000 0.000000000000000
8.070000000000000 0.000000000000000
8.080000000000000 0.000000000000000
8.090000000000000 0.000000000000000
8.100000000000000 -0.000000000000000
8.109999999999999 0.000000000000000
8.119999999999999 0.000000000000000
8.130000000000001 0.000000000000000
8.140000000000001 0.000000000000000
8.150000000000000 0.000000000000000
8.160000000000000 0.000000000000000
8.170000000000000 0.000000000000000
8.180000000000000 0.000000000000000
8.190000000000000 0.000000000000000
8.199999999999999 0.000000000000000
8.210000000000001 0.000000000000000
8.220000000000001 0.000000000000000
8.230000000000000 0.000000000000000
8.240000000000000 0.000000000000000
8.250000000000000 0.000000000000000
8.260000000000000 0.000000000000000
8.270000000000000 0.000000000000000
8.279999999999999 0.000000000000000
8.289999999999999 0.000000000000000
8.300000000000001 -0.000000000000000
8.310000000000000 0.000000000000000
8.320000000000000 0.000000000000000
8.330000000000000 0.000000000000000
8.340000000000000 0.000000000000000
8.350000000000000 0.000000000000000
8.359999999999999 0.000000000000000
8.369999999999999 0.000000000000000
8.380000000000001 0.000000000000000
8.390000000000001 0.000000000000000
8.400000000000000 -0.000000000000000
8.410000000000000 0.000000000000000
8.420000000000000 0.000000000000000
8.430000000000000 0.000000000000000
8.440000000000000 0.000000000000000
8.449999999999999 0.000000000000000
8.460000000000001 0.000000000000000
8.470000000000001 0.000000000000000
8.480000000000000 0.000000000000000
8.490000000000000 0.000000000000000
8.500000000000000 -0.000000000000000
8.510000000000000 0.000000000000000
8.520000000000000 0.000000000000000
8.529999999999999 0.000000000000000
8.539999999999999 0.000000000000000
8.550000000000001 0.000000000000000
8.560000000000000 0.000000000000000
8.570000000000000 0.000000000000000
8.580000000000000 0.000000000000000
8.590000000000000 0.000000000000000
8.600000000000000 -0.000000000000000
8.609999999999999 0.000000000000000
8.619999999999999 0.000000000000000
8.630000000000001 0.000000000000000
8.640000000000001 0.000000000000000
8.650000000000000 0.000000000000000
8.660000000000000 0.000000000000000
8.670000000000000 0.000000000000000
8.680000000000000 0.000000000000000
8.690000000000000 0.000000000000000
8.699999999999999 -0.000000000000000
8.710000000000001 0.000000000000000
8.720000000000001 0.000000000000000
8.730000000000000 0.000000000000000
8.740000000000000 0.000000000000000
8.750000000000000 0.000000000000000
8.760000000000000 0.000000000000000
8.770000000000000 0.000000000000000
8.779999999999999 0.000000000000000
8.789999999999999 0.000000000000000
8.800000000000001 -0.000000000000000
8.810000000000000 0.000000000000000
8.820000000000000 0.000000000000000
8.830000000000000 0.000000000000000
8.840000000000000 0.000000000000000
8.850000000000000 0.000000000000000
8.859999999999999 0.000000000000000
8.869999999999999 0.000000000000000
8.880000000000001 0.000000000000000
8.890000000000001 0.000000000000000
8.900000000000000 -0.000000000000000
8.910000000000000 0.000000000000000
8.920000000000000 0.000000000000000
8.930000000000000 0.000000000000000
8.940000000000000 0.000000000000000
8.949999999999999 0.000000000000000
8.960000000000001 0.000000000000000
8.970000000000001 0.000000000000000
8.980000000000000 0.000000000000000
8.990000000000000 0.000000000000000
9.000000000000000 -0.000000000000000
9.010000000000000 0.000000000000000
9.020000000000000 0.000000000000000
9.029999999999999 0.000000000000000
9.039999999999999 0.000000000000000
9.050000000000001 0.000000000000000
9.060000000000000 0.000000000000000
9.070000000000000 0.000000000000000
9.080000000000000 0.000000000000000
9.090000000000000 0.000000000000000
9.100000000000000 -0.000000000000000
9.109999999999999 0.000000000000000
9.119999999999999 0.000000000000000
9.130000000000001 0.000000000000000
9.140000000000001 0.000000000000000
9.150000000000000 0.000000000000000
9.160000000000000 0.000000000000000
9.170000000000000 0.000000000000000
9.180000000000000 0.000000000000000
9.190000000000000 0.000000000000000
9.199999999999999 -0.000000000000000
9.210000000000001 0.000000000000000
9.220000000000001 0.000000000000000
9.230000000000000 0.000000000000000
9.240000000000000 0.000000000000000
9.250000000000000 0.000000000000000
9.260000000000000 0.000000000000000
9.270000000000000 0.000000000000000
9.279999999999999 0.000000000000000
9.289999999999999 0.000000000000000
9.300000000000001 -0.000000000000000
9.310000000000000 0.000000000000000
9.320000000000000 0.000000000000000
9.330000000000000 0.000000000000000
9.340000000000000 0.000000000000000
9.350000000000000 0.000000000000000
9.359999999999999 0.000000000000000
9.369999999999999 0.000000000000000
9.380000000000001 0.000000000000000
9.390000000000001 0.000000000000000
9.400000000000000 -0.000000000000000
9.410000000000000 0.000000000000000
9.420000000000000 0.000000000000000
9.430000000000000 0.000000000000000
9.440000000000000 0.000000000000000
9.449999999999999 0.000000000000000
9.460000000000001 0.000000000000000
9.470000000000001 0.000000000000000
9.480000000000000 0.000000000000000
9.490000000000000 0.000000000000000
9.500000000000000 -0.000000000000000
9.510000000000000 0.000000000000000
9.520000000000000 0.000000000000000
9.529999999999999 0.000000000000000
9.539999999999999 0.000000000000000
9.550000000000001 0.000000000000000
9.560000000000000 0.000000000000000
9.570000000000000 0.000000000000000
9.580000000000000 0.000000000000000
9.590000000000000 0.000000000000000
9.600000000000000 0.000000000000000
9.609999999999999 0.000000000000000
9.619999999999999 0.000000000000000
9.630000000000001 0.000000000000000
9.640000000000001 0.000000000000000
9.650000000000000 0.000000000000000
9.660000000000000 0.000000000000000
9.670000000000000 0.000000000000000
9.680000000000000 0.000000000000000
9.690000000000000 0.000000000000000
9.699999999999999 -0.000000000000000
9.710000000000001 0.000000000000000
9.720000000000001 0.000000000000000
9.730000000000000 0.000000000000000
9.740000000000000 0.000000000000000
9.750000000000000 0.000000000000000
9.760000000000000 0.000000000000000
9.770000000000000 0.000000000000000
9.779999999999999 0.000000000000000
9.789999999999999 0.000000000000000
9.800000000000001 -0.000000000000000
9.810000000000000 0.000000000000000
9.820000000000000 0.000000000000000
9.830000000000000 0.000000000000000
9.840000000000000 0.000000000000000
9.850000000000000 0.000000000000000
9.859999999999999 0.000000000000000
9.869999999999999 0.000000000000000
9.880000000000001 0.000000000000000
9.890000000000001 0.000000000000000
9.900000000000000 -0.000000000000000
9.910000000000000 0.000000000000000
9.920000000000000 0.000000000000000
9.930000000000000 0.000000000000000
9.940000000000000 0.000000000000000
9.949999999999999 0.000000000000000
9.960000000000001 0.000000000000000
9.970000000000001 0.000000000000000
9.980000000000000 0.000000000000000
9.990000000000000 0.000000000000000
10.000000000000000 -0.000000000000000
