0.000000000000000 0.000000000000000
0.010000000000000 0.000078928866178
0.020000000000000 0.000320977549638
0.030000000000000 0.000733740322698
0.040000000000000 0.001324415591935
0.050000000000000 0.002099809562797
0.060000000000000 0.003066340372890
0.070000000000000 0.004230042672911
0.080000000000000 0.005596572633494
0.090000000000000 0.007171213355594
0.100000000000000 0.008958880661529
0.110000000000000 0.010918116368277
0.120000000000000 0.013082619949364
0.130000000000000 0.015454468585949
0.140000000000000 0.018035477514024
0.150000000000000 0.020827206517761
0.160000000000000 0.023830966580907
0.170000000000000 0.027047826677201
0.180000000000000 0.030478620681103
0.190000000000000 0.034123954380550
0.200000000000000 0.037984212573844
0.210000000000000 0.041941699489081
0.220000000000000 0.046093723423046
0.230000000000000 0.050439115647008
0.240000000000000 0.054976569255673
0.250000000000000 0.059704645375821
0.260000000000000 0.064621779331095
0.270000000000000 0.069726286752569
0.280000000000000 0.075016369625324
0.290000000000000 0.080490122261881
0.300000000000000 0.086145537193972
0.310000000000000 0.091796890378163
0.320000000000000 0.097605436736534
0.330000000000000 0.103568456747465
0.340000000000000 0.109683186947238
0.350000000000000 0.115946824338914
0.360000000000000 0.122356530675876
0.370000000000000 0.128909436617657
0.380000000000000 0.135602645756090
0.390000000000000 0.142433238510247
0.400000000000000 0.149398275889079
0.410000000000000 0.156261760971869
0.420000000000000 0.163235800148064
0.430000000000000 0.170317254247741
0.440000000000000 0.177503000470808
0.450000000000000 0.184789934717129
0.460000000000000 0.192174973792071
0.470000000000000 0.199655057489592
0.480000000000000 0.207227150555187
0.490000000000000 0.214888244531142
0.500000000000000 0.222635359486707
0.510000000000000 0.230200542848949
0.520000000000000 0.237830701948660
0.530000000000000 0.245522937066053
0.540000000000000 0.253274396050528
0.550000000000000 0.261082274960826
0.560000000000000 0.268943818618382
0.570000000000000 0.276856321077369
0.580000000000000 0.284817126014911
0.590000000000000 0.292823627044912
0.600000000000000 0.300873267958925
0.610000000000000 0.308679739066246
0.620000000000000 0.316511892097968
0.630000000000000 0.324367380526427
0.640000000000000 0.332243915876874
0.650000000000000 0.340139267269058
0.660000000000000 0.348051260915471
0.670000000000000 0.355977779579270
0.680000000000000 0.363916761994834
0.690000000000000 0.371866202253794
0.700000000000000 0.379824149159272
0.710000000000000 0.387496534777428
0.720000000000000 0.395163567758746
0.730000000000000 0.402823546122165
0.740000000000000 0.410474823816634
0.750000000000000 0.418115809700126
0.760000000000000 0.425744966509484
0.770000000000000 0.433360809823050
0.780000000000000 0.440961907017915
0.790000000000000 0.448546876223544
0.800000000000000 0.456114385273418
0.810000000000000 0.463368939818603
0.820000000000000 0.470595374511146
0.830000000000000 0.477792597738307
0.840000000000000 0.484959565370130
0.850000000000000 0.492095279559726
0.860000000000000 0.499198787555685
0.870000000000000 0.506269180527529
0.880000000000000 0.513305592405033
0.890000000000000 0.520307198732157
0.900000000000000 0.527273215536277
0.910000000000000 0.533910585730347
0.920000000000000 0.540504381720687
0.930000000000000 0.547054029412391
0.940000000000000 0.553558991567676
0.950000000000000 0.560018766657999
0.960000000000000 0.566432887738626
0.970000000000000 0.572800921345792
0.980000000000000 0.579122466416572
0.990000000000000 0.585397153231523
1.000000000000000 0.591624642380115
1.010000000000000 0.597510764605764
1.020000000000000 0.603343749206233
1.030000000000000 0.609123430778119
1.040000000000000 0.614849670355271
1.050000000000000 0.620522354424782
1.060000000000000 0.626141393968294
1.070000000000000 0.631706723528327
1.080000000000000 0.637218300299314
1.090000000000000 0.642676103243041
1.100000000000000 0.648080132228130
1.110000000000000 0.653141923968599
1.120000000000000 0.658145703235698
1.130000000000000 0.663091607063511
1.140000000000000 0.667979789844699
1.150000000000000 0.672810422548504
1.160000000000000 0.677583691962572
1.170000000000000 0.682299799958115
1.180000000000000 0.686958962777932
1.190000000000000 0.691561410346797
1.200000000000000 0.696107385603715
1.210000000000000 0.700302839107109
1.220000000000000 0.704438742161464
1.230000000000000 0.708515445354758
1.240000000000000 0.712533309281533
1.250000000000000 0.716492703956856
1.260000000000000 0.720394008250662
1.270000000000000 0.724237609341942
1.280000000000000 0.728023902192260
1.290000000000000 0.731753289038066
1.300000000000000 0.735426178901316
1.310000000000000 0.738751119457775
1.320000000000000 0.742017463445479
1.330000000000000 0.745225701097014
1.340000000000000 0.748376327017277
1.350000000000000 0.751469839768474
1.360000000000000 0.754506741471445
1.370000000000000 0.757487537422813
1.380000000000000 0.760412735727491
1.390000000000000 0.763282846946062
1.400000000000000 0.766098383756577
1.410000000000000 0.768559205850206
1.420000000000000 0.770963998382334
1.430000000000000 0.773313336227094
1.440000000000000 0.775607794487747
1.450000000000000 0.777847948220741
1.460000000000000 0.780034372172240
1.470000000000000 0.782167640526701
1.480000000000000 0.784248326667101
1.490000000000000 0.786277002946408
1.500000000000000 0.788254240469916
1.510000000000000 0.789877906247600
1.520000000000000 0.791449219640186
1.530000000000000 0.792968797848390
1.540000000000000 0.794437255395737
1.550000000000000 0.795855203960631
1.560000000000000 0.797223252217563
1.570000000000000 0.798542005687114
1.580000000000000 0.799812066594442
1.590000000000000 0.801034033735918
1.600000000000000 0.802208502353620
1.610000000000000 0.803026421121031
1.620000000000000 0.803796309139837
1.630000000000000 0.804518796064882
1.640000000000000 0.805194506929364
1.650000000000000 0.805824062057675
1.660000000000000 0.806408076984673
1.670000000000000 0.806947162381109
1.680000000000000 0.807441923984996
1.690000000000000 0.807892962538637
1.700000000000000 0.808300873731109
1.710000000000000 0.808353877912458
1.720000000000000 0.808363533117900
1.730000000000000 0.808330459987292
1.740000000000000 0.808255273331756
1.750000000000000 0.808138582104885
1.760000000000000 0.807980989378276
1.770000000000000 0.807783092321170
1.780000000000000 0.807545482184062
1.790000000000000 0.807268744286037
1.800000000000000 0.806953458005726
1.810000000000000 0.806287154709038
1.820000000000000 0.805582323028967
1.830000000000000 0.804839559926902
1.840000000000000 0.804059455875710
1.850000000000000 0.803242594871631
1.860000000000000 0.802389554448894
1.870000000000000 0.801500905696917
1.880000000000000 0.800577213279972
1.890000000000000 0.799619035459164
1.900000000000000 0.798626924116620
1.910000000000000 0.797292460240169
1.920000000000000 0.795924276676555
1.930000000000000 0.794522936918717
1.940000000000000 0.793088997711303
1.950000000000000 0.791623009089651
1.960000000000000 0.790125514420334
1.970000000000000 0.788597050443161
1.980000000000000 0.787038147314555
1.990000000000000 0.785449328652202
2.000000000000000 0.783831111580906
2.010000000000000 0.781886747061048
2.020000000000000 0.779913355231072
2.030000000000000 0.777911459758688
2.040000000000000 0.775881577592666
2.050000000000000 0.773824219018658
2.060000000000000 0.771739887715747
2.070000000000000 0.769629080813664
2.080000000000000 0.767492288950596
2.090000000000000 0.765329996331547
2.100000000000000 0.763142680787172
2.110000000000000 0.760651012245880
2.120000000000000 0.758134808643238
2.130000000000000 0.755594550232379
2.140000000000000 0.753030710777825
2.150000000000000 0.750443757620592
2.160000000000000 0.747834151743449
2.170000000000000 0.745202347836295
2.180000000000000 0.742548794361608
2.190000000000000 0.739873933619930
2.200000000000000 0.737178201815347
2.210000000000000 0.734209680952367
2.220000000000000 0.731220860921913
2.230000000000000 0.728212176745766
2.240000000000000 0.725184057326301
2.250000000000000 0.722136925515368
2.260000000000000 0.719071198182946
2.270000000000000 0.715987286285554
2.280000000000000 0.712885594934388
2.290000000000000 0.709766523463161
2.300000000000000 0.706630465495640
2.310000000000000 0.703262167513038
2.320000000000000 0.699877502640728
2.330000000000000 0.696476860266483
2.340000000000000 0.693060624118551
2.350000000000000 0.689629172334387
2.360000000000000 0.686182877528911
2.370000000000000 0.682722106862319
2.380000000000000 0.679247222107397
2.390000000000000 0.675758579716347
2.400000000000000 0.672256530887114
2.410000000000000 0.668567470185414
2.420000000000000 0.664865631840578
2.430000000000000 0.661151360491620
2.440000000000000 0.657424995628375
2.450000000000000 0.653686871657401
2.460000000000000 0.649937317967301
2.470000000000000 0.646176658993466
2.480000000000000 0.642405214282209
2.490000000000000 0.638623298554317
2.500000000000000 0.634831221767992
2.510000000000000 0.630906212712003
2.520000000000000 0.626971646537430
2.530000000000000 0.623027824734777
2.540000000000000 0.619075044180256
2.550000000000000 0.615113597197100
2.560000000000000 0.611143771616254
2.570000000000000 0.607165850836428
2.580000000000000 0.603180113883510
2.590000000000000 0.599186835469349
2.600000000000000 0.595186286049895
2.610000000000000 0.591109170726141
2.620000000000000 0.587025331014971
2.630000000000000 0.582935027636538
2.640000000000000 0.578838517232450
2.650000000000000 0.574736052421481
2.660000000000000 0.570627881854641
2.670000000000000 0.566514250269611
2.680000000000000 0.562395398544554
2.690000000000000 0.558271563751285
2.700000000000000 0.554142979207823
2.710000000000000 0.549995147828397
2.720000000000000 0.545843029727122
2.730000000000000 0.541686847766442
2.740000000000000 0.537526821249811
2.750000000000000 0.533363165971305
2.760000000000000 0.529196094264618
2.770000000000000 0.525025815051464
2.780000000000000 0.520852533889373
2.790000000000000 0.516676453018903
2.800000000000000 0.512497771410248
2.810000000000000 0.508357598542404
2.820000000000000 0.504215183828272
2.830000000000000 0.500070715498544
2.840000000000000 0.495924378716890
2.850000000000000 0.491776355623358
2.860000000000000 0.487626825377209
2.870000000000000 0.483475964199216
2.880000000000000 0.479323945413404
2.890000000000000 0.475170939488256
2.900000000000000 0.471017114077385
2.910000000000000 0.466951478900594
2.920000000000000 0.462885270715530
2.930000000000000 0.458818646699544
2.940000000000000 0.454751761416260
2.950000000000000 0.450684766852976
2.960000000000000 0.446617812457572
2.970000000000000 0.442551045174928
2.980000000000000 0.438484609482858
2.990000000000000 0.434418647427565
3.000000000000000 0.430353298658620
3.010000000000000 0.426421025062345
3.020000000000000 0.422489495215997
3.030000000000000 0.418558838850896
3.040000000000000 0.414629183494863
3.050000000000000 0.410700654504014
3.060000000000000 0.406773375094132
3.070000000000000 0.402847466371612
3.080000000000000 0.398923047363980
3.090000000000000 0.395000235050004
3.100000000000000 0.391079144389386
3.110000000000000 0.387327879756967
3.120000000000000 0.383578356367818
3.130000000000000 0.379830680077338
3.140000000000000 0.376084954901900
3.150000000000000 0.372341283045563
3.160000000000000 0.368599764926412
3.170000000000000 0.364860499202536
3.180000000000000 0.361123582797650
3.190000000000000 0.357389110926360
3.200000000000000 0.353657177119077
3.210000000000000 0.350122364025006
3.220000000000000 0.346590009591102
3.230000000000000 0.343060199227750
3.240000000000000 0.339533016824568
3.250000000000000 0.336008544772606
3.260000000000000 0.332486863986226
3.270000000000000 0.328968053924688
3.280000000000000 0.325452192613424
3.290000000000000 0.321939356665025
3.300000000000000 0.318429621299928
3.310000000000000 0.315135232904307
3.320000000000000 0.311843782225392
3.330000000000000 0.308555337421897
3.340000000000000 0.305269965405447
3.350000000000000 0.301987731858847
3.360000000000000 0.298708701254101
3.370000000000000 0.295432936870164
3.380000000000000 0.292160500810458
3.390000000000000 0.288891454020134
3.400000000000000 0.285625856303096
3.410000000000000 0.282585208939355
3.420000000000000 0.279547782157329
3.430000000000000 0.276513629761660
3.440000000000000 0.273482804541962
3.450000000000000 0.270455358287739
3.460000000000000 0.267431341803089
3.470000000000000 0.264410804921202
3.480000000000000 0.261393796518652
3.490000000000000 0.258380364529490
3.500000000000000 0.255370555959136
3.510000000000000 0.252587787154097
3.520000000000000 0.249808365719511
3.530000000000000 0.247032333672609
3.540000000000000 0.244259732209921
3.550000000000000 0.241490601719363
3.560000000000000 0.238724981792165
3.570000000000000 0.235962911234616
3.580000000000000 0.233204428079654
3.590000000000000 0.230449569598290
3.600000000000000 0.227698372310859
3.610000000000000 0.225170667275226
3.620000000000000 0.222646315832933
3.630000000000000 0.220125350434442
3.640000000000000 0.217607802870553
3.650000000000000 0.215093704282155
3.660000000000000 0.212583085169820
3.670000000000000 0.210075975403281
3.680000000000000 0.207572404230762
3.690000000000000 0.205072400288181
3.700000000000000 0.202575991608223
3.710000000000000 0.200294689970893
3.720000000000000 0.198016659370447
3.730000000000000 0.195741924581817
3.740000000000000 0.193470509852432
3.750000000000000 0.191202438910025
3.760000000000000 0.188937734970333
3.770000000000000 0.186676420744689
3.780000000000000 0.184418518447505
3.790000000000000 0.182164049803648
3.800000000000000 0.179913036055711
3.810000000000000 0.177864991848585
3.820000000000000 0.175820074603853
3.830000000000000 0.173778303005722
3.840000000000000 0.171739695318371
3.850000000000000 0.169704269392185
3.860000000000000 0.167672042669904
3.870000000000000 0.165643032192682
3.880000000000000 0.163617254606061
3.890000000000000 0.161594726165864
3.900000000000000 0.159575462743996
3.910000000000000 0.157745329965638
3.920000000000000 0.155918139282627
3.930000000000000 0.154093904591632
3.940000000000000 0.152272639456139
3.950000000000000 0.150454357111420
3.960000000000000 0.148639070469419
3.970000000000000 0.146826792123576
3.980000000000000 0.145017534353583
3.990000000000000 0.143211309130067
4.000000000000000 0.141408128119214
4.010000000000000 0.139778113411451
4.020000000000000 0.138150833913889
4.030000000000000 0.136526299799508
4.040000000000000 0.134904520977737
4.050000000000000 0.133285507098391
4.060000000000000 0.131669267555557
4.070000000000000 0.130055811491421
4.080000000000000 0.128445147800043
4.090000000000000 0.126837285131074
4.100000000000000 0.125232231893432
4.110000000000000 0.123785660051692
4.120000000000000 0.122341604184889
4.130000000000000 0.120900071591305
4.140000000000000 0.119461069361398
4.150000000000000 0.118024604380927
4.160000000000000 0.116590683334021
4.170000000000000 0.115159312706217
4.180000000000000 0.113730498787444
4.190000000000000 0.112304247674974
4.200000000000000 0.110880565276324
4.210000000000000 0.109599541524901
4.220000000000000 0.108320814239511
4.230000000000000 0.107044388523571
4.240000000000000 0.105770269316956
4.250000000000000 0.104498461398466
4.260000000000000 0.103228969388255
4.270000000000000 0.101961797750232
4.280000000000000 0.100696950794424
4.290000000000000 0.099434432679309
4.300000000000000 0.098174247414116
4.310000000000000 0.097042042026056
4.320000000000000 0.095911918957053
4.330000000000000 0.094783881650004
4.340000000000000 0.093657933419365
4.350000000000000 0.092534077453098
4.360000000000000 0.091412316814595
4.370000000000000 0.090292654444573
4.380000000000000 0.089175093162940
4.390000000000000 0.088059635670643
4.400000000000000 0.086946284551478
4.410000000000000 0.085946978291788
4.420000000000000 0.084949550328232
4.430000000000000 0.083954002860954
4.440000000000000 0.082960337989392
4.450000000000000 0.081968557713813
4.460000000000000 0.080978663936838
4.470000000000000 0.079990658464932
4.480000000000000 0.079004543009883
4.490000000000000 0.078020319190259
4.500000000000000 0.077037988532838
4.510000000000000 0.076156604230043
4.520000000000000 0.075276907541053
4.530000000000000 0.074398899746969
4.540000000000000 0.073522582050027
4.550000000000000 0.072647955574820
4.560000000000000 0.071775021369495
4.570000000000000 0.070903780406933
4.580000000000000 0.070034233585915
4.590000000000000 0.069166381732277
4.600000000000000 0.068300225600036
4.610000000000000 0.067523245863951
4.620000000000000 0.066747777467753
4.630000000000000 0.065973821022205
4.640000000000000 0.065201377076396
4.650000000000000 0.064430446118701
4.660000000000000 0.063661028577731
4.670000000000000 0.062893124823260
4.680000000000000 0.062126735167157
4.690000000000000 0.061361859864284
4.700000000000000 0.060598499113397
4.710000000000000 0.059913665656563
4.720000000000000 0.059230182272113
4.730000000000000 0.058548049090247
4.740000000000000 0.057867266192996
4.750000000000000 0.057187833614977
4.760000000000000 0.056509751344140
4.770000000000000 0.055833019322511
4.780000000000000 0.055157637446917
4.790000000000000 0.054483605569704
4.800000000000000 0.053810923499445
4.810000000000000 0.053207263678787
4.820000000000000 0.052604807501653
4.830000000000000 0.052003554761426
4.840000000000000 0.051403505213910
4.850000000000000 0.050804658577932
4.860000000000000 0.050207014535934
4.870000000000000 0.049610572734557
4.880000000000000 0.049015332785217
4.890000000000000 0.048421294264672
4.900000000000000 0.047828456715584
4.910000000000000 0.047296217268813
4.920000000000000 0.046765049278647
4.930000000000000 0.046234952309701
4.940000000000000 0.045705925897322
4.950000000000000 0.045177969548063
4.960000000000000 0.044651082740149
4.970000000000000 0.044125264923944
4.980000000000000 0.043600515522401
4.990000000000000 0.043076833931519
5.000000000000000 0.042554219520780
5.010000000000000 0.042084764599821
5.020000000000000 0.041616262360274
5.030000000000000 0.041148712218524
5.040000000000000 0.040682113568196
5.050000000000000 0.040216465780538
5.060000000000000 0.039751768204780
5.070000000000000 0.039288020168506
5.080000000000000 0.038825220978020
5.090000000000000 0.038363369918695
5.100000000000000 0.037902466255327
5.110000000000000 0.037488161739913
5.120000000000000 0.037074703605627
5.130000000000000 0.036662091180015
5.140000000000000 0.036250323772963
5.150000000000000 0.035839400676996
5.160000000000000 0.035429321167566
5.170000000000000 0.035020084503349
5.180000000000000 0.034611689926528
5.190000000000000 0.034204136663076
5.200000000000000 0.033797423923036
5.210000000000000 0.033431529416668
5.220000000000000 0.033066386483884
5.230000000000000 0.032701994406609
5.240000000000000 0.032338352453095
5.250000000000000 0.031975459878157
5.260000000000000 0.031613315923410
5.270000000000000 0.031251919817494
5.280000000000000 0.030891270776306
5.290000000000000 0.030531368003220
5.300000000000000 0.030172210689313
5.310000000000000 0.029848572105379
5.320000000000000 0.029525601250576
5.330000000000000 0.029203297391442
5.340000000000000 0.028881659783952
5.350000000000000 0.028560687673713
5.360000000000000 0.028240380296141
5.370000000000000 0.027920736876654
5.380000000000000 0.027601756630843
5.390000000000000 0.027283438764657
5.400000000000000 0.026965782474578
5.410000000000000 0.026679674756980
5.420000000000000 0.026394159344721
5.430000000000000 0.026109235512177
5.440000000000000 0.025824902525605
5.450000000000000 0.025541159643295
5.460000000000000 0.025258006115718
5.470000000000000 0.024975441185668
5.480000000000000 0.024693464088411
5.490000000000000 0.024412074051820
5.500000000000000 0.024131270296523
5.510000000000000 0.023877974025188
5.520000000000000 0.023625203484924
5.530000000000000 0.023372957972294
5.540000000000000 0.023121236777647
5.550000000000000 0.022870039185236
5.560000000000000 0.022619364473337
5.570000000000000 0.022369211914364
5.580000000000000 0.022119580774984
5.590000000000000 0.021870470316230
5.600000000000000 0.021621879793611
5.610000000000000 0.021397343022767
5.620000000000000 0.021173273144676
5.630000000000000 0.020949669487563
5.640000000000000 0.020726531374918
5.650000000000000 0.020503858125596
5.660000000000000 0.020281649053910
5.670000000000000 0.020059903469721
5.680000000000000 0.019838620678532
5.690000000000000 0.019617799981575
5.700000000000000 0.019397440675904
5.710000000000000 0.019198132811047
5.720000000000000 0.018999239860678
5.730000000000000 0.018800761190423
5.740000000000000 0.018602696162329
5.750000000000000 0.018405044134942
5.760000000000000 0.018207804463382
5.770000000000000 0.018010976499413
5.780000000000000 0.017814559591522
5.790000000000000 0.017618553084985
5.800000000000000 0.017422956321943
5.810000000000000 0.017245868061381
5.820000000000000 0.017069148659182
5.830000000000000 0.016892797521684
5.840000000000000 0.016716814052547
5.850000000000000 0.016541197652811
5.860000000000000 0.016365947720956
5.870000000000000 0.016191063652963
5.880000000000000 0.016016544842370
5.890000000000000 0.015842390680327
5.900000000000000 0.015668600555659
5.910000000000000 0.015511059966642
5.920000000000000 0.015353847518272
5.930000000000000 0.015196962658774
5.940000000000000 0.015040404834390
5.950000000000000 0.014884173489428
5.960000000000000 0.014728268066306
5.970000000000000 0.014572688005605
5.980000000000000 0.014417432746111
5.990000000000000 0.014262501724860
6.000000000000000 0.014107894377187
6.010000000000000 0.013967576845002
6.020000000000000 0.013827551432661
6.030000000000000 0.013687817630116
6.040000000000000 0.013548374925874
6.050000000000000 0.013409222807037
6.060000000000000 0.013270360759337
6.070000000000000 0.013131788267180
6.080000000000000 0.012993504813675
6.090000000000000 0.012855509880676
6.100000000000000 0.012717802948817
6.110000000000000 0.012592704958505
6.120000000000000 0.012467867152338
6.130000000000000 0.012343289061016
6.140000000000000 0.012218970214209
6.150000000000000 0.012094910140591
6.160000000000000 0.011971108367866
6.170000000000000 0.011847564422803
6.180000000000000 0.011724277831262
6.190000000000000 0.011601248118227
6.200000000000000 0.011478474807828
6.210000000000000 0.011366818627608
6.220000000000000 0.011255394355451
6.230000000000000 0.011144201561087
6.240000000000000 0.011033239813533
6.250000000000000 0.010922508681123
6.260000000000000 0.010812007731529
6.270000000000000 0.010701736531789
6.280000000000000 0.010591694648325
6.290000000000000 0.010481881646974
6.300000000000000 0.010372297093004
6.310000000000000 0.010272488555585
6.320000000000000 0.010172886959667
6.330000000000000 0.010073491911729
6.340000000000000 0.009974303017784
6.350000000000000 0.009875319883401
6.360000000000000 0.009776542113721
6.370000000000000 0.009677969313478
6.380000000000000 0.009579601087018
6.390000000000000 0.009481437038317
6.400000000000000 0.009383476771001
6.410000000000000 0.009294152783285
6.420000000000000 0.009205013615257
6.430000000000000 0.009116058907825
6.440000000000000 0.009027288301612
6.450000000000000 0.008938701436978
6.460000000000000 0.008850297954033
6.470000000000000 0.008762077492654
6.480000000000000 0.008674039692499
6.490000000000000 0.008586184193023
6.500000000000000 0.008498510633490
6.510000000000000 0.008418477105911
6.520000000000000 0.008338608781566
6.530000000000000 0.008258905333375
6.540000000000000 0.008179366434117
6.550000000000000 0.008099991756442
6.560000000000000 0.008020780972884
6.570000000000000 0.007941733755870
6.580000000000000 0.007862849777740
6.590000000000000 0.007784128710752
6.600000000000000 0.007705570227094
6.610000000000000 0.007633777257040
6.620000000000000 0.007562132086600
6.630000000000000 0.007490634418286
6.640000000000000 0.007419283954572
6.650000000000000 0.007348080397904
6.660000000000000 0.007277023450709
6.670000000000000 0.007206112815409
6.680000000000000 0.007135348194424
6.690000000000000 0.007064729290189
6.700000000000000 0.006994255805157
6.710000000000000 0.006929780119779
6.720000000000000 0.006865436783598
6.730000000000000 0.006801225526347
6.740000000000000 0.006737146077795
6.750000000000000 0.006673198167759
6.760000000000000 0.006609381526110
6.770000000000000 0.006545695882780
6.780000000000000 0.006482140967772
6.790000000000000 0.006418716511165
6.800000000000000 0.006355422243123
6.810000000000000 0.006297451526956
6.820000000000000 0.006239599433225
6.830000000000000 0.006181865716610
6.840000000000000 0.006124250131880
6.850000000000000 0.006066752433904
6.860000000000000 0.006009372377657
6.870000000000000 0.005952109718225
6.880000000000000 0.005894964210812
6.890000000000000 0.005837935610745
6.900000000000000 0.005781023673483
6.910000000000000 0.005728843439619
6.920000000000000 0.005676769621137
6.930000000000000 0.005624801995511
6.940000000000000 0.005572940340343
6.950000000000000 0.005521184433373
6.960000000000000 0.005469534052479
6.970000000000000 0.005417988975686
6.980000000000000 0.005366548981170
6.990000000000000 0.005315213847263
7.000000000000000 0.005263983352456
7.010000000000000 0.005216963443609
7.020000000000000 0.005170039085877
7.030000000000000 0.005123210077512
7.040000000000000 0.005076476216918
7.050000000000000 0.005029837302662
7.060000000000000 0.004983293133472
7.070000000000000 0.004936843508248
7.080000000000000 0.004890488226059
7.090000000000000 0.004844227086149
7.100000000000000 0.004798059887945
7.110000000000000 0.004755648107003
7.120000000000000 0.004713322191265
7.130000000000000 0.004671081957902
7.140000000000000 0.004628927224256
7.150000000000000 0.004586857807843
7.160000000000000 0.004544873526359
7.170000000000000 0.004502974197678
7.180000000000000 0.004461159639861
7.190000000000000 0.004419429671156
7.200000000000000 0.004377784110001
7.210000000000000 0.004339481241284
7.220000000000000 0.004301255617594
7.230000000000000 0.004263107073251
7.240000000000000 0.004225035442757
7.250000000000000 0.004187040560793
7.260000000000000 0.004149122262227
7.270000000000000 0.004111280382117
7.280000000000000 0.004073514755707
7.290000000000000 0.004035825218437
7.300000000000000 0.003998211605940
7.310000000000000 0.003963588662175
7.320000000000000 0.003929035260021
7.330000000000000 0.003894551249380
7.340000000000000 0.003860136480339
7.350000000000000 0.003825790803169
7.360000000000000 0.003791514068328
7.370000000000000 0.003757306126463
7.380000000000000 0.003723166828412
7.390000000000000 0.003689096025208
7.400000000000000 0.003655093568076
7.410000000000000 0.003623767551420
7.420000000000000 0.003592504191365
7.430000000000000 0.003561303351946
7.440000000000000 0.003530164897379
7.450000000000000 0.003499088692065
7.460000000000000 0.003468074600590
7.470000000000000 0.003437122487725
7.480000000000000 0.003406232218433
7.490000000000000 0.003375403657862
7.500000000000000 0.003344636671357
7.510000000000000 0.003316253785921
7.520000000000000 0.003287927426764
7.530000000000000 0.003259657470662
7.540000000000000 0.003231443794568
7.550000000000000 0.003203286275615
7.560000000000000 0.003175184791118
7.570000000000000 0.003147139218573
7.580000000000000 0.003119149435657
7.590000000000000 0.003091215320236
7.600000000000000 0.003063336750356
7.610000000000000 0.003037594921079
7.620000000000000 0.003011904132435
7.630000000000000 0.002986264272731
7.640000000000000 0.002960675230445
7.650000000000000 0.002935136894231
7.660000000000000 0.002909649152915
7.670000000000000 0.002884211895499
7.680000000000000 0.002858825011162
7.690000000000000 0.002833488389258
7.700000000000000 0.002808201919320
7.710000000000000 0.002784831820037
7.720000000000000 0.002761507849890
7.730000000000000 0.002738229907613
7.740000000000000 0.002714997892107
7.750000000000000 0.002691811702438
7.760000000000000 0.002668671237838
7.770000000000000 0.002645576397708
7.780000000000000 0.002622527081615
7.790000000000000 0.002599523189296
7.800000000000000 0.002576564620658
7.810000000000000 0.002555331156685
7.820000000000000 0.002534139411346
7.830000000000000 0.002512989292824
7.840000000000000 0.002491880709460
7.850000000000000 0.002470813569753
7.860000000000000 0.002449787782359
7.870000000000000 0.002428803256094
7.880000000000000 0.002407859899931
7.890000000000000 0.002386957623005
7.900000000000000 0.002366096334610
7.910000000000000 0.002346780241112
7.920000000000000 0.002327501921294
7.930000000000000 0.002308261291857
7.940000000000000 0.002289058269648
7.950000000000000 0.002269892771665
7.960000000000000 0.002250764715054
7.970000000000000 0.002231674017111
7.980000000000000 0.002212620595282
7.990000000000000 0.002193604367163
8.000000000000000 0.002174625250501
8.010000000000000 0.002157036506806
8.020000000000000 0.002139481995083
8.029999999999999 0.002121961639730
8.039999999999999 0.002104475365283
8.050000000000001 0.002087023096419
8.060000000000000 0.002069604757956
8.070000000000000 0.002052220274851
8.080000000000000 0.002034869572203
8.090000000000000 0.002017552575251
8.100000000000000 0.002000269209375
8.109999999999999 0.001984239462784
8.119999999999999 0.001968240763162
8.130000000000001 0.001952273041872
8.140000000000001 0.001936336230406
8.150000000000000 0.001920430260387
8.160000000000000 0.001904555063570
8.170000000000000 0.001888710571839
8.180000000000000 0.001872896717212
8.190000000000000 0.001857113431838
8.199999999999999 0.001841360647997
8.210000000000001 0.001826737977878
8.220000000000001 0.001812143490750
8.230000000000000 0.001797577124270
8.240000000000000 0.001783038816215
8.250000000000000 0.001768528504486
8.260000000000000 0.001754046127105
8.270000000000000 0.001739591622216
8.279999999999999 0.001725164928087
8.289999999999999 0.001710765983107
8.300000000000001 0.001696394725790
8.310000000000000 0.001683045080854
8.320000000000000 0.001669721037764
8.330000000000000 0.001656422539873
8.340000000000000 0.001643149530648
8.350000000000000 0.001629901953671
8.359999999999999 0.001616679752636
8.369999999999999 0.001603482871352
8.380000000000001 0.001590311253742
8.390000000000001 0.001577164843843
8.400000000000000 0.001564043585804
8.410000000000000 0.001551843081721
8.420000000000000 0.001539665858546
8.430000000000000 0.001527511864778
8.440000000000000 0.001515381049017
8.449999999999999 0.001503273359972
8.460000000000001 0.001491188746456
8.470000000000001 0.001479127157387
8.480000000000000 0.001467088541791
8.490000000000000 0.001455072848797
8.500000000000000 0.001443080027642
8.510000000000000 0.001431918956994
8.520000000000000 0.001420779076268
8.529999999999999 0.001409660338610
8.539999999999999 0.001398562697260
8.550000000000001 0.001387486105561
8.560000000000000 0.001376430516949
8.570000000000000 0.001365395884960
8.580000000000000 0.001354382163229
8.590000000000000 0.001343389305486
8.600000000000000 0.001332417265562
8.609999999999999 0.001322200712930
8.619999999999999 0.001312003458107
8.630000000000001 0.001301825458456
8.640000000000001 0.001291666671427
8.650000000000000 0.001281527054564
8.660000000000000 0.001271406565500
8.670000000000000 0.001261305161960
8.680000000000000 0.001251222801756
8.690000000000000 0.001241159442795
8.699999999999999 0.001231115043070
8.710000000000001 0.001221752829177
8.720000000000001 0.001212408208650
8.730000000000000 0.001203081142659
8.740000000000000 0.001193771592456
8.750000000000000 0.001184479519377
8.760000000000000 0.001175204884840
8.770000000000000 0.001165947650351
8.779999999999999 0.001156707777495
8.789999999999999 0.001147485227942
8.800000000000001 0.001138279963447
8.810000000000000 0.001129694424001
8.820000000000000 0.001121124935072
8.830000000000000 0.001112571461279
8.840000000000000 0.001104033967320
8.850000000000000 0.001095512417971
8.859999999999999 0.001087006778083
8.869999999999999 0.001078517012564
8.880000000000001 0.001070043086464
8.890000000000001 0.001061584964844
8.900000000000000 0.001053142612887
8.910000000000000 0.001045262136737
8.920000000000000 0.001037396316512
8.930000000000000 0.001029545119955
8.940000000000000 0.001021708514884
8.949999999999999 0.001013886469184
8.960000000000001 0.001006078950814
8.970000000000001 0.000998285927804
8.980000000000000 0.000990507368253
8.990000000000000 0.000982743240334
9.000000000000000 0.000974993512288
9.010000000000000 0.000967754486567
9.020000000000000 0.000960528853569
9.029999999999999 0.000953316583871
9.039999999999999 0.000946117648115
9.050000000000001 0.000938932017010
9.060000000000000 0.000931759661329
9.070000000000000 0.000924600551911
9.080000000000000 0.000917454659661
9.090000000000000 0.000910321955550
9.100000000000000 0.000903202410612
9.109999999999999 0.000896547394678
9.119999999999999 0.000889904626489
9.130000000000001 0.000883274079191
9.140000000000001 0.000876655725988
9.150000000000000 0.000870049540149
9.160000000000000 0.000863455494998
9.170000000000000 0.000856873563923
9.180000000000000 0.000850303720372
9.190000000000000 0.000843745937851
9.199999999999999 0.000837200189929
9.210000000000001 0.000831078302651
9.220000000000001 0.000824967622657
9.230000000000000 0.000818868125428
9.240000000000000 0.000812779786499
9.250000000000000 0.000806702581461
9.260000000000000 0.000800636485961
9.270000000000000 0.000794581475701
9.279999999999999 0.000788537526438
9.289999999999999 0.000782504613987
9.300000000000001 0.000776482714215
9.310000000000000 0.000770846825067
9.320000000000000 0.000765221199023
9.330000000000000 0.000759605813679
9.340000000000000 0.000754000646686
9.350000000000000 0.000748405675742
9.359999999999999 0.000742820878601
9.369999999999999 0.000737246233064
9.380000000000001 0.000731681716986
9.390000000000001 0.000726127308271
9.400000000000000 0.000720582984874
9.410000000000000 0.000715389787374
9.420000000000000 0.000710205996810
9.430000000000000 0.000705031592700
9.440000000000000 0.000699866554609
9.449999999999999 0.000694710862149
9.460000000000001 0.000689564494980
9.470000000000001 0.000684427432807
9.480000000000000 0.000679299655384
9.490000000000000 0.000674181142511
9.500000000000000 0.000669071874035
9.510000000000000 0.000664283083058
9.520000000000000 0.000659502920508
9.529999999999999 0.000654731367647
9.539999999999999 0.000649968405781
9.550000000000001 0.000645214016259
9.560000000000000 0.000640468180474
9.570000000000000 0.000635730879863
9.580000000000000 0.000631002095903
9.590000000000000 0.000626281810117
9.600000000000000 0.000621570004071
9.609999999999999 0.000617151870833
9.619999999999999 0.000612741655874
9.630000000000001 0.000608339342047
9.640000000000001 0.000603944912244
9.650000000000000 0.000599558349398
9.660000000000000 0.000595179636481
9.670000000000000 0.000590808756504
9.680000000000000 0.000586445692519
9.690000000000000 0.000582090427618
9.699999999999999 0.000577742944932
9.710000000000001 0.000573662508508
9.720000000000001 0.000569589346297
9.730000000000000 0.000565523442590
9.740000000000000 0.000561464781717
9.750000000000000 0.000557413348046
9.760000000000000 0.000553369125978
9.770000000000000 0.000549332099954
9.779999999999999 0.000545302254450
9.789999999999999 0.000541279573978
9.800000000000001 0.000537264043088
9.810000000000000 0.000533493019730
9.820000000000000 0.000529728683254
9.830000000000000 0.000525971019267
9.840000000000000 0.000522220013405
9.850000000000000 0.000518475651343
9.859999999999999 0.000514737918785
9.869999999999999 0.000511006801472
9.880000000000001 0.000507282285176
9.890000000000001 0.000503564355705
9.900000000000000 0.000499852998899
9.910000000000000 0.000496364850037
9.920000000000000 0.000492882853596
9.930000000000000 0.000489406996372
9.940000000000000 0.000485937265195
9.949999999999999 0.000482473646923
9.960000000000001 0.000479016128445
9.970000000000001 0.000475564696683
9.980000000000000 0.000472119338589
9.990000000000000 0.000468680041145
10.000000000000000 0.000465246791365
