0.000000000000000 0.000000000000000
0.010000000000000 0.000213255612887
0.020000000000000 0.000853255113078
0.030000000000000 0.001920063375745
0.040000000000000 0.003413374184824
0.050000000000000 0.005332520166750
0.060000000000000 0.007676483020639
0.070000000000000 0.010443904013894
0.080000000000000 0.013633094712390
0.090000000000000 0.017242047914703
0.100000000000000 0.021268448760223
0.110000000000000 0.025633831052607
0.120000000000000 0.030383930028458
0.130000000000000 0.035512649592909
0.140000000000000 0.041013761539774
0.150000000000000 0.046880915701021
0.160000000000000 0.053107649970271
0.170000000000000 0.059687400182950
0.180000000000000 0.066613509836828
0.190000000000000 0.073879239637832
0.200000000000000 0.081477776857147
0.210000000000000 0.089206388101875
0.220000000000000 0.097219895147654
0.230000000000000 0.105509767484713
0.240000000000000 0.114067526073084
0.250000000000000 0.122884749825407
0.260000000000000 0.131953081786871
0.270000000000000 0.141264235011528
0.280000000000000 0.150809998135088
0.290000000000000 0.160582240645183
0.300000000000000 0.170572917850833
0.310000000000000 0.180469160746149
0.320000000000000 0.190534527871679
0.330000000000000 0.200760526323952
0.340000000000000 0.211138824464867
0.350000000000000 0.221661253830232
0.360000000000000 0.232319810753255
0.370000000000000 0.243106657712219
0.380000000000000 0.254014124411817
0.390000000000000 0.265034708607839
0.400000000000000 0.276161076685082
0.410000000000000 0.286996658166715
0.420000000000000 0.297893838205892
0.430000000000000 0.308845517535045
0.440000000000000 0.319844802424482
0.450000000000000 0.330885002895422
0.460000000000000 0.341959630758313
0.470000000000000 0.353062397487980
0.480000000000000 0.364187211946923
0.490000000000000 0.375328177967834
0.500000000000000 0.386479591806144
0.510000000000000 0.397192046828081
0.520000000000000 0.407878685909885
0.530000000000000 0.418534341621172
0.540000000000000 0.429154049808493
0.550000000000000 0.439733045615910
0.560000000000000 0.450266759451769
0.570000000000000 0.460750812910803
0.580000000000000 0.471181014660298
0.590000000000000 0.481553356298621
0.600000000000000 0.491864008194022
0.610000000000000 0.501633183886324
0.620000000000000 0.511312564754215
0.630000000000000 0.520898930366939
0.640000000000000 0.530389235073017
0.650000000000000 0.539780603200387
0.660000000000000 0.549070324292914
0.670000000000000 0.558255848388524
0.680000000000000 0.567334781343777
0.690000000000000 0.576304880209367
0.700000000000000 0.585164048660645
0.710000000000000 0.593425961593856
0.720000000000000 0.601556398889898
0.730000000000000 0.609553825222178
0.740000000000000 0.617416840975383
0.750000000000000 0.625144177579926
0.760000000000000 0.632734692932872
0.770000000000000 0.640187366907107
0.780000000000000 0.647501296950254
0.790000000000000 0.654675693774600
0.800000000000000 0.661709877139015
0.810000000000000 0.668110777089955
0.820000000000000 0.674356787394981
0.830000000000000 0.680447694168526
0.840000000000000 0.686383379916961
0.850000000000000 0.692163819515576
0.860000000000000 0.697789076289627
0.870000000000000 0.703259298198911
0.880000000000000 0.708574714125189
0.890000000000000 0.713735630261632
0.900000000000000 0.718742426603370
0.910000000000000 0.723119433902993
0.920000000000000 0.727332647081400
0.930000000000000 0.731382802295800
0.940000000000000 0.735270697649163
0.950000000000000 0.738997190003185
0.960000000000000 0.742563191891814
0.970000000000000 0.745969668533622
0.980000000000000 0.749217634941217
0.990000000000000 0.752308153125878
1.000000000000000 0.755242329395557
1.010000000000000 0.757579687928324
1.020000000000000 0.759755002440945
1.030000000000000 0.761769630667778
1.040000000000000 0.763624964786372
1.050000000000000 0.765322429059353
1.060000000000000 0.766863477562623
1.070000000000000 0.768249591997731
1.080000000000000 0.769482279586319
1.090000000000000 0.770563071044506
1.100000000000000 0.771493518635140
1.110000000000000 0.771847788829338
1.120000000000000 0.772048509679544
1.130000000000000 0.772097404745424
1.140000000000000 0.771996211576576
1.150000000000000 0.771746680069545
1.160000000000000 0.771350570893572
1.170000000000000 0.770809653982996
1.180000000000000 0.770125707094323
1.190000000000000 0.769300514425939
1.200000000000000 0.768335865298557
1.210000000000000 0.766881003035100
1.220000000000000 0.765285960277034
1.230000000000000 0.763552621103316
1.240000000000000 0.761682869352665
1.250000000000000 0.759678587555203
1.260000000000000 0.757541655915589
1.270000000000000 0.755273951345875
1.280000000000000 0.752877346546400
1.290000000000000 0.750353709133025
1.300000000000000 0.747704900809110
1.310000000000000 0.744651573754928
1.320000000000000 0.741473949529537
1.330000000000000 0.738173928844814
1.340000000000000 0.734753402998481
1.350000000000000 0.731214253237386
1.360000000000000 0.727558350157484
1.370000000000000 0.723787553139152
1.380000000000000 0.719903709816479
1.390000000000000 0.715908655579243
1.400000000000000 0.711804213106291
1.410000000000000 0.707396966418247
1.420000000000000 0.702882323030857
1.430000000000000 0.698262102476015
1.440000000000000 0.693538109562752
1.450000000000000 0.688712134047876
1.460000000000000 0.683785950331603
1.470000000000000 0.678761317177130
1.480000000000000 0.673639977453166
1.490000000000000 0.668423657898437
1.500000000000000 0.663114068907250
1.510000000000000 0.657659784372870
1.520000000000000 0.652115241429597
1.530000000000000 0.646482109305946
1.540000000000000 0.640762040105250
1.550000000000000 0.634956668683641
1.560000000000000 0.629067612544179
1.570000000000000 0.623096471746358
1.580000000000000 0.617044828830310
1.590000000000000 0.610914248755011
1.600000000000000 0.604706278849824
1.610000000000000 0.598505445050807
1.620000000000000 0.592230721830954
1.630000000000000 0.585883591200100
1.640000000000000 0.579465517636723
1.650000000000000 0.572977948096221
1.660000000000000 0.566422312028990
1.670000000000000 0.559800021407799
1.680000000000000 0.553112470763983
1.690000000000000 0.546361037231990
1.700000000000000 0.539547080601828
1.710000000000000 0.532951091164267
1.720000000000000 0.526296495404758
1.730000000000000 0.519584565360148
1.740000000000000 0.512816556535461
1.750000000000000 0.505993707985511
1.760000000000000 0.499117242401963
1.770000000000000 0.492188366205537
1.780000000000000 0.485208269643020
1.790000000000000 0.478178126888798
1.800000000000000 0.471099096150606
1.810000000000000 0.464418809219800
1.820000000000000 0.457693502019129
1.830000000000000 0.450924235002561
1.840000000000000 0.444112053893858
1.850000000000000 0.437257989801834
1.860000000000000 0.430363059338256
1.870000000000000 0.423428264738195
1.880000000000000 0.416454593982627
1.890000000000000 0.409443020923091
1.900000000000000 0.402394505408238
1.910000000000000 0.395916707862490
1.920000000000000 0.389405556252716
1.930000000000000 0.382861909139760
1.940000000000000 0.376286612557137
1.950000000000000 0.369680500133796
1.960000000000000 0.363044393217839
1.970000000000000 0.356379101001055
1.980000000000000 0.349685420644177
1.990000000000000 0.342964137402732
2.000000000000000 0.336216024753391
2.010000000000000 0.330189234392192
2.020000000000000 0.324138745584639
2.030000000000000 0.318065232525864
2.040000000000000 0.311969359196000
2.050000000000000 0.305851779474583
2.060000000000000 0.299713137254970
2.070000000000000 0.293554066558695
2.080000000000000 0.287375191649699
2.090000000000000 0.281177127148386
2.100000000000000 0.274960478145433
2.110000000000000 0.269565438991948
2.120000000000000 0.264154344428972
2.130000000000000 0.258727708057490
2.140000000000000 0.253286035460900
2.150000000000000 0.247829824302959
2.160000000000000 0.242359564425294
2.170000000000000 0.236875737944443
2.180000000000000 0.231378819348399
2.190000000000000 0.225869275592620
2.200000000000000 0.220347566195482
2.210000000000000 0.215683785128330
2.220000000000000 0.211009709023752
2.230000000000000 0.206325718053432
2.240000000000000 0.201632186307017
2.250000000000000 0.196929481870985
2.260000000000000 0.192217966906925
2.270000000000000 0.187497997729231
2.280000000000000 0.182769924882182
2.290000000000000 0.178034093216399
2.300000000000000 0.173290841964674
2.310000000000000 0.169384931734292
2.320000000000000 0.165472854265016
2.330000000000000 0.161554883466779
2.340000000000000 0.157631288774763
2.350000000000000 0.153702335209921
2.360000000000000 0.149768283438944
2.370000000000000 0.145829389833648
2.380000000000000 0.141885906529797
2.390000000000000 0.137938081485341
2.400000000000000 0.133986158538066
2.410000000000000 0.130807587168483
2.420000000000000 0.127625653031332
2.430000000000000 0.124440548576227
2.440000000000000 0.121252463049769
2.450000000000000 0.118061582540213
2.460000000000000 0.114868090021667
2.470000000000000 0.111672165397794
2.480000000000000 0.108473985545046
2.490000000000000 0.105273724355412
2.500000000000000 0.102071552778686
2.510000000000000 0.099547247466839
2.520000000000000 0.097021375706344
2.530000000000000 0.094494069783591
2.540000000000000 0.091965459744869
2.550000000000000 0.089435673428306
2.560000000000000 0.086904836495452
2.570000000000000 0.084373072462469
2.580000000000000 0.081840502730967
2.590000000000000 0.079307246618450
2.600000000000000 0.076773421388407
2.610000000000000 0.074810890898128
2.620000000000000 0.072847869817429
2.630000000000000 0.070884447319575
2.640000000000000 0.068920711042252
2.650000000000000 0.066956747109838
2.660000000000000 0.064992640155385
2.670000000000000 0.063028473342330
2.680000000000000 0.061064328385937
2.690000000000000 0.059100285574451
2.700000000000000 0.057136423789996
2.710000000000000 0.055634284778988
2.720000000000000 0.054132247081799
2.730000000000000 0.052630369919465
2.740000000000000 0.051128711475710
2.750000000000000 0.049627328912168
2.760000000000000 0.048126278383414
2.770000000000000 0.046625615051794
2.780000000000000 0.045125393102058
2.790000000000000 0.043625665755804
2.800000000000000 0.042126485285725
2.810000000000000 0.040994157724941
2.820000000000000 0.039862215422128
2.830000000000000 0.038730697123955
2.840000000000000 0.037599640886206
2.850000000000000 0.036469084084017
2.860000000000000 0.035339063421974
2.870000000000000 0.034209614944068
2.880000000000000 0.033080774043523
2.890000000000000 0.031952575472485
2.900000000000000 0.030825053351580
2.910000000000000 0.029980602775627
2.920000000000000 0.029136639049954
2.930000000000000 0.028293187241060
2.940000000000000 0.027450271959798
2.950000000000000 0.026607917368173
2.960000000000000 0.025766147186042
2.970000000000000 0.024924984697722
2.980000000000000 0.024084452758511
2.990000000000000 0.023244573801110
3.000000000000000 0.022405369841964
3.010000000000000 0.021781056307773
3.020000000000000 0.021157231076327
3.030000000000000 0.020533910203869
3.040000000000000 0.019911109448497
3.050000000000000 0.019288844274635
3.060000000000000 0.018667129857432
3.070000000000000 0.018045981087114
3.080000000000000 0.017425412573265
3.090000000000000 0.016805438649049
3.100000000000000 0.016186073375375
3.110000000000000 0.015728080753956
3.120000000000000 0.015270528525527
3.130000000000000 0.014813426876220
3.140000000000000 0.014356785798440
3.150000000000000 0.013900615093775
3.160000000000000 0.013444924375871
3.170000000000000 0.012989723073269
3.180000000000000 0.012535020432192
3.190000000000000 0.012080825519302
3.200000000000000 0.011627147224413
3.210000000000000 0.011293295245325
3.220000000000000 0.010959816733276
3.230000000000000 0.010626718092261
3.240000000000000 0.010294005601103
3.250000000000000 0.009961685415348
3.260000000000000 0.009629763569120
3.270000000000000 0.009298245976962
3.280000000000000 0.008967138435643
3.290000000000000 0.008636446625944
3.300000000000000 0.008306176114411
3.310000000000000 0.008064118514497
3.320000000000000 0.007822365073791
3.330000000000000 0.007580919782498
3.340000000000000 0.007339786550337
3.350000000000000 0.007098969207760
3.360000000000000 0.006858471507153
3.370000000000000 0.006618297124015
3.380000000000000 0.006378449658128
3.390000000000000 0.006138932634707
3.400000000000000 0.005899749505529
3.410000000000000 0.005725069601667
3.420000000000000 0.005550630385997
3.430000000000000 0.005376434321432
3.440000000000000 0.005202483819350
3.450000000000000 0.005028781240380
3.460000000000000 0.004855328895166
3.470000000000000 0.004682129045132
3.480000000000000 0.004509183903225
3.490000000000000 0.004336495634658
3.500000000000000 0.004164066357632
3.510000000000000 0.004038732791704
3.520000000000000 0.003913585296912
3.530000000000000 0.003788625375860
3.540000000000000 0.003663854498329
3.550000000000000 0.003539274101779
3.560000000000000 0.003414885591840
3.570000000000000 0.003290690342796
3.580000000000000 0.003166689698066
3.590000000000000 0.003042884970669
3.600000000000000 0.002919277443694
3.610000000000000 0.002829769295175
3.620000000000000 0.002740402456207
3.630000000000000 0.002651177832237
3.640000000000000 0.002562096307900
3.650000000000000 0.002473158747338
3.660000000000000 0.002384365994514
3.670000000000000 0.002295718873521
3.680000000000000 0.002207218188879
3.690000000000000 0.002118864725843
3.700000000000000 0.002030659250691
3.710000000000000 0.001967096661560
3.720000000000000 0.001903639697202
3.730000000000000 0.001840288894830
3.740000000000000 0.001777044778535
3.750000000000000 0.001713907859489
3.760000000000000 0.001650878636140
3.770000000000000 0.001587957594406
3.780000000000000 0.001525145207871
3.790000000000000 0.001462441937969
3.800000000000000 0.001399848234174
3.810000000000000 0.001354980363404
3.820000000000000 0.001310190338837
3.830000000000000 0.001265478473240
3.840000000000000 0.001220845071156
3.850000000000000 0.001176290429029
3.860000000000000 0.001131814835331
3.870000000000000 0.001087418570683
3.880000000000000 0.001043101907975
3.890000000000000 0.000998865112486
3.900000000000000 0.000954708442000
3.910000000000000 0.000923251504686
3.920000000000000 0.000891851180449
3.930000000000000 0.000860507647053
3.940000000000000 0.000829221077142
3.950000000000000 0.000797991638323
3.960000000000000 0.000766819493240
3.970000000000000 0.000735704799652
3.980000000000000 0.000704647710507
3.990000000000000 0.000673648374020
4.000000000000000 0.000642706933741
4.010000000000000 0.000620815111392
4.020000000000000 0.000598963939672
4.030000000000000 0.000577153516493
4.040000000000000 0.000555383936609
4.050000000000000 0.000533655291659
4.060000000000000 0.000511967670221
4.070000000000000 0.000490321157856
4.080000000000000 0.000468715837156
4.090000000000000 0.000447151787790
4.100000000000000 0.000425629086550
4.110000000000000 0.000410531894110
4.120000000000000 0.000395463498981
4.130000000000000 0.000380423952778
4.140000000000000 0.000365413305183
4.150000000000000 0.000350431603975
4.160000000000000 0.000335478895061
4.170000000000000 0.000320555222502
4.180000000000000 0.000305660628548
4.190000000000000 0.000290795153659
4.200000000000000 0.000275958836538
4.210000000000000 0.000265649833353
4.220000000000000 0.000255360956801
4.230000000000000 0.000245092232387
4.240000000000000 0.000234843684448
4.250000000000000 0.000224615336167
4.260000000000000 0.000214407209597
4.270000000000000 0.000204219325677
4.280000000000000 0.000194051704245
4.290000000000000 0.000183904364065
4.300000000000000 0.000173777322832
4.310000000000000 0.000166819698090
4.320000000000000 0.000159875935327
4.330000000000000 0.000152946045844
4.340000000000000 0.000146030040244
4.350000000000000 0.000139127928442
4.360000000000000 0.000132239719678
4.370000000000000 0.000125365422529
4.380000000000000 0.000118505044913
4.390000000000000 0.000111658594108
4.400000000000000 0.000104826076758
4.410000000000000 0.000100192644048
4.420000000000000 0.000095568609683
4.430000000000000 0.000090953977628
4.440000000000000 0.000086348751438
4.450000000000000 0.000081752934265
4.460000000000000 0.000077166528865
4.470000000000000 0.000072589537601
4.480000000000000 0.000068021962453
4.490000000000000 0.000063463805024
4.500000000000000 0.000058915066543
4.510000000000000 0.000055876857160
4.520000000000000 0.000052844910860
4.530000000000000 0.000049819228115
4.540000000000000 0.000046799809161
4.550000000000000 0.000043786654001
4.560000000000000 0.000040779762409
4.570000000000000 0.000037779133934
4.580000000000000 0.000034784767904
4.590000000000000 0.000031796663428
4.600000000000000 0.000028814819401
4.610000000000000 0.000026857103790
4.620000000000000 0.000024903485336
4.630000000000000 0.000022953963077
4.640000000000000 0.000021008535916
4.650000000000000 0.000019067202625
4.660000000000000 0.000017129961847
4.670000000000000 0.000015196812097
4.680000000000000 0.000013267751768
4.690000000000000 0.000011342779128
4.700000000000000 0.000009421892325
4.710000000000000 0.000008470641371
4.720000000000000 0.000007521407102
4.730000000000000 0.000006574188502
4.740000000000000 0.000005628984497
4.750000000000000 0.000004685793960
4.760000000000000 0.000003744615706
4.770000000000000 0.000002805448499
4.780000000000000 0.000001868291049
4.790000000000000 0.000000933142013
4.800000000000000 0.000000000000000
4.810000000000000 0.000000000000000
4.820000000000000 0.000000000000000
4.830000000000000 0.000000000000000
4.840000000000000 0.000000000000000
4.850000000000000 0.000000000000000
4.860000000000000 0.000000000000000
4.870000000000000 0.000000000000000
4.880000000000000 0.000000000000000
4.890000000000000 0.000000000000000
4.900000000000000 -0.000000000000000
4.910000000000000 0.000000000000000
4.920000000000000 0.000000000000000
4.930000000000000 0.000000000000000
4.940000000000000 0.000000000000000
4.950000000000000 0.000000000000000
4.960000000000000 0.000000000000000
4.970000000000000 0.000000000000000
4.980000000000000 0.000000000000000
4.990000000000000 0.000000000000000
5.000000000000000 -0.000000000000000
5.010000000000000 0.000000000000000
5.020000000000000 0.000000000000000
5.030000000000000 0.000000000000000
5.040000000000000 0.000000000000000
5.050000000000000 0.000000000000000
5.060000000000000 0.000000000000000
5.070000000000000 0.000000000000000
5.080000000000000 0.000000000000000
5.090000000000000 0.000000000000000
5.100000000000000 -0.000000000000000
5.110000000000000 0.000000000000000
5.120000000000000 0.000000000000000
5.130000000000000 0.000000000000000
5.140000000000000 0.000000000000000
5.150000000000000 0.000000000000000
5.160000000000000 0.000000000000000
5.170000000000000 0.000000000000000
5.180000000000000 0.000000000000000
5.190000000000000 0.000000000000000
5.200000000000000 -0.000000000000000
5.210000000000000 0.000000000000000
5.220000000000000 0.000000000000000
5.230000000000000 0.000000000000000
5.240000000000000 0.000000000000000
5.250000000000000 0.000000000000000
5.260000000000000 0.000000000000000
5.270000000000000 0.000000000000000
5.280000000000000 0.000000000000000
5.290000000000000 0.000000000000000
5.300000000000000 0.000000000000000
5.310000000000000 0.000000000000000
5.320000000000000 0.000000000000000
5.330000000000000 0.000000000000000
5.340000000000000 0.000000000000000
5.350000000000000 0.000000000000000
5.360000000000000 0.000000000000000
5.370000000000000 0.000000000000000
5.380000000000000 0.000000000000000
5.390000000000000 0.000000000000000
5.400000000000000 -0.000000000000000
5.410000000000000 0.000000000000000
5.420000000000000 0.000000000000000
5.430000000000000 0.000000000000000
5.440000000000000 0.000000000000000
5.450000000000000 0.000000000000000
5.460000000000000 0.000000000000000
5.470000000000000 0.000000000000000
5.480000000000000 0.000000000000000
5.490000000000000 0.000000000000000
5.500000000000000 -0.000000000000000
5.510000000000000 0.000000000000000
5.520000000000000 0.000000000000000
5.530000000000000 0.000000000000000
5.540000000000000 0.000000000000000
5.550000000000000 0.000000000000000
5.560000000000000 0.000000000000000
5.570000000000000 0.000000000000000
5.580000000000000 0.000000000000000
5.590000000000000 0.000000000000000
5.600000000000000 -0.000000000000000
5.610000000000000 0.000000000000000
5.620000000000000 0.000000000000000
5.630000000000000 0.000000000000000
5.640000000000000 0.000000000000000
5.650000000000000 0.000000000000000
5.660000000000000 0.000000000000000
5.670000000000000 0.000000000000000
5.680000000000000 0.000000000000000
5.690000000000000 0.000000000000000
5.700000000000000 -0.000000000000000
5.710000000000000 0.000000000000000
5.720000000000000 0.000000000000000
5.730000000000000 0.000000000000000
5.740000000000000 0.000000000000000
5.750000000000000 0.000000000000000
5.760000000000000 0.000000000000000
5.770000000000000 0.000000000000000
5.780000000000000 0.000000000000000
5.790000000000000 0.000000000000000
5.800000000000000 0.000000000000000
5.810000000000000 0.000000000000000
5.820000000000000 0.000000000000000
5.830000000000000 0.000000000000000
5.840000000000000 0.000000000000000
5.850000000000000 0.000000000000000
5.860000000000000 0.000000000000000
5.870000000000000 0.000000000000000
5.880000000000000 0.000000000000000
5.890000000000000 0.000000000000000
5.900000000000000 -0.000000000000000
5.910000000000000 0.000000000000000
5.920000000000000 0.000000000000000
5.930000000000000 0.000000000000000
5.940000000000000 0.000000000000000
5.950000000000000 0.000000000000000
5.960000000000000 0.000000000000000
5.970000000000000 0.000000000000000
5.980000000000000 0.000000000000000
5.990000000000000 0.000000000000000
6.000000000000000 -0.000000000000000
6.010000000000000 0.000000000000000
6.020000000000000 0.000000000000000
6.030000000000000 0.000000000000000
6.040000000000000 0.000000000000000
6.050000000000000 0.000000000000000
6.060000000000000 0.000000000000000
6.070000000000000 0.000000000000000
6.080000000000000 0.000000000000000
6.090000000000000 0.000000000000000
6.100000000000000 -0.000000000000000
6.110000000000000 0.000000000000000
6.120000000000000 0.000000000000000
6.130000000000000 0.000000000000000
6.140000000000000 0.000000000000000
6.150000000000000 0.000000000000000
6.160000000000000 0.000000000000000
6.170000000000000 0.000000000000000
6.180000000000000 0.000000000000000
6.190000000000000 0.000000000000000
6.200000000000000 -0.000000000000000
6.210000000000000 0.000000000000000
6.220000000000000 0.000000000000000
6.230000000000000 0.000000000000000
6.240000000000000 0.000000000000000
6.250000000000000 0.000000000000000
6.260000000000000 0.000000000000000
6.270000000000000 0.000000000000000
6.280000000000000 0.000000000000000
6.290000000000000 0.000000000000000
6.300000000000000 0.000000000000000
6.310000000000000 0.000000000000000
6.320000000000000 0.000000000000000
6.330000000000000 0.000000000000000
6.340000000000000 0.000000000000000
6.350000000000000 0.000000000000000
6.360000000000000 0.000000000000000
6.370000000000000 0.000000000000000
6.380000000000000 0.000000000000000
6.390000000000000 0.000000000000000
6.400000000000000 -0.000000000000000
6.410000000000000 0.000000000000000
6.420000000000000 0.000000000000000
6.430000000000000 0.000000000000000
6.440000000000000 0.000000000000000
6.450000000000000 0.000000000000000
6.460000000000000 0.000000000000000
6.470000000000000 0.000000000000000
6.480000000000000 0.000000000000000
6.490000000000000 0.000000000000000
6.500000000000000 -0.000000000000000
6.510000000000000 0.000000000000000
6.520000000000000 0.000000000000000
6.530000000000000 0.000000000000000
6.540000000000000 0.000000000000000
6.550000000000000 0.000000000000000
6.560000000000000 0.000000000000000
6.570000000000000 0.000000000000000
6.580000000000000 0.000000000000000
6.590000000000000 0.000000000000000
6.600000000000000 -0.000000000000000
6.610000000000000 0.000000000000000
6.620000000000000 0.000000000000000
6.630000000000000 0.000000000000000
6.640000000000000 0.000000000000000
6.650000000000000 0.000000000000000
6.660000000000000 0.000000000000000
6.670000000000000 0.000000000000000
6.680000000000000 0.000000000000000
6.690000000000000 0.000000000000000
6.700000000000000 -0.000000000000000
6.710000000000000 0.000000000000000
6.720000000000000 0.000000000000000
6.730000000000000 0.000000000000000
6.740000000000000 0.000000000000000
6.750000000000000 0.000000000000000
6.760000000000000 0.000000000000000
6.770000000000000 0.000000000000000
6.780000000000000 0.000000000000000
6.790000000000000 0.000000000000000
6.800000000000000 0.000000000000000
6.810000000000000 0.000000000000000
6.820000000000000 0.000000000000000
6.830000000000000 0.000000000000000
6.840000000000000 0.000000000000000
6.850000000000000 0.000000000000000
6.860000000000000 0.000000000000000
6.870000000000000 0.000000000000000
6.880000000000000 0.000000000000000
6.890000000000000 0.000000000000000
6.900000000000000 -0.000000000000000
6.910000000000000 0.000000000000000
6.920000000000000 0.000000000000000
6.930000000000000 0.000000000000000
6.940000000000000 0.000000000000000
6.950000000000000 0.000000000000000
6.960000000000000 0.000000000000000
6.970000000000000 0.000000000000000
6.980000000000000 0.000000000000000
6.990000000000000 0.000000000000000
7.000000000000000 -0.000000000000000
7.010000000000000 0.000000000000000
7.020000000000000 0.000000000000000
7.030000000000000 0.000000000000000
7.040000000000000 0.000000000000000
7.050000000000000 0.000000000000000
7.060000000000000 0.000000000000000
7.070000000000000 0.000000000000000
7.080000000000000 0.000000000000000
7.090000000000000 0.000000000000000
7.100000000000000 -0.000000000000000
7.110000000000000 0.000000000000000
7.120000000000000 0.000000000000000
7.130000000000000 0.000000000000000
7.140000000000000 0.000000000000000
7.150000000000000 0.000000000000000
7.160000000000000 0.000000000000000
7.170000000000000 0.000000000000000
7.180000000000000 0.000000000000000
7.190000000000000 0.000000000000000
7.200000000000000 -0.000000000000000
7.210000000000000 0.000000000000000
7.220000000000000 0.000000000000000
7.230000000000000 0.000000000000000
7.240000000000000 0.000000000000000
7.250000000000000 0.000000000000000
7.260000000000000 0.000000000000000
7.270000000000000 0.000000000000000
7.280000000000000 0.000000000000000
7.290000000000000 0.000000000000000
7.300000000000000 0.000000000000000
7.310000000000000 0.000000000000000
7.320000000000000 0.000000000000000
7.330000000000000 0.000000000000000
7.340000000000000 0.000000000000000
7.350000000000000 0.000000000000000
7.360000000000000 0.000000000000000
7.370000000000000 0.000000000000000
7.380000000000000 0.000000000000000
7.390000000000000 0.000000000000000
7.400000000000000 -0.000000000000000
7.410000000000000 0.000000000000000
7.420000000000000 0.000000000000000
7.430000000000000 0.000000000000000
7.440000000000000 0.000000000000000
7.450000000000000 0.000000000000000
7.460000000000000 0.000000000000000
7.470000000000000 0.000000000000000
7.480000000000000 0.000000000000000
7.490000000000000 0.000000000000000
7.500000000000000 -0.000000000000000
7.510000000000000 0.000000000000000
7.520000000000000 0.000000000000000
7.530000000000000 0.000000000000000
7.540000000000000 0.000000000000000
7.550000000000000 0.000000000000000
7.560000000000000 0.000000000000000
7.570000000000000 0.000000000000000
7.580000000000000 0.000000000000000
7.590000000000000 0.000000000000000
7.600000000000000 -0.000000000000000
7.610000000000000 0.000000000000000
7.620000000000000 0.000000000000000
7.630000000000000 0.000000000000000
7.640000000000000 0.000000000000000
7.650000000000000 0.000000000000000
7.660000000000000 0.000000000000000
7.670000000000000 0.000000000000000
7.680000000000000 0.000000000000000
7.690000000000000 0.000000000000000
7.700000000000000 -0.000000000000000
7.710000000000000 0.000000000000000
7.720000000000000 0.000000000000000
7.730000000000000 0.000000000000000
7.740000000000000 0.000000000000000
7.750000000000000 0.000000000000000
7.760000000000000 0.000000000000000
7.770000000000000 0.000000000000000
7.780000000000000 0.000000000000000
7.790000000000000 0.000000000000000
7.800000000000000 0.000000000000000
7.810000000000000 0.000000000000000
7.820000000000000 0.000000000000000
7.830000000000000 0.000000000000000
7.840000000000000 0.000000000000000
7.850000000000000 0.000000000000000
7.860000000000000 0.000000000000000
7.870000000000000 0.000000000000000
7.880000000000000 0.000000000000000
7.890000000000000 0.000000000000000
7.900000000000000 -0.000000000000000
7.910000000000000 0.000000000000000
7.920000000000000 0.000000000000000
7.930000000000000 0.000000000000000
7.940000000000000 0.000000000000000
7.950000000000000 0.000000000000000
7.960000000000000 0.000000000000000
7.970000000000000 0.000000000000000
7.980000000000000 0.000000000000000
7.990000000000000 0.000000000000000
8.000000000000000 -0.000000000000000
8.010000000000000 0.000000000000000
8.020000000000000 0.000000000000000
8.029999999999999 0.000000000000000
8.039999999999999 0.000000000000000
8.050000000000001 0.000000000000000
8.060000000000000 0.000000000000000
8.070000000000000 0.000000000000000
8.080000000000000 0.000000000000000
8.090000000000000 0.000000000000000
8.100000000000000 -0.000000000000000
8.109999999999999 0.000000000000000
8.119999999999999 0.000000000000000
8.130000000000001 0.000000000000000
8.140000000000001 0.000000000000000
8.150000000000000 0.000000000000000
8.160000000000000 0.000000000000000
8.170000000000000 0.000000000000000
8.180000000000000 0.000000000000000
8.190000000000000 0.000000000000000
8.199999999999999 0.000000000000000
8.210000000000001 0.000000000000000
8.220000000000001 0.000000000000000
8.230000000000000 0.000000000000000
8.240000000000000 0.000000000000000
8.250000000000000 0.000000000000000
8.260000000000000 0.000000000000000
8.270000000000000 0.000000000000000
8.279999999999999 0.000000000000000
8.289999999999999 0.000000000000000
8.300000000000001 -0.000000000000000
8.310000000000000 0.000000000000000
8.320000000000000 0.000000000000000
8.330000000000000 0.000000000000000
8.340000000000000 0.000000000000000
8.350000000000000 0.000000000000000
8.359999999999999 0.000000000000000
8.369999999999999 0.000000000000000
8.380000000000001 0.000000000000000
8.390000000000001 0.000000000000000
8.400000000000000 -0.000000000000000
8.410000000000000 0.000000000000000
8.420000000000000 0.000000000000000
8.430000000000000 0.000000000000000
8.440000000000000 0.000000000000000
8.449999999999999 0.000000000000000
8.460000000000001 0.000000000000000
8.470000000000001 0.000000000000000
8.480000000000000 0.000000000000000
8.490000000000000 0.000000000000000
8.500000000000000 -0.000000000000000
8.510000000000000 0.000000000000000
8.520000000000000 0.000000000000000
8.529999999999999 0.000000000000000
8.539999999999999 0.000000000000000
8.550000000000001 0.000000000000000
8.560000000000000 0.000000000000000
8.570000000000000 0.000000000000000
8.580000000000000 0.000000000000000
8.590000000000000 0.000000000000000
8.600000000000000 -0.000000000000000
8.609999999999999 0.000000000000000
8.619999999999999 0.000000000000000
8.630000000000001 0.000000000000000
8.640000000000001 0.000000000000000
8.650000000000000 0.000000000000000
8.660000000000000 0.000000000000000
8.670000000000000 0.000000000000000
8.680000000000000 0.000000000000000
8.690000000000000 0.000000000000000
8.699999999999999 -0.000000000000000
8.710000000000001 0.000000000000000
8.720000000000001 0.000000000000000
8.730000000000000 0.000000000000000
8.740000000000000 0.000000000000000
8.750000000000000 0.000000000000000
8.760000000000000 0.000000000000000
8.770000000000000 0.000000000000000
8.779999999999999 0.000000000000000
8.789999999999999 0.000000000000000
8.800000000000001 -0.000000000000000
8.810000000000000 0.000000000000000
8.820000000000000 0.000000000000000
8.830000000000000 0.000000000000000
8.840000000000000 0.000000000000000
8.850000000000000 0.000000000000000
8.859999999999999 0.000000000000000
8.869999999999999 0.000000000000000
8.880000000000001 0.000000000000000
8.890000000000001 0.000000000000000
8.900000000000000 -0.000000000000000
8.910000000000000 0.000000000000000
8.920000000000000 0.000000000000000
8.930000000000000 0.000000000000000
8.940000000000000 0.000000000000000
8.949999999999999 0.000000000000000
8.960000000000001 0.000000000000000
8.970000000000001 0.000000000000000
8.980000000000000 0.000000000000000
8.990000000000000 0.000000000000000
9.000000000000000 -0.000000000000000
9.010000000000000 0.000000000000000
9.020000000000000 0.000000000000000
9.029999999999999 0.000000000000000
9.039999999999999 0.000000000000000
9.050000000000001 0.000000000000000
9.060000000000000 0.000000000000000
9.070000000000000 0.000000000000000
9.080000000000000 0.000000000000000
9.090000000000000 0.000000000000000
9.100000000000000 -0.000000000000000
9.109999999999999 0.000000000000000
9.119999999999999 0.000000000000000
9.130000000000001 0.000000000000000
9.140000000000001 0.000000000000000
9.150000000000000 0.000000000000000
9.160000000000000 0.000000000000000
9.170000000000000 0.000000000000000
9.180000000000000 0.000000000000000
9.190000000000000 0.000000000000000
9.199999999999999 -0.000000000000000
9.210000000000001 0.000000000000000
9.220000000000001 0.000000000000000
9.230000000000000 0.000000000000000
9.240000000000000 0.000000000000000
9.250000000000000 0.000000000000000
9.260000000000000 0.000000000000000
9.270000000000000 0.000000000000000
9.279999999999999 0.000000000000000
9.289999999999999 0.000000000000000
9.300000000000001 -0.000000000000000
9.310000000000000 0.000000000000000
9.320000000000000 0.000000000000000
9.330000000000000 0.000000000000000
9.340000000000000 0.000000000000000
9.350000000000000 0.000000000000000
9.359999999999999 0.000000000000000
9.369999999999999 0.000000000000000
9.380000000000001 0.000000000000000
9.390000000000001 0.000000000000000
9.400000000000000 -0.000000000000000
9.410000000000000 0.000000000000000
9.420000000000000 0.000000000000000
9.430000000000000 0.000000000000000
9.440000000000000 0.000000000000000
9.449999999999999 0.000000000000000
9.460000000000001 0.000000000000000
9.470000000000001 0.000000000000000
9.480000000000000 0.000000000000000
9.490000000000000 0.000000000000000
9.500000000000000 -0.000000000000000
9.510000000000000 0.000000000000000
9.520000000000000 0.000000000000000
9.529999999999999 0.000000000000000
9.539999999999999 0.000000000000000
9.550000000000001 0.000000000000000
9.560000000000000 0.000000000000000
9.570000000000000 0.000000000000000
9.580000000000000 0.000000000000000
9.590000000000000 0.000000000000000
9.600000000000000 0.000000000000000
9.609999999999999 0.000000000000000
9.619999999999999 0.000000000000000
9.630000000000001 0.000000000000000
9.640000000000001 0.000000000000000
9.650000000000000 0.000000000000000
9.660000000000000 0.000000000000000
9.670000000000000 0.000000000000000
9.680000000000000 0.000000000000000
9.690000000000000 0.000000000000000
9.699999999999999 -0.000000000000000
9.710000000000001 0.000000000000000
9.720000000000001 0.000000000000000
9.730000000000000 0.000000000000000
9.740000000000000 0.000000000000000
9.750000000000000 0.000000000000000
9.760000000000000 0.000000000000000
9.770000000000000 0.000000000000000
9.779999999999999 0.000000000000000
9.789999999999999 0.000000000000000
9.800000000000001 -0.000000000000000
9.810000000000000 0.000000000000000
9.820000000000000 0.000000000000000
9.830000000000000 0.000000000000000
9.840000000000000 0.000000000000000
9.850000000000000 0.000000000000000
9.859999999999999 0.000000000000000
9.869999999999999 0.000000000000000
9.880000000000001 0.000000000000000
9.890000000000001 0.000000000000000
9.900000000000000 -0.000000000000000
9.910000000000000 0.000000000000000
9.920000000000000 0.000000000000000
9.930000000000000 0.000000000000000
9.940000000000000 0.000000000000000
9.949999999999999 0.000000000000000
9.960000000000001 0.000000000000000
9.970000000000001 0.000000000000000
9.980000000000000 0.000000000000000
9.990000000000000 0.000000000000000
10.000000000000000 -0.000000000000000
