0.000000000000000 0.000000000000000
0.010000000000000 0.000177989958237
0.020000000000000 0.000720372785709
0.030000000000000 0.001639223209171
0.040000000000000 0.002945895735410
0.050000000000000 0.004651032923220
0.060000000000000 0.006764574472740
0.070000000000000 0.009295767091170
0.080000000000000 0.012253175092683
0.090000000000000 0.015644691689509
0.100000000000000 0.019477550930378
0.110000000000000 0.023624814437162
0.120000000000000 0.028178041177362
0.130000000000000 0.033137414214032
0.140000000000000 0.038502739549594
0.150000000000000 0.044273458173992
0.160000000000000 0.050448658259527
0.170000000000000 0.057027087471926
0.180000000000000 0.064007165368053
0.190000000000000 0.071386995851593
0.200000000000000 0.079164379659035
0.210000000000000 0.086967970665708
0.220000000000000 0.095099632135519
0.230000000000000 0.103553408103567
0.240000000000000 0.112323257918791
0.250000000000000 0.121403065189246
0.260000000000000 0.130786646513967
0.270000000000000 0.140467759992352
0.280000000000000 0.150440113503027
0.290000000000000 0.160697372745148
0.300000000000000 0.171233169036104
0.310000000000000 0.181442370589810
0.320000000000000 0.191851523428757
0.330000000000000 0.202452761600181
0.340000000000000 0.213238328334506
0.350000000000000 0.224200579409372
0.360000000000000 0.235331986235348
0.370000000000000 0.246625138669621
0.380000000000000 0.258072747564348
0.390000000000000 0.269667647056702
0.400000000000000 0.281402796607959
0.410000000000000 0.292514256646188
0.420000000000000 0.303693898120236
0.430000000000000 0.314934536181118
0.440000000000000 0.326229188772096
0.450000000000000 0.337571075038896
0.460000000000000 0.348953613559794
0.470000000000000 0.360370420407021
0.480000000000000 0.371815307050791
0.490000000000000 0.383282278116955
0.500000000000000 0.394765529009079
0.510000000000000 0.405446712292307
0.520000000000000 0.416086581422041
0.530000000000000 0.426679843763388
0.540000000000000 0.437221427330325
0.550000000000000 0.447706476172089
0.560000000000000 0.458130345715047
0.570000000000000 0.468488598069725
0.580000000000000 0.478776997312182
0.590000000000000 0.488991504748490
0.600000000000000 0.499128274170569
0.610000000000000 0.508423199585928
0.620000000000000 0.517599768375281
0.630000000000000 0.526654839784809
0.640000000000000 0.535585466929528
0.650000000000000 0.544388891085402
0.660000000000000 0.553062536040545
0.670000000000000 0.561604002510859
0.680000000000000 0.570011062625044
0.690000000000000 0.578281654483471
0.700000000000000 0.586413876794990
0.710000000000000 0.593779420571465
0.720000000000000 0.600981554216235
0.730000000000000 0.608019018281834
0.740000000000000 0.614890702048337
0.750000000000000 0.621595638053452
0.760000000000000 0.628132996735115
0.770000000000000 0.634502081188040
0.780000000000000 0.640702322035391
0.790000000000000 0.646733272416466
0.800000000000000 0.652594603090997
0.810000000000000 0.657841550536216
0.820000000000000 0.662906253843136
0.830000000000000 0.667788856095849
0.840000000000000 0.672489602551587
0.850000000000000 0.677008836083206
0.860000000000000 0.681346992746642
0.870000000000000 0.685504597472327
0.880000000000000 0.689482259879428
0.890000000000000 0.693280670211590
0.900000000000000 0.696900595392789
0.910000000000000 0.700098143219064
0.920000000000000 0.703113484370238
0.930000000000000 0.705947672902354
0.940000000000000 0.708601825557181
0.950000000000000 0.711077118308543
0.960000000000000 0.713374783021845
0.970000000000000 0.715496104224666
0.980000000000000 0.717442415986262
0.990000000000000 0.719215098903774
1.000000000000000 0.720815577192926
1.010000000000000 0.722197673911239
1.020000000000000 0.723409667107904
1.030000000000000 0.724453109848161
1.040000000000000 0.725329588184263
1.050000000000000 0.726040718724186
1.060000000000000 0.726588146291561
1.070000000000000 0.726973541674523
1.080000000000000 0.727198599461151
1.090000000000000 0.727265035959233
1.100000000000000 0.727174587198053
1.110000000000000 0.727044649488764
1.120000000000000 0.726763072918847
1.130000000000000 0.726331609661838
1.140000000000000 0.725752024531671
1.150000000000000 0.725026093375837
1.160000000000000 0.724155601536629
1.170000000000000 0.723142342378394
1.180000000000000 0.721988115878792
1.190000000000000 0.720694727282061
1.200000000000000 0.719263985812342
1.210000000000000 0.717946803452304
1.220000000000000 0.716498941212769
1.230000000000000 0.714922151829240
1.240000000000000 0.713218187895326
1.250000000000000 0.711388800865719
1.260000000000000 0.709435740107164
1.270000000000000 0.707360751995766
1.280000000000000 0.705165579059065
1.290000000000000 0.702851959161318
1.300000000000000 0.700421624730472
1.310000000000000 0.698222717047881
1.320000000000000 0.695914025337471
1.330000000000000 0.693497185971179
1.340000000000000 0.690973827926746
1.350000000000000 0.688345572213337
1.360000000000000 0.685614031329479
1.370000000000000 0.682780808752121
1.380000000000000 0.679847498455631
1.390000000000000 0.676815684459607
1.400000000000000 0.673686940404385
1.410000000000000 0.670871583008362
1.420000000000000 0.667965789387364
1.430000000000000 0.664971021264300
1.440000000000000 0.661888729453035
1.450000000000000 0.658720353561457
1.460000000000000 0.655467321715468
1.470000000000000 0.652131050303060
1.480000000000000 0.648712943737661
1.490000000000000 0.645214394239943
1.500000000000000 0.641636781637337
1.510000000000000 0.638423984959124
1.520000000000000 0.635137845634539
1.530000000000000 0.631779630658504
1.540000000000000 0.628350594958268
1.550000000000000 0.624851981269515
1.560000000000000 0.621285020025526
1.570000000000000 0.617650929258817
1.580000000000000 0.613950914514700
1.590000000000000 0.610186168776231
1.600000000000000 0.606357872400032
1.610000000000000 0.602923736206070
1.620000000000000 0.599430895590092
1.630000000000000 0.595880425284281
1.640000000000000 0.592273388177397
1.650000000000000 0.588610835292865
1.660000000000000 0.584893805774677
1.670000000000000 0.581123326880712
1.680000000000000 0.577300413983124
1.690000000000000 0.573426070575440
1.700000000000000 0.569501288286034
1.710000000000000 0.565979415243567
1.720000000000000 0.562411075082943
1.730000000000000 0.558797165463869
1.740000000000000 0.555138573154542
1.750000000000000 0.551436174065475
1.760000000000000 0.547690833287754
1.770000000000000 0.543903405135481
1.780000000000000 0.540074733192157
1.790000000000000 0.536205650360800
1.800000000000000 0.532296978917566
1.810000000000000 0.528787555389215
1.820000000000000 0.525241724598145
1.830000000000000 0.521660227725116
1.840000000000000 0.518043796331449
1.850000000000000 0.514393152419723
1.860000000000000 0.510709008496788
1.870000000000000 0.506992067638937
1.880000000000000 0.503243023559095
1.890000000000000 0.499462560675893
1.900000000000000 0.495651354184473
1.910000000000000 0.492224849060266
1.920000000000000 0.488770092505016
1.930000000000000 0.485287691427570
1.940000000000000 0.481778244463604
1.950000000000000 0.478242342045967
1.960000000000000 0.474680566476068
1.970000000000000 0.471093491996219
1.980000000000000 0.467481684862826
1.990000000000000 0.463845703420363
2.000000000000000 0.460186098176033
2.010000000000000 0.456890402858465
2.020000000000000 0.453572999761123
2.030000000000000 0.450234382828782
2.040000000000000 0.446875039019537
2.050000000000000 0.443495448375104
2.060000000000000 0.440096084091415
2.070000000000000 0.436677412589476
2.080000000000000 0.433239893586401
2.090000000000000 0.429783980166609
2.100000000000000 0.426310118853105
2.110000000000000 0.423176519601509
2.120000000000000 0.420026420106916
2.130000000000000 0.416860220543335
2.140000000000000 0.413678315260456
2.150000000000000 0.410481092848861
2.160000000000000 0.407268936205138
2.170000000000000 0.404042222596867
2.180000000000000 0.400801323727429
2.190000000000000 0.397546605800640
2.200000000000000 0.394278429585155
2.210000000000000 0.391324896659373
2.220000000000000 0.388358977820703
2.230000000000000 0.385380996207425
2.240000000000000 0.382391270146727
2.250000000000000 0.379390113212631
2.260000000000000 0.376377834283593
2.270000000000000 0.373354737599804
2.280000000000000 0.370321122820138
2.290000000000000 0.367277285078761
2.300000000000000 0.364223515041371
2.310000000000000 0.361458127371371
2.320000000000000 0.358683583939965
2.330000000000000 0.355900145076219
2.340000000000000 0.353108067160501
2.350000000000000 0.350307602674508
2.360000000000000 0.347499000250890
2.370000000000000 0.344682504722493
2.380000000000000 0.341858357171195
2.390000000000000 0.339026794976337
2.400000000000000 0.336188051862741
2.410000000000000 0.333612173541175
2.420000000000000 0.331029661096869
2.430000000000000 0.328440723908092
2.440000000000000 0.325845568126801
2.450000000000000 0.323244396721034
2.460000000000000 0.320637409516905
2.470000000000000 0.318024803240194
2.480000000000000 0.315406771557533
2.490000000000000 0.312783505117186
2.500000000000000 0.310155191589419
2.510000000000000 0.307765052506577
2.520000000000000 0.305370236728295
2.530000000000000 0.302970912469941
2.540000000000000 0.300567245318579
2.550000000000000 0.298159398268440
2.560000000000000 0.295747531756015
2.570000000000000 0.293331803694773
2.580000000000000 0.290912369509499
2.590000000000000 0.288489382170251
2.600000000000000 0.286062992225948
2.610000000000000 0.283852712059135
2.620000000000000 0.281639265720003
2.630000000000000 0.279422788210687
2.640000000000000 0.277203412396896
2.650000000000000 0.274981269037316
2.660000000000000 0.272756486812683
2.670000000000000 0.270529192354504
2.680000000000000 0.268299510273451
2.690000000000000 0.266067563187413
2.700000000000000 0.263833471749213
2.710000000000000 0.261794047134262
2.720000000000000 0.259752614228466
2.730000000000000 0.257709281317940
2.740000000000000 0.255664154954023
2.750000000000000 0.253617339977505
2.760000000000000 0.251568939542558
2.770000000000000 0.249519055140372
2.780000000000000 0.247467786622491
2.790000000000000 0.245415232223871
2.800000000000000 0.243361488585634
2.810000000000000 0.241482771998519
2.820000000000000 0.239602928113798
2.830000000000000 0.237722043749263
2.840000000000000 0.235840204314657
2.850000000000000 0.233957493831554
2.860000000000000 0.232073994952976
2.870000000000000 0.230189788982758
2.880000000000000 0.228304955894671
2.890000000000000 0.226419574351291
2.900000000000000 0.224533721722628
2.910000000000000 0.222805559597384
2.920000000000000 0.221076934004910
2.930000000000000 0.219347914507070
2.940000000000000 0.217618569523059
2.950000000000000 0.215888966345654
2.960000000000000 0.214159171157251
2.970000000000000 0.212429249045696
2.980000000000000 0.210699264019897
2.990000000000000 0.208969279025240
3.000000000000000 0.207239355958789
3.010000000000000 0.205650980766836
3.020000000000000 0.204062636677835
3.030000000000000 0.202474379397791
3.040000000000000 0.200886263705030
3.050000000000000 0.199298343463475
3.060000000000000 0.197710671635726
3.070000000000000 0.196123300295977
3.080000000000000 0.194536280642752
3.090000000000000 0.192949663011475
3.100000000000000 0.191363496886862
3.110000000000000 0.189904428700498
3.120000000000000 0.188445754459916
3.130000000000000 0.186987518742895
3.140000000000000 0.185529765373616
3.150000000000000 0.184072537433484
3.160000000000000 0.182615877271795
3.170000000000000 0.181159826516265
3.180000000000000 0.179704426083409
3.190000000000000 0.178249716188785
3.200000000000000 0.176795736357088
3.210000000000000 0.175456003140646
3.220000000000000 0.174116924422849
3.230000000000000 0.172778535840077
3.240000000000000 0.171440872416068
3.250000000000000 0.170103968570745
3.260000000000000 0.168767858128906
3.270000000000000 0.167432574328806
3.280000000000000 0.166098149830612
3.290000000000000 0.164764616724747
3.300000000000000 0.163432006540118
3.310000000000000 0.162201731043040
3.320000000000000 0.160972292124222
3.330000000000000 0.159743718239663
3.340000000000000 0.158516037346766
3.350000000000000 0.157289276911527
3.360000000000000 0.156063463915625
3.370000000000000 0.154838624863415
3.380000000000000 0.153614785788823
3.390000000000000 0.152391972262142
3.400000000000000 0.151170209396738
3.410000000000000 0.150040540793090
3.420000000000000 0.148911830034462
3.430000000000000 0.147784099803135
3.440000000000000 0.146657372375224
3.450000000000000 0.145531669626548
3.460000000000000 0.144407013038408
3.470000000000000 0.143283423703293
3.480000000000000 0.142160922330499
3.490000000000000 0.141039529251673
3.500000000000000 0.139919264426283
3.510000000000000 0.138881779040058
3.520000000000000 0.137845326489633
3.530000000000000 0.136809924815387
3.540000000000000 0.135775591726473
3.550000000000000 0.134742344605608
3.560000000000000 0.133710200513790
3.570000000000000 0.132679176194950
3.580000000000000 0.131649288080544
3.590000000000000 0.130620552294078
3.600000000000000 0.129592984655565
3.610000000000000 0.128639864274432
3.620000000000000 0.127687816646431
3.630000000000000 0.126736856079318
3.640000000000000 0.125786996610436
3.650000000000000 0.124838252010627
3.660000000000000 0.123890635788084
3.670000000000000 0.122944161192157
3.680000000000000 0.121998841217101
3.690000000000000 0.121054688605770
3.700000000000000 0.120111715853265
3.710000000000000 0.119235737702839
3.720000000000000 0.118360845898462
3.730000000000000 0.117487051746241
3.740000000000000 0.116614366331270
3.750000000000000 0.115742800520833
3.760000000000000 0.114872364967551
3.770000000000000 0.114003070112501
3.780000000000000 0.113134926188274
3.790000000000000 0.112267943222003
3.800000000000000 0.111402131038347
3.810000000000000 0.110596977198067
3.820000000000000 0.109792903178661
3.830000000000000 0.108989917870719
3.840000000000000 0.108188029984051
3.850000000000000 0.107387248050316
3.860000000000000 0.106587580425597
3.870000000000000 0.105789035292948
3.880000000000000 0.104991620664911
3.890000000000000 0.104195344385984
3.900000000000000 0.103400214135067
3.910000000000000 0.102659465516039
3.920000000000000 0.101919776541211
3.930000000000000 0.101181154161399
3.940000000000000 0.100443605179356
3.950000000000000 0.099707136251928
3.960000000000000 0.098971753892163
3.970000000000000 0.098237464471409
3.980000000000000 0.097504274221362
3.990000000000000 0.096772189236110
4.000000000000000 0.096041215474123
4.010000000000000 0.095359220425492
4.020000000000000 0.094678254865581
4.030000000000000 0.093998324186994
4.040000000000000 0.093319433660941
4.050000000000000 0.092641588439006
4.060000000000000 0.091964793554883
4.070000000000000 0.091289053926097
4.080000000000000 0.090614374355691
4.090000000000000 0.089940759533893
4.100000000000000 0.089268214039769
4.110000000000000 0.088639924512506
4.120000000000000 0.088012627268225
4.130000000000000 0.087386326448416
4.140000000000000 0.086761026094957
4.150000000000000 0.086136730151569
4.160000000000000 0.085513442465243
4.170000000000000 0.084891166787653
4.180000000000000 0.084269906776549
4.190000000000000 0.083649665997126
4.200000000000000 0.083030447923381
4.210000000000000 0.082451435696659
4.220000000000000 0.081873373562624
4.230000000000000 0.081296264659164
4.240000000000000 0.080720112042389
4.250000000000000 0.080144918687827
4.260000000000000 0.079570687491601
4.270000000000000 0.078997421271592
4.280000000000000 0.078425122768585
4.290000000000000 0.077853794647402
4.300000000000000 0.077283439498011
4.310000000000000 0.076749483732783
4.320000000000000 0.076216433127289
4.330000000000000 0.075684290016258
4.340000000000000 0.075153056667235
4.350000000000000 0.074622735281575
4.360000000000000 0.074093327995414
4.370000000000000 0.073564836880623
4.380000000000000 0.073037263945758
4.390000000000000 0.072510611136992
4.400000000000000 0.071984880339033
4.410000000000000 0.071492000104172
4.420000000000000 0.070999979040236
4.430000000000000 0.070508818840713
4.440000000000000 0.070018521143864
4.450000000000000 0.069529087533546
4.460000000000000 0.069040519540010
4.470000000000000 0.068552818640696
4.480000000000000 0.068065986261011
4.490000000000000 0.067580023775103
4.500000000000000 0.067094932506619
4.510000000000000 0.066639721770559
4.520000000000000 0.066185323739064
4.530000000000000 0.065731739594966
4.540000000000000 0.065278970475694
4.550000000000000 0.064827017473951
4.560000000000000 0.064375881638376
4.570000000000000 0.063925563974201
4.580000000000000 0.063476065443897
4.590000000000000 0.063027386967809
4.600000000000000 0.062579529424790
4.610000000000000 0.062158772840348
4.620000000000000 0.061738783046405
4.630000000000000 0.061319560820706
4.640000000000000 0.060901106903661
4.650000000000000 0.060483421998906
4.660000000000000 0.060066506773851
4.670000000000000 0.059650361860224
4.680000000000000 0.059234987854608
4.690000000000000 0.058820385318966
4.700000000000000 0.058406554781166
4.710000000000000 0.058017340114735
4.720000000000000 0.057628847406108
4.730000000000000 0.057241077113180
4.740000000000000 0.056854029663147
4.750000000000000 0.056467705452972
4.760000000000000 0.056082104849838
4.770000000000000 0.055697228191603
4.780000000000000 0.055313075787241
4.790000000000000 0.054929647917280
4.800000000000000 0.054546944834238
4.810000000000000 0.054186661428055
4.820000000000000 0.053827056538014
4.830000000000000 0.053468130371028
4.840000000000000 0.053109883108776
4.850000000000000 0.052752314908093
4.860000000000000 0.052395425901343
4.870000000000000 0.052039216196798
4.880000000000000 0.051683685879005
4.890000000000000 0.051328835009151
4.900000000000000 0.050974663625421
4.910000000000000 0.050640898844953
4.920000000000000 0.050307770882021
4.930000000000000 0.049975279748088
4.940000000000000 0.049643425433889
4.950000000000000 0.049312207909753
4.960000000000000 0.048981627125915
4.970000000000000 0.048651683012830
4.980000000000000 0.048322375481478
4.990000000000000 0.047993704423671
5.000000000000000 0.047665669712346
5.010000000000000 0.047356254411567
5.020000000000000 0.047047436083352
5.030000000000000 0.046739214588528
5.040000000000000 0.046431589770912
5.050000000000000 0.046124561457580
5.060000000000000 0.045818129459121
5.070000000000000 0.045512293569900
5.080000000000000 0.045207053568319
5.090000000000000 0.044902409217061
5.100000000000000 0.044598360263344
5.110000000000000 0.044311315142829
5.120000000000000 0.044024829111698
5.130000000000000 0.043738901916233
5.140000000000000 0.043453533288772
5.150000000000000 0.043168722947931
5.160000000000000 0.042884470598824
5.170000000000000 0.042600775933280
5.180000000000000 0.042317638630050
5.190000000000000 0.042035058355028
5.200000000000000 0.041753034761449
5.210000000000000 0.041486553995305
5.220000000000000 0.041220596445599
5.230000000000000 0.040955161773068
5.240000000000000 0.040690249627041
5.250000000000000 0.040425859645620
5.260000000000000 0.040161991455866
5.270000000000000 0.039898644673981
5.280000000000000 0.039635818905481
5.290000000000000 0.039373513745374
5.300000000000000 0.039111728778337
5.310000000000000 0.038864129152176
5.320000000000000 0.038617018961586
5.330000000000000 0.038370397804901
5.340000000000000 0.038124265271137
5.350000000000000 0.037878620940147
5.360000000000000 0.037633464382777
5.370000000000000 0.037388795161012
5.380000000000000 0.037144612828129
5.390000000000000 0.036900916928841
5.400000000000000 0.036657706999441
5.410000000000000 0.036427510050520
5.420000000000000 0.036197770687564
5.430000000000000 0.035968488465157
5.440000000000000 0.035739662930295
5.450000000000000 0.035511293622516
5.460000000000000 0.035283380074032
5.470000000000000 0.035055921809849
5.480000000000000 0.034828918347895
5.490000000000000 0.034602369199141
5.500000000000000 0.034376273867725
5.510000000000000 0.034162054661369
5.520000000000000 0.033948263239921
5.530000000000000 0.033734899128823
5.540000000000000 0.033521961847359
5.550000000000000 0.033309450908763
5.560000000000000 0.033097365820328
5.570000000000000 0.032885706083513
5.580000000000000 0.032674471194041
5.590000000000000 0.032463660642008
5.600000000000000 0.032253273911981
5.610000000000000 0.032053840390392
5.620000000000000 0.031854806584349
5.630000000000000 0.031656172002086
5.640000000000000 0.031457936146860
5.650000000000000 0.031260098517046
5.660000000000000 0.031062658606226
5.670000000000000 0.030865615903275
5.680000000000000 0.030668969892449
5.690000000000000 0.030472720053472
5.700000000000000 0.030276865861621
5.710000000000000 0.030091045689458
5.720000000000000 0.029905599009176
5.730000000000000 0.029720525320934
5.740000000000000 0.029535824120892
5.750000000000000 0.029351494901290
5.760000000000000 0.029167537150521
5.770000000000000 0.028983950353207
5.780000000000000 0.028800733990268
5.790000000000000 0.028617887538998
5.800000000000000 0.028435410473137
5.810000000000000 0.028262165207151
5.820000000000000 0.028089268891740
5.830000000000000 0.027916721026237
5.840000000000000 0.027744521106780
5.850000000000000 0.027572668626384
5.860000000000000 0.027401163074997
5.870000000000000 0.027230003939568
5.880000000000000 0.027059190704103
5.890000000000000 0.026888722849729
5.900000000000000 0.026718599854753
5.910000000000000 0.026556944937797
5.920000000000000 0.026395616100512
5.930000000000000 0.026234612846871
5.940000000000000 0.026073934678325
5.950000000000000 0.025913581093851
5.960000000000000 0.025753551590008
5.970000000000000 0.025593845660988
5.980000000000000 0.025434462798669
5.990000000000000 0.025275402492663
6.000000000000000 0.025116664230368
6.010000000000000 0.024965713731452
6.020000000000000 0.024815067983148
6.030000000000000 0.024664726498290
6.040000000000000 0.024514688787737
6.050000000000000 0.024364954360416
6.060000000000000 0.024215522723366
6.070000000000000 0.024066393381783
6.080000000000000 0.023917565839064
6.090000000000000 0.023769039596849
6.100000000000000 0.023620814155058
6.110000000000000 0.023479795904132
6.120000000000000 0.023339062439700
6.130000000000000 0.023198613286784
6.140000000000000 0.023058447968879
6.150000000000000 0.022918566007994
6.160000000000000 0.022778966924690
6.170000000000000 0.022639650238113
6.180000000000000 0.022500615466034
6.190000000000000 0.022361862124883
6.200000000000000 0.022223389729782
6.210000000000000 0.022091551967649
6.220000000000000 0.021959980406102
6.230000000000000 0.021828674584619
6.240000000000000 0.021697634041529
6.250000000000000 0.021566858314035
6.260000000000000 0.021436346938254
6.270000000000000 0.021306099449242
6.280000000000000 0.021176115381025
6.290000000000000 0.021046394266631
6.300000000000000 0.020916935638118
6.310000000000000 0.020793610449586
6.320000000000000 0.020670534119146
6.330000000000000 0.020547706202425
6.340000000000000 0.020425126254201
6.350000000000000 0.020302793828428
6.360000000000000 0.020180708478266
6.370000000000000 0.020058869756105
6.380000000000000 0.019937277213590
6.390000000000000 0.019815930401645
6.400000000000000 0.019694828870502
6.410000000000000 0.019579363736557
6.420000000000000 0.019464131366208
6.430000000000000 0.019349131332187
6.440000000000000 0.019234363206625
6.450000000000000 0.019119826561074
6.460000000000000 0.019005520966534
6.470000000000000 0.018891445993468
6.480000000000000 0.018777601211829
6.490000000000000 0.018663986191076
6.500000000000000 0.018550600500200
6.510000000000000 0.018442446681870
6.520000000000000 0.018334510587718
6.530000000000000 0.018226791808341
6.540000000000000 0.018119289933939
6.550000000000000 0.018012004554333
6.560000000000000 0.017904935258985
6.570000000000000 0.017798081637014
6.580000000000000 0.017691443277216
6.590000000000000 0.017585019768082
6.600000000000000 0.017478810697811
6.610000000000000 0.017377435780923
6.620000000000000 0.017276264593555
6.630000000000000 0.017175296744453
6.640000000000000 0.017074531842132
6.650000000000000 0.016973969494889
6.660000000000000 0.016873609310819
6.670000000000000 0.016773450897833
6.680000000000000 0.016673493863667
6.690000000000000 0.016573737815906
6.700000000000000 0.016474182361988
6.710000000000000 0.016379113042384
6.720000000000000 0.016284234395647
6.730000000000000 0.016189546048764
6.740000000000000 0.016095047628627
6.750000000000000 0.016000738762038
6.760000000000000 0.015906619075727
6.770000000000000 0.015812688196362
6.780000000000000 0.015718945750563
6.790000000000000 0.015625391364913
6.800000000000000 0.015532024665971
6.810000000000000 0.015442796432953
6.820000000000000 0.015353746750939
6.830000000000000 0.015264875264911
6.840000000000000 0.015176181619856
6.850000000000000 0.015087665460777
6.860000000000000 0.014999326432707
6.870000000000000 0.014911164180719
6.880000000000000 0.014823178349934
6.890000000000000 0.014735368585531
6.900000000000000 0.014647734532763
6.910000000000000 0.014563942799070
6.920000000000000 0.014480318314185
6.930000000000000 0.014396860740781
6.940000000000000 0.014313569741624
6.950000000000000 0.014230444979579
6.960000000000000 0.014147486117618
6.970000000000000 0.014064692818836
6.980000000000000 0.013982064746451
6.990000000000000 0.013899601563817
7.000000000000000 0.013817302934434
7.010000000000000 0.013738577271968
7.020000000000000 0.013660008313150
7.030000000000000 0.013581595737939
7.040000000000000 0.013503339226453
7.050000000000000 0.013425238458974
7.060000000000000 0.013347293115957
7.070000000000000 0.013269502878038
7.080000000000000 0.013191867426040
7.090000000000000 0.013114386440979
7.100000000000000 0.013037059604075
7.110000000000000 0.012963047493044
7.120000000000000 0.012889182267109
7.130000000000000 0.012815463622970
7.140000000000000 0.012741891257532
7.150000000000000 0.012668464867919
7.160000000000000 0.012595184151475
7.170000000000000 0.012522048805772
7.180000000000000 0.012449058528617
7.190000000000000 0.012376213018055
7.200000000000000 0.012303511972378
7.210000000000000 0.012233882308064
7.220000000000000 0.012164390397265
7.230000000000000 0.012095035952784
7.240000000000000 0.012025818687668
7.250000000000000 0.011956738315222
7.260000000000000 0.011887794549007
7.270000000000000 0.011818987102848
7.280000000000000 0.011750315690840
7.290000000000000 0.011681780027351
7.300000000000000 0.011613379827029
7.310000000000000 0.011547838771551
7.320000000000000 0.011482426950998
7.330000000000000 0.011417144093656
7.340000000000000 0.011351989928089
7.350000000000000 0.011286964183142
7.360000000000000 0.011222066587945
7.370000000000000 0.011157296871920
7.380000000000000 0.011092654764784
7.390000000000000 0.011028139996551
7.400000000000000 0.010963752297537
7.410000000000000 0.010902030570642
7.420000000000000 0.010840430124810
7.430000000000000 0.010778950703180
7.440000000000000 0.010717592049185
7.450000000000000 0.010656353906565
7.460000000000000 0.010595236019361
7.470000000000000 0.010534238131925
7.480000000000000 0.010473359988922
7.490000000000000 0.010412601335329
7.500000000000000 0.010351961916446
7.510000000000000 0.010293800070384
7.520000000000000 0.010235752097618
7.530000000000000 0.010177817755440
7.540000000000000 0.010119996801454
7.550000000000000 0.010062288993581
7.560000000000000 0.010004694090060
7.570000000000000 0.009947211849448
7.580000000000000 0.009889842030631
7.590000000000000 0.009832584392816
7.600000000000000 0.009775438695542
7.610000000000000 0.009720591489244
7.620000000000000 0.009665851266034
7.630000000000000 0.009611217796639
7.640000000000000 0.009556690852108
7.650000000000000 0.009502270203814
7.660000000000000 0.009447955623453
7.670000000000000 0.009393746883052
7.680000000000000 0.009339643754966
7.690000000000000 0.009285646011884
7.700000000000000 0.009231753426829
7.710000000000000 0.009180011652675
7.720000000000000 0.009128370415357
7.730000000000000 0.009076829498410
7.740000000000000 0.009025388685695
7.750000000000000 0.008974047761399
7.760000000000000 0.008922806510039
7.770000000000000 0.008871664716462
7.780000000000000 0.008820622165846
7.790000000000000 0.008769678643707
7.800000000000000 0.008718833935894
7.810000000000000 0.008669993737890
7.820000000000000 0.008621248063362
7.830000000000000 0.008572596707989
7.840000000000000 0.008524039467776
7.850000000000000 0.008475576139052
7.860000000000000 0.008427206518477
7.870000000000000 0.008378930403042
7.880000000000000 0.008330747590067
7.890000000000000 0.008282657877206
7.900000000000000 0.008234661062449
7.910000000000000 0.008188533069261
7.920000000000000 0.008142493989006
7.930000000000000 0.008096543628856
7.940000000000000 0.008050681796306
7.950000000000000 0.008004908299177
7.960000000000000 0.007959222945614
7.970000000000000 0.007913625544088
7.980000000000000 0.007868115903400
7.990000000000000 0.007822693832680
8.000000000000000 0.007777359141385
8.010000000000000 0.007733764703911
8.020000000000000 0.007690253948963
8.029999999999999 0.007646826694566
8.039999999999999 0.007603482759063
8.050000000000001 0.007560221961115
8.060000000000000 0.007517044119705
8.070000000000000 0.007473949054138
8.080000000000000 0.007430936584040
8.090000000000000 0.007388006529360
8.100000000000000 0.007345158710373
8.109999999999999 0.007303938736952
8.119999999999999 0.007262797555290
8.130000000000001 0.007221734993676
8.140000000000001 0.007180750880709
8.150000000000000 0.007139845045306
8.160000000000000 0.007099017316693
8.170000000000000 0.007058267524413
8.180000000000000 0.007017595498324
8.190000000000000 0.006977001068598
8.199999999999999 0.006936484065724
8.210000000000001 0.006897486585779
8.220000000000001 0.006858563330887
8.230000000000000 0.006819714139018
8.240000000000000 0.006780938848448
8.250000000000000 0.006742237297757
8.260000000000000 0.006703609325832
8.270000000000000 0.006665054771865
8.279999999999999 0.006626573475356
8.289999999999999 0.006588165276110
8.300000000000001 0.006549830014242
8.310000000000000 0.006512915932866
8.320000000000000 0.006476071806802
8.330000000000000 0.006439297483156
8.340000000000000 0.006402592809330
8.350000000000000 0.006365957633020
8.359999999999999 0.006329391802221
8.369999999999999 0.006292895165226
8.380000000000001 0.006256467570621
8.390000000000001 0.006220108867294
8.400000000000000 0.006183818904429
8.410000000000000 0.006148856019060
8.420000000000000 0.006113959101011
8.430000000000000 0.006079128005987
8.440000000000000 0.006044362589979
8.449999999999999 0.006009662709267
8.460000000000001 0.005975028220415
8.470000000000001 0.005940458980276
8.480000000000000 0.005905954845990
8.490000000000000 0.005871515674986
8.500000000000000 0.005837141324978
8.510000000000000 0.005804005859213
8.520000000000000 0.005770932636259
8.529999999999999 0.005737921519909
8.539999999999999 0.005704972374233
8.550000000000001 0.005672085063577
8.560000000000000 0.005639259452565
8.570000000000000 0.005606495406097
8.580000000000000 0.005573792789351
8.590000000000000 0.005541151467782
8.600000000000000 0.005508571307122
8.609999999999999 0.005477152404385
8.619999999999999 0.005445792256492
8.630000000000001 0.005414490734859
8.640000000000001 0.005383247711165
8.650000000000000 0.005352063057360
8.660000000000000 0.005320936645657
8.670000000000000 0.005289868348538
8.680000000000000 0.005258858038750
8.690000000000000 0.005227905589309
8.699999999999999 0.005197010873495
8.710000000000001 0.005167201549732
8.720000000000001 0.005137447720198
8.730000000000000 0.005107749263472
8.740000000000000 0.005078106058389
8.750000000000000 0.005048517984040
8.760000000000000 0.005018984919774
8.770000000000000 0.004989506745192
8.779999999999999 0.004960083340155
8.789999999999999 0.004930714584778
8.800000000000001 0.004901400359433
8.810000000000000 0.004873099904260
8.820000000000000 0.004844851896206
8.830000000000000 0.004816656220575
8.840000000000000 0.004788512762920
8.850000000000000 0.004760421409036
8.859999999999999 0.004732382044967
8.869999999999999 0.004704394556906
8.880000000000001 0.004676458831581
8.890000000000001 0.004648574755672
8.900000000000000 0.004620742216300
8.910000000000000 0.004593861377712
8.920000000000000 0.004567030128944
8.930000000000000 0.004540248361637
8.940000000000000 0.004513515967667
8.949999999999999 0.004486832839144
8.960000000000001 0.004460198868414
8.970000000000001 0.004433613948059
8.980000000000000 0.004407077970896
8.990000000000000 0.004380590829976
9.000000000000000 0.004354152418587
9.010000000000000 0.004328604403168
9.020000000000000 0.004303103303809
9.029999999999999 0.004277649018097
9.039999999999999 0.004252241443846
9.050000000000001 0.004226880479096
9.060000000000000 0.004201566022111
9.070000000000000 0.004176297971382
9.080000000000000 0.004151076225622
9.090000000000000 0.004125900683772
9.100000000000000 0.004100771244995
9.109999999999999 0.004076472146030
9.119999999999999 0.004052217465781
9.130000000000001 0.004028007107412
9.140000000000001 0.004003840974299
9.150000000000000 0.003979718970035
9.160000000000000 0.003955640998429
9.170000000000000 0.003931606963505
9.180000000000000 0.003907616769500
9.190000000000000 0.003883670320869
9.199999999999999 0.003859767522279
9.210000000000001 0.003836644267395
9.220000000000001 0.003813563088252
9.230000000000000 0.003790523893253
9.240000000000000 0.003767526591010
9.250000000000000 0.003744571090339
9.260000000000000 0.003721657300263
9.270000000000000 0.003698785130009
9.279999999999999 0.003675954489011
9.289999999999999 0.003653165286907
9.300000000000001 0.003630417433538
9.310000000000000 0.003608399543607
9.320000000000000 0.003586421534487
9.330000000000000 0.003564483319507
9.340000000000000 0.003542584812189
9.350000000000000 0.003520725926255
9.359999999999999 0.003498906575621
9.369999999999999 0.003477126674401
9.380000000000001 0.003455386136902
9.390000000000001 0.003433684877630
9.400000000000000 0.003412022811283
9.410000000000000 0.003391041691405
9.420000000000000 0.003370098400485
9.430000000000000 0.003349192856462
9.440000000000000 0.003328324977460
9.449999999999999 0.003307494681792
9.460000000000001 0.003286701887958
9.470000000000001 0.003265946514646
9.480000000000000 0.003245228480730
9.490000000000000 0.003224547705269
9.500000000000000 0.003203904107511
9.510000000000000 0.003183900012625
9.520000000000000 0.003163931820069
9.529999999999999 0.003143999452117
9.539999999999999 0.003124102831220
9.550000000000001 0.003104241880009
9.560000000000000 0.003084416521294
9.570000000000000 0.003064626678061
9.580000000000000 0.003044872273478
9.590000000000000 0.003025153230887
9.600000000000000 0.003005469473810
9.609999999999999 0.002986382145009
9.619999999999999 0.002967328916790
9.630000000000001 0.002948309715486
9.640000000000001 0.002929324467599
9.650000000000000 0.002910373099804
9.660000000000000 0.002891455538943
9.670000000000000 0.002872571712032
9.680000000000000 0.002853721546253
9.690000000000000 0.002834904968961
9.699999999999999 0.002816121907677
9.710000000000001 0.002797897761143
9.720000000000001 0.002779706024763
9.730000000000000 0.002761546628681
9.740000000000000 0.002743419503204
9.750000000000000 0.002725324578801
9.760000000000000 0.002707261786105
9.770000000000000 0.002689231055911
9.779999999999999 0.002671232319174
9.789999999999999 0.002653265507012
9.800000000000001 0.002635330550704
9.810000000000000 0.002617916993213
9.820000000000000 0.002600534263759
9.830000000000000 0.002583182296057
9.840000000000000 0.002565861023977
9.850000000000000 0.002548570381543
9.859999999999999 0.002531310302936
9.869999999999999 0.002514080722491
9.880000000000001 0.002496881574696
9.890000000000001 0.002479712794193
9.900000000000000 0.002462574315780
9.910000000000000 0.002445922743533
9.920000000000000 0.002429300517091
9.930000000000000 0.002412707573515
9.940000000000000 0.002396143850015
9.949999999999999 0.002379609283948
9.960000000000001 0.002363103812820
9.970000000000001 0.002346627374283
9.980000000000000 0.002330179906136
9.990000000000000 0.002313761346325
10.000000000000000 0.002297371632944
