0.000000000000000 0.000000000000000
0.010000000000000 0.000139985791578
0.020000000000000 0.000569992900541
0.030000000000000 0.001304539053635
0.040000000000000 0.002357404067856
0.050000000000000 0.003741636348253
0.060000000000000 0.005469560266644
0.070000000000000 0.007552784382701
0.080000000000000 0.010002210467380
0.090000000000000 0.012828043287506
0.100000000000000 0.016039801109293
0.110000000000000 0.019529128444637
0.120000000000000 0.023379342109824
0.130000000000000 0.027593449347664
0.140000000000000 0.032174020027771
0.150000000000000 0.037123197932274
0.160000000000000 0.042442712292150
0.170000000000000 0.048133889541891
0.180000000000000 0.054197665260861
0.190000000000000 0.060634596270386
0.200000000000000 0.067444872856431
0.210000000000000 0.074297789787527
0.220000000000000 0.081465829174435
0.230000000000000 0.088945537354354
0.240000000000000 0.096733294925351
0.250000000000000 0.104825326206269
0.260000000000000 0.113217708570997
0.270000000000000 0.121906381643594
0.280000000000000 0.130887156341747
0.290000000000000 0.140155723757018
0.300000000000000 0.149707663861356
0.310000000000000 0.158986746711269
0.320000000000000 0.168479453985760
0.330000000000000 0.178179757239866
0.340000000000000 0.188081655693797
0.350000000000000 0.198179181036672
0.360000000000000 0.208466401996998
0.370000000000000 0.218937428681589
0.380000000000000 0.229586416685108
0.390000000000000 0.240407570972924
0.400000000000000 0.251395149540392
0.410000000000000 0.261821622062931
0.420000000000000 0.272347549678736
0.430000000000000 0.282966863761985
0.440000000000000 0.293673629529985
0.450000000000000 0.304462046268312
0.460000000000000 0.315326447380019
0.470000000000000 0.326261300267097
0.480000000000000 0.337261206052378
0.490000000000000 0.348320899149934
0.500000000000000 0.359435246692035
0.510000000000000 0.369791496874899
0.520000000000000 0.380146269192022
0.530000000000000 0.390494779546144
0.540000000000000 0.400832413272052
0.550000000000000 0.411154722263142
0.560000000000000 0.421457422032183
0.570000000000000 0.431736388714301
0.580000000000000 0.441987656019839
0.590000000000000 0.452207412144472
0.600000000000000 0.462391996643579
0.610000000000000 0.471737073693911
0.620000000000000 0.481004837114019
0.630000000000000 0.490192226264926
0.640000000000000 0.499296340510355
0.650000000000000 0.508314434922721
0.660000000000000 0.517243916017546
0.670000000000000 0.526082337521199
0.680000000000000 0.534827396176506
0.690000000000000 0.543476927590452
0.700000000000000 0.552028902127826
0.710000000000000 0.559769023730586
0.720000000000000 0.567383245939111
0.730000000000000 0.574870136844888
0.740000000000000 0.582228393317261
0.750000000000000 0.589456836555167
0.760000000000000 0.596554407721988
0.770000000000000 0.603520163665146
0.780000000000000 0.610353272721861
0.790000000000000 0.617053010612218
0.800000000000000 0.623618756420477
0.810000000000000 0.629481698680465
0.820000000000000 0.635193977933907
0.830000000000000 0.640755448908231
0.840000000000000 0.646166058304582
0.850000000000000 0.651425840912582
0.860000000000000 0.656534915826709
0.870000000000000 0.661493482763711
0.880000000000000 0.666301818480362
0.890000000000000 0.670960273290692
0.900000000000000 0.675469267681728
0.910000000000000 0.679434810416385
0.920000000000000 0.683243113822926
0.930000000000000 0.686894917841815
0.940000000000000 0.690391021000465
0.950000000000000 0.693732277366690
0.960000000000000 0.696919593598902
0.970000000000000 0.699953926091327
0.980000000000000 0.702836278212540
0.990000000000000 0.705567697635507
1.000000000000000 0.708149273757349
1.010000000000000 0.710363736649393
1.020000000000000 0.712426675615663
1.030000000000000 0.714339356803928
1.040000000000000 0.716103078654379
1.050000000000000 0.717719169693421
1.060000000000000 0.719188986408156
1.070000000000000 0.720513911199559
1.080000000000000 0.721695350412385
1.090000000000000 0.722734732439820
1.100000000000000 0.723633505900936
1.110000000000000 0.724337719872472
1.120000000000000 0.724903450671484
1.130000000000000 0.725332212605854
1.140000000000000 0.725625533543207
1.150000000000000 0.725784953416543
1.160000000000000 0.725812022791694
1.170000000000000 0.725708301494753
1.180000000000000 0.725475357297695
1.190000000000000 0.725114764660402
1.200000000000000 0.724628103527371
1.210000000000000 0.724098282601447
1.220000000000000 0.723446559887051
1.230000000000000 0.722674505077652
1.240000000000000 0.721783689202051
1.250000000000000 0.720775683675139
1.260000000000000 0.719652059393205
1.270000000000000 0.718414385872283
1.280000000000000 0.717064230428108
1.290000000000000 0.715603157396242
1.300000000000000 0.714032727390991
1.310000000000000 0.712543595150434
1.320000000000000 0.710950115508237
1.330000000000000 0.709253792620724
1.340000000000000 0.707456124727360
1.350000000000000 0.705558603590331
1.360000000000000 0.703562713964723
1.370000000000000 0.701469933098169
1.380000000000000 0.699281730258872
1.390000000000000 0.696999566290949
1.400000000000000 0.694624893196045
1.410000000000000 0.692426480172997
1.420000000000000 0.690140643996635
1.430000000000000 0.687768756543646
1.440000000000000 0.685312180014472
1.450000000000000 0.682772266634821
1.460000000000000 0.680150358377356
1.470000000000000 0.677447786702743
1.480000000000000 0.674665872319290
1.490000000000000 0.671805924960414
1.500000000000000 0.668869243179206
1.510000000000000 0.666176365480616
1.520000000000000 0.663411479605578
1.530000000000000 0.660575795662288
1.540000000000000 0.657670512610253
1.550000000000000 0.654696818129296
1.560000000000000 0.651655888501342
1.570000000000000 0.648548888504447
1.580000000000000 0.645376971318532
1.590000000000000 0.642141278442293
1.600000000000000 0.638842939620804
1.610000000000000 0.635832407040769
1.620000000000000 0.632763383485150
1.630000000000000 0.629636911483840
1.640000000000000 0.626454022340770
1.650000000000000 0.623215736104223
1.660000000000000 0.619923061544950
1.670000000000000 0.616576996141680
1.680000000000000 0.613178526073696
1.690000000000000 0.609728626220109
1.700000000000000 0.606228260165515
1.710000000000000 0.603040529082313
1.720000000000000 0.599805845488459
1.730000000000000 0.596525092334731
1.740000000000000 0.593199142047922
1.750000000000000 0.589828856558318
1.760000000000000 0.586415087331671
1.770000000000000 0.582958675405418
1.780000000000000 0.579460451428930
1.790000000000000 0.575921235707542
1.800000000000000 0.572341838250178
1.810000000000000 0.569084684925930
1.820000000000000 0.565790234085265
1.830000000000000 0.562459224243329
1.840000000000000 0.559092384470116
1.850000000000000 0.555690434446833
1.860000000000000 0.552254084524684
1.870000000000000 0.548784035785889
1.880000000000000 0.545280980106812
1.890000000000000 0.541745600223053
1.900000000000000 0.538178569796354
1.910000000000000 0.534932684882879
1.920000000000000 0.531657462381597
1.930000000000000 0.528353514295330
1.940000000000000 0.525021444390063
1.950000000000000 0.521661848262899
1.960000000000000 0.518275313411127
1.970000000000000 0.514862419302317
1.980000000000000 0.511423737445337
1.990000000000000 0.507959831462230
2.000000000000000 0.504471257160837
2.010000000000000 0.501294644668956
2.020000000000000 0.498095180275437
2.030000000000000 0.494873367690870
2.040000000000000 0.491629703582851
2.050000000000000 0.488364677645442
2.060000000000000 0.485078772668994
2.070000000000000 0.481772464610272
2.080000000000000 0.478446222662815
2.090000000000000 0.475100509327504
2.100000000000000 0.471735780483264
2.110000000000000 0.468668960699694
2.120000000000000 0.465584525333122
2.130000000000000 0.462482886855924
2.140000000000000 0.459364451801571
2.150000000000000 0.456229620830157
2.160000000000000 0.453078788793860
2.170000000000000 0.449912344802299
2.180000000000000 0.446730672287755
2.190000000000000 0.443534149070233
2.200000000000000 0.440323147422336
2.210000000000000 0.437392626032191
2.220000000000000 0.434448684146835
2.230000000000000 0.431491658270794
2.240000000000000 0.428521879950006
2.250000000000000 0.425539675830823
2.260000000000000 0.422545367718721
2.270000000000000 0.419539272636708
2.280000000000000 0.416521702883404
2.290000000000000 0.413492966090780
2.300000000000000 0.410453365281549
2.310000000000000 0.407675161435304
2.320000000000000 0.404886876177716
2.330000000000000 0.402088783289462
2.340000000000000 0.399281152440283
2.350000000000000 0.396464249240548
2.360000000000000 0.393638335292444
2.370000000000000 0.390803668240767
2.380000000000000 0.387960501823312
2.390000000000000 0.385109085920859
2.400000000000000 0.382249666606735
2.410000000000000 0.379632037917631
2.420000000000000 0.377006970089012
2.430000000000000 0.374374685424550
2.440000000000000 0.371735402836787
2.450000000000000 0.369089337891323
2.460000000000000 0.366436702850589
2.470000000000000 0.363777706717219
2.480000000000000 0.361112555276995
2.490000000000000 0.358441451141389
2.500000000000000 0.355764593789672
2.510000000000000 0.353309897321974
2.520000000000000 0.350849840951328
2.530000000000000 0.348384604928041
2.540000000000000 0.345914366714667
2.550000000000000 0.343439301023344
2.560000000000000 0.340959579852751
2.570000000000000 0.338475372524658
2.580000000000000 0.335986845720091
2.590000000000000 0.333494163515106
2.600000000000000 0.330997487416159
2.610000000000000 0.328704082863969
2.620000000000000 0.326406945542312
2.630000000000000 0.324106221450041
2.640000000000000 0.321802054299547
2.650000000000000 0.319494585548011
2.660000000000000 0.317183954428304
2.670000000000000 0.314870297979525
2.680000000000000 0.312553751077185
2.690000000000000 0.310234446463041
2.700000000000000 0.307912514774570
2.710000000000000 0.305775867986375
2.720000000000000 0.303636754248688
2.730000000000000 0.301495291725527
2.740000000000000 0.299351596708227
2.750000000000000 0.297205783641425
2.760000000000000 0.295057965148723
2.770000000000000 0.292908252058043
2.780000000000000 0.290756753426667
2.790000000000000 0.288603576565972
2.800000000000000 0.286448827065853
2.810000000000000 0.284462586072563
2.820000000000000 0.282474856321118
2.830000000000000 0.280485733385465
2.840000000000000 0.278495311306923
2.850000000000000 0.276503682615672
2.860000000000000 0.274510938351982
2.870000000000000 0.272517168087169
2.880000000000000 0.270522459944277
2.890000000000000 0.268526900618503
2.900000000000000 0.266530575397355
2.910000000000000 0.264687262181612
2.920000000000000 0.262843210165462
2.930000000000000 0.260998496604128
2.940000000000000 0.259153197498830
2.950000000000000 0.257307387614508
2.960000000000000 0.255461140497319
2.970000000000000 0.253614528491904
2.980000000000000 0.251767622758427
2.990000000000000 0.249920493289391
3.000000000000000 0.248073208926233
3.010000000000000 0.246364586857082
3.020000000000000 0.244655795521369
3.030000000000000 0.242946897328696
3.040000000000000 0.241237953662452
3.050000000000000 0.239529024894403
3.060000000000000 0.237820170399087
3.070000000000000 0.236111448568010
3.080000000000000 0.234402916823663
3.090000000000000 0.232694631633342
3.100000000000000 0.230986648522783
3.110000000000000 0.229404147796938
3.120000000000000 0.227821905195364
3.130000000000000 0.226239971099814
3.140000000000000 0.224658395051828
3.150000000000000 0.223077225764719
3.160000000000000 0.221496511135404
3.170000000000000 0.219916298256070
3.180000000000000 0.218336633425682
3.190000000000000 0.216757562161340
3.200000000000000 0.215179129209470
3.210000000000000 0.213714271733995
3.220000000000000 0.212249988001018
3.230000000000000 0.210786318645319
3.240000000000000 0.209323303613285
3.250000000000000 0.207860982172749
3.260000000000000 0.206399392922713
3.270000000000000 0.204938573802925
3.280000000000000 0.203478562103334
3.290000000000000 0.202019394473404
3.300000000000000 0.200561106931309
3.310000000000000 0.199205652457812
3.320000000000000 0.197850999719893
3.330000000000000 0.196497181451563
3.340000000000000 0.195144229822366
3.350000000000000 0.193792176445467
3.360000000000000 0.192441052385633
3.370000000000000 0.191090888167101
3.380000000000000 0.189741713781338
3.390000000000000 0.188393558694690
3.400000000000000 0.187046451855936
3.410000000000000 0.185792348212708
3.420000000000000 0.184539206080405
3.430000000000000 0.183287051788763
3.440000000000000 0.182035911204214
3.450000000000000 0.180785809736536
3.460000000000000 0.179536772345411
3.470000000000000 0.178288823546887
3.480000000000000 0.177041987419755
3.490000000000000 0.175796287611832
3.500000000000000 0.174551747346164
3.510000000000000 0.173391341729545
3.520000000000000 0.172232004437928
3.530000000000000 0.171073756608288
3.540000000000000 0.169916618996941
3.550000000000000 0.168760611985002
3.560000000000000 0.167605755583782
3.570000000000000 0.166452069440098
3.580000000000000 0.165299572841519
3.590000000000000 0.164148284721528
3.600000000000000 0.162998223664625
3.610000000000000 0.161924452533021
3.620000000000000 0.160851815398157
3.630000000000000 0.159780329184244
3.640000000000000 0.158710010502422
3.650000000000000 0.157640875655261
3.660000000000000 0.156572940641196
3.670000000000000 0.155506221158897
3.680000000000000 0.154440732611584
3.690000000000000 0.153376490111280
3.700000000000000 0.152313508483003
3.710000000000000 0.151319467294658
3.720000000000000 0.150326594676219
3.730000000000000 0.149334904135953
3.740000000000000 0.148344408924345
3.750000000000000 0.147355122037803
3.760000000000000 0.146367056222310
3.770000000000000 0.145380223977032
3.780000000000000 0.144394637557863
3.790000000000000 0.143410308980936
3.800000000000000 0.142427250026074
3.810000000000000 0.141506744708417
3.820000000000000 0.140587418542467
3.830000000000000 0.139669282264874
3.840000000000000 0.138752346399819
3.850000000000000 0.137836621262071
3.860000000000000 0.136922116959996
3.870000000000000 0.136008843398536
3.880000000000000 0.135096810282133
3.890000000000000 0.134186027117622
3.900000000000000 0.133276503217081
3.910000000000000 0.132423732355290
3.920000000000000 0.131572133261538
3.930000000000000 0.130721714424326
3.940000000000000 0.129872484156859
3.950000000000000 0.129024450599574
3.960000000000000 0.128177621722622
3.970000000000000 0.127332005328332
3.980000000000000 0.126487609053622
3.990000000000000 0.125644440372391
4.000000000000000 0.124802506597873
4.010000000000000 0.124012130029976
4.020000000000000 0.123222904489689
4.030000000000000 0.122434836642520
4.040000000000000 0.121647933009225
4.050000000000000 0.120862199967891
4.060000000000000 0.120077643755996
4.070000000000000 0.119294270472440
4.080000000000000 0.118512086079545
4.090000000000000 0.117731096405029
4.100000000000000 0.116951307143956
4.110000000000000 0.116218324985775
4.120000000000000 0.115486463554518
4.130000000000000 0.114755728038607
4.140000000000000 0.114026123506819
4.150000000000000 0.113297654910021
4.160000000000000 0.112570327082869
4.170000000000000 0.111844144745493
4.180000000000000 0.111119112505152
4.190000000000000 0.110395234857871
4.200000000000000 0.109672516190054
4.210000000000000 0.108992360805129
4.220000000000000 0.108313289063821
4.230000000000000 0.107635304958685
4.240000000000000 0.106958412383315
4.250000000000000 0.106282615133777
4.260000000000000 0.105607916910023
4.270000000000000 0.104934321317286
4.280000000000000 0.104261831867453
4.290000000000000 0.103590451980424
4.300000000000000 0.102920184985449
4.310000000000000 0.102288678088395
4.320000000000000 0.101658213142648
4.330000000000000 0.101028793173784
4.340000000000000 0.100400421125473
4.350000000000000 0.099773099860671
4.360000000000000 0.099146832162789
4.370000000000000 0.098521620736856
4.380000000000000 0.097897468210660
4.390000000000000 0.097274377135872
4.400000000000000 0.096652349989160
4.410000000000000 0.096065633718116
4.420000000000000 0.095479914856741
4.430000000000000 0.094895195650097
4.440000000000000 0.094311478275417
4.450000000000000 0.093728764843101
4.460000000000000 0.093147057397686
4.470000000000000 0.092566357918816
4.480000000000000 0.091986668322186
4.490000000000000 0.091407990460483
4.500000000000000 0.090830326124310
4.510000000000000 0.090284842050487
4.520000000000000 0.089740309352463
4.530000000000000 0.089196729646700
4.540000000000000 0.088654104493468
4.550000000000000 0.088112435397677
4.560000000000000 0.087571723809682
4.570000000000000 0.087031971126093
4.580000000000000 0.086493178690562
4.590000000000000 0.085955347794562
4.600000000000000 0.085418479678165
4.610000000000000 0.084910982742174
4.620000000000000 0.084404390619688
4.630000000000000 0.083898704422358
4.640000000000000 0.083393925215278
4.650000000000000 0.082890054017673
4.660000000000000 0.082387091803573
4.670000000000000 0.081885039502490
4.680000000000000 0.081383898000071
4.690000000000000 0.080883668138753
4.700000000000000 0.080384350718405
4.710000000000000 0.079911863053108
4.720000000000000 0.079440233873761
4.730000000000000 0.078969463888105
4.740000000000000 0.078499553765299
4.750000000000000 0.078030504136502
4.760000000000000 0.077562315595432
4.770000000000000 0.077094988698931
4.780000000000000 0.076628523967514
4.790000000000000 0.076162921885913
4.800000000000000 0.075698182903613
4.810000000000000 0.075257979604135
4.820000000000000 0.074818589249645
4.830000000000000 0.074380012226209
4.840000000000000 0.073942248887930
4.850000000000000 0.073505299557435
4.860000000000000 0.073069164526342
4.870000000000000 0.072633844055730
4.880000000000000 0.072199338376603
4.890000000000000 0.071765647690342
4.900000000000000 0.071332772169155
4.910000000000000 0.070922358347318
4.920000000000000 0.070512713119681
4.930000000000000 0.070103836617651
4.940000000000000 0.069695728946165
4.950000000000000 0.069288390184100
4.960000000000000 0.068881820384665
4.970000000000000 0.068476019575791
4.980000000000000 0.068070987760524
4.990000000000000 0.067666724917402
5.000000000000000 0.067263231000828
5.010000000000000 0.066880323902237
5.020000000000000 0.066498142518163
5.030000000000000 0.066116686779939
5.040000000000000 0.065735956596996
5.050000000000000 0.065355951857207
5.060000000000000 0.064976672427209
5.070000000000000 0.064598118152739
5.080000000000000 0.064220288858957
5.090000000000000 0.063843184350764
5.100000000000000 0.063466804413118
5.110000000000000 0.063109312106505
5.120000000000000 0.062752504301059
5.130000000000000 0.062396380772466
5.140000000000000 0.062040941278311
5.150000000000000 0.061686185558356
5.160000000000000 0.061332113334824
5.170000000000000 0.060978724312672
5.180000000000000 0.060626018179864
5.190000000000000 0.060273994607639
5.200000000000000 0.059922653250777
5.210000000000000 0.059588640709294
5.220000000000000 0.059255273283209
5.230000000000000 0.058922550628625
5.240000000000000 0.058590472386703
5.250000000000000 0.058259038183898
5.260000000000000 0.057928247632193
5.270000000000000 0.057598100329332
5.280000000000000 0.057268595859047
5.290000000000000 0.056939733791285
5.300000000000000 0.056611513682429
5.310000000000000 0.056299242970579
5.320000000000000 0.055987579801115
5.330000000000000 0.055676523739928
5.340000000000000 0.055366074340595
5.350000000000000 0.055056231144584
5.360000000000000 0.054746993681442
5.370000000000000 0.054438361469001
5.380000000000000 0.054130334013561
5.390000000000000 0.053822910810085
5.400000000000000 0.053516091342385
5.410000000000000 0.053223927782702
5.420000000000000 0.052932336122059
5.430000000000000 0.052641315859806
5.440000000000000 0.052350866485171
5.450000000000000 0.052060987477428
5.460000000000000 0.051771678306065
5.470000000000000 0.051482938430946
5.480000000000000 0.051194767302476
5.490000000000000 0.050907164361758
5.500000000000000 0.050620129040749
5.510000000000000 0.050346608538518
5.520000000000000 0.050073626132128
5.530000000000000 0.049801181273621
5.540000000000000 0.049529273406739
5.550000000000000 0.049257901967076
5.560000000000000 0.048987066382207
5.570000000000000 0.048716766071835
5.580000000000000 0.048447000447925
5.590000000000000 0.048177768914835
5.600000000000000 0.047909070869454
5.610000000000000 0.047652816271215
5.620000000000000 0.047397067849654
5.630000000000000 0.047141825024879
5.640000000000000 0.046887087210226
5.650000000000000 0.046632853812375
5.660000000000000 0.046379124231472
5.670000000000000 0.046125897861241
5.680000000000000 0.045873174089103
5.690000000000000 0.045620952296287
5.700000000000000 0.045369231857944
5.710000000000000 0.045128981087727
5.720000000000000 0.044889206401171
5.730000000000000 0.044649907198782
5.740000000000000 0.044411082875559
5.750000000000000 0.044172732821093
5.760000000000000 0.043934856419674
5.770000000000000 0.043697453050382
5.780000000000000 0.043460522087186
5.790000000000000 0.043224062899043
5.800000000000000 0.042988074849988
5.810000000000000 0.042762681466864
5.820000000000000 0.042537735807912
5.830000000000000 0.042313237263909
5.840000000000000 0.042089185221183
5.850000000000000 0.041865579061693
5.860000000000000 0.041642418163120
5.870000000000000 0.041419701898948
5.880000000000000 0.041197429638542
5.890000000000000 0.040975600747234
5.900000000000000 0.040754214586403
5.910000000000000 0.040542617296482
5.920000000000000 0.040331441051140
5.930000000000000 0.040120685239222
5.940000000000000 0.039910349246004
5.950000000000000 0.039700432453263
5.960000000000000 0.039490934239347
5.970000000000000 0.039281853979246
5.980000000000000 0.039073191044663
5.990000000000000 0.038864944804082
6.000000000000000 0.038657114622831
6.010000000000000 0.038458338780274
6.020000000000000 0.038259958902966
6.030000000000000 0.038061974383956
6.040000000000000 0.037864384613451
6.050000000000000 0.037667188978880
6.060000000000000 0.037470386864956
6.070000000000000 0.037273977653731
6.080000000000000 0.037077960724656
6.090000000000000 0.036882335454640
6.100000000000000 0.036687101218108
6.110000000000000 0.036500254119197
6.120000000000000 0.036313779418349
6.130000000000000 0.036127676517597
6.140000000000000 0.035941944816743
6.150000000000000 0.035756583713409
6.160000000000000 0.035571592603088
6.170000000000000 0.035386970879194
6.180000000000000 0.035202717933114
6.190000000000000 0.035018833154251
6.200000000000000 0.034835315930078
6.210000000000000 0.034659569844956
6.220000000000000 0.034484174036118
6.230000000000000 0.034309127918229
6.240000000000000 0.034134430904226
6.250000000000000 0.033960082405364
6.260000000000000 0.033786081831257
6.270000000000000 0.033612428589923
6.280000000000000 0.033439122087824
6.290000000000000 0.033266161729909
6.300000000000000 0.033093546919650
6.310000000000000 0.032928130459379
6.320000000000000 0.032763043538127
6.330000000000000 0.032598285585889
6.340000000000000 0.032433856031352
6.350000000000000 0.032269754301932
6.360000000000000 0.032105979823812
6.370000000000000 0.031942532021974
6.380000000000000 0.031779410320236
6.390000000000000 0.031616614141290
6.400000000000000 0.031454142906733
6.410000000000000 0.031298350922307
6.420000000000000 0.031142869031246
6.430000000000000 0.030987696680873
6.440000000000000 0.030832833317546
6.450000000000000 0.030678278386695
6.460000000000000 0.030524031332849
6.470000000000000 0.030370091599666
6.480000000000000 0.030216458629966
6.490000000000000 0.030063131865759
6.500000000000000 0.029910110748272
6.510000000000000 0.029763294043545
6.520000000000000 0.029616769198779
6.530000000000000 0.029470535680030
6.540000000000000 0.029324592952675
6.550000000000000 0.029178940481442
6.560000000000000 0.029033577730435
6.570000000000000 0.028888504163160
6.580000000000000 0.028743719242548
6.590000000000000 0.028599222430984
6.600000000000000 0.028455013190328
6.610000000000000 0.028316570645656
6.620000000000000 0.028178402870175
6.630000000000000 0.028040509349592
6.640000000000000 0.027902889569173
6.650000000000000 0.027765543013765
6.660000000000000 0.027628469167817
6.670000000000000 0.027491667515401
6.680000000000000 0.027355137540236
6.690000000000000 0.027218878725707
6.700000000000000 0.027082890554885
6.710000000000000 0.026952265828943
6.720000000000000 0.026821899855560
6.730000000000000 0.026691792140629
6.740000000000000 0.026561942189792
6.750000000000000 0.026432349508461
6.760000000000000 0.026303013601835
6.770000000000000 0.026173933974921
6.780000000000000 0.026045110132548
6.790000000000000 0.025916541579388
6.800000000000000 0.025788227819970
6.810000000000000 0.025664906255075
6.820000000000000 0.025541828433476
6.830000000000000 0.025418993881474
6.840000000000000 0.025296402125277
6.850000000000000 0.025174052691017
6.860000000000000 0.025051945104762
6.870000000000000 0.024930078892537
6.880000000000000 0.024808453580333
6.890000000000000 0.024687068694127
6.900000000000000 0.024565923759895
6.910000000000000 0.024449430455738
6.920000000000000 0.024333166826321
6.930000000000000 0.024217132418344
6.940000000000000 0.024101326778538
6.950000000000000 0.023985749453682
6.960000000000000 0.023870399990616
6.970000000000000 0.023755277936252
6.980000000000000 0.023640382837590
6.990000000000000 0.023525714241728
7.000000000000000 0.023411271695876
7.010000000000000 0.023301165213910
7.020000000000000 0.023191275222237
7.030000000000000 0.023081601287741
7.040000000000000 0.022972142977442
7.050000000000000 0.022862899858508
7.060000000000000 0.022753871498266
7.070000000000000 0.022645057464210
7.080000000000000 0.022536457324017
7.090000000000000 0.022428070645550
7.100000000000000 0.022319896996877
7.110000000000000 0.022215770599023
7.120000000000000 0.022111848329225
7.130000000000000 0.022008129774210
7.140000000000000 0.021904614520920
7.150000000000000 0.021801302156524
7.160000000000000 0.021698192268427
7.170000000000000 0.021595284444280
7.180000000000000 0.021492578271986
7.190000000000000 0.021390073339713
7.200000000000000 0.021287769235897
7.210000000000000 0.021189240381242
7.220000000000000 0.021090904072576
7.230000000000000 0.020992759915982
7.240000000000000 0.020894807517823
7.250000000000000 0.020797046484751
7.260000000000000 0.020699476423714
7.270000000000000 0.020602096941967
7.280000000000000 0.020504907647073
7.290000000000000 0.020407908146917
7.300000000000000 0.020311098049710
7.310000000000000 0.020217816056533
7.320000000000000 0.020124715747569
7.330000000000000 0.020031796747711
7.340000000000000 0.019939058682180
7.350000000000000 0.019846501176537
7.360000000000000 0.019754123856687
7.370000000000000 0.019661926348881
7.380000000000000 0.019569908279730
7.390000000000000 0.019478069276205
7.400000000000000 0.019386408965647
7.410000000000000 0.019298048289925
7.420000000000000 0.019209859109694
7.430000000000000 0.019121841068051
7.440000000000000 0.019033993808459
7.450000000000000 0.018946316974757
7.460000000000000 0.018858810211160
7.470000000000000 0.018771473162268
7.480000000000000 0.018684305473072
7.490000000000000 0.018597306788955
7.500000000000000 0.018510476755700
7.510000000000000 0.018426728468109
7.520000000000000 0.018343142129527
7.530000000000000 0.018259717400576
7.540000000000000 0.018176453942272
7.550000000000000 0.018093351416033
7.560000000000000 0.018010409483680
7.570000000000000 0.017927627807443
7.580000000000000 0.017845006049965
7.590000000000000 0.017762543874306
7.600000000000000 0.017680240943947
7.610000000000000 0.017600823533782
7.620000000000000 0.017521559114332
7.630000000000000 0.017442447363069
7.640000000000000 0.017363487957876
7.650000000000000 0.017284680577059
7.660000000000000 0.017206024899343
7.670000000000000 0.017127520603880
7.680000000000000 0.017049167370250
7.690000000000000 0.016970964878465
7.700000000000000 0.016892912808977
7.710000000000000 0.016817561593978
7.720000000000000 0.016742354966626
7.730000000000000 0.016667292620537
7.740000000000000 0.016592374249757
7.750000000000000 0.016517599548757
7.760000000000000 0.016442968212447
7.770000000000000 0.016368479936168
7.780000000000000 0.016294134415704
7.790000000000000 0.016219931347277
7.800000000000000 0.016145870427557
7.810000000000000 0.016074342200138
7.820000000000000 0.016002950669503
7.830000000000000 0.015931695544723
7.840000000000000 0.015860576535302
7.850000000000000 0.015789593351182
7.860000000000000 0.015718745702742
7.870000000000000 0.015648033300804
7.880000000000000 0.015577455856633
7.890000000000000 0.015507013081938
7.900000000000000 0.015436704688880
7.910000000000000 0.015368768669260
7.920000000000000 0.015300961942702
7.930000000000000 0.015233284233024
7.940000000000000 0.015165735264476
7.950000000000000 0.015098314761751
7.960000000000000 0.015031022449979
7.970000000000000 0.014963858054733
7.980000000000000 0.014896821302030
7.990000000000000 0.014829911918333
8.000000000000000 0.014763129630555
8.010000000000000 0.014698572327254
8.020000000000000 0.014634137365161
8.029999999999999 0.014569824482146
8.039999999999999 0.014505633416516
8.050000000000001 0.014441563907013
8.060000000000000 0.014377615692817
8.070000000000000 0.014313788513548
8.080000000000000 0.014250082109268
8.090000000000000 0.014186496220482
8.100000000000000 0.014123030588136
8.109999999999999 0.014061653505974
8.119999999999999 0.014000392234180
8.130000000000001 0.013939246524006
8.140000000000001 0.013878216127135
8.150000000000000 0.013817300795682
8.160000000000000 0.013756500282195
8.170000000000000 0.013695814339657
8.180000000000000 0.013635242721486
8.190000000000000 0.013574785181537
8.199999999999999 0.013514441474102
8.210000000000001 0.013456059753154
8.220000000000001 0.013397787704482
8.230000000000000 0.013339625092067
8.240000000000000 0.013281571680312
8.250000000000000 0.013223627234046
8.260000000000000 0.013165791518525
8.270000000000000 0.013108064299430
8.279999999999999 0.013050445342871
8.289999999999999 0.012992934415387
8.300000000000001 0.012935531283944
8.310000000000000 0.012879971698886
8.320000000000000 0.012824516016375
8.330000000000000 0.012769164012482
8.340000000000000 0.012713915463694
8.350000000000000 0.012658770146913
8.359999999999999 0.012603727839460
8.369999999999999 0.012548788319073
8.380000000000001 0.012493951363908
8.390000000000001 0.012439216752540
8.400000000000000 0.012384584263963
8.410000000000000 0.012331683185163
8.420000000000000 0.012278880587099
8.430000000000000 0.012226176257311
8.440000000000000 0.012173569983745
8.449999999999999 0.012121061554753
8.460000000000001 0.012068650759095
8.470000000000001 0.012016337385935
8.480000000000000 0.011964121224848
8.490000000000000 0.011912002065816
8.500000000000000 0.011859979699228
8.510000000000000 0.011809584410167
8.520000000000000 0.011759282504863
8.529999999999999 0.011709073781728
8.539999999999999 0.011658958039570
8.550000000000001 0.011608935077591
8.560000000000000 0.011559004695388
8.570000000000000 0.011509166692955
8.580000000000000 0.011459420870681
8.590000000000000 0.011409767029352
8.600000000000000 0.011360204970150
8.609999999999999 0.011312176656897
8.619999999999999 0.011264236926399
8.630000000000001 0.011216385587388
8.640000000000001 0.011168622448976
8.650000000000000 0.011120947320659
8.660000000000000 0.011073360012318
8.670000000000000 0.011025860334214
8.680000000000000 0.010978448096994
8.690000000000000 0.010931123111690
8.699999999999999 0.010883885189714
8.710000000000001 0.010838087745779
8.720000000000001 0.010792374372571
8.730000000000000 0.010746744888579
8.740000000000000 0.010701199112664
8.750000000000000 0.010655736864057
8.760000000000000 0.010610357962360
8.770000000000000 0.010565062227544
8.779999999999999 0.010519849479955
8.789999999999999 0.010474719540307
8.800000000000001 0.010429672229684
8.810000000000000 0.010385982606988
8.820000000000000 0.010342372804883
8.830000000000000 0.010298842651105
8.840000000000000 0.010255391973750
8.850000000000000 0.010212020601269
8.859999999999999 0.010168728362472
8.869999999999999 0.010125515086319
8.880000000000001 0.010082380602754
8.890000000000001 0.010039324741451
8.900000000000000 0.009996347332854
8.910000000000000 0.009954647596097
8.920000000000000 0.009913023680066
8.930000000000000 0.009871475421240
8.940000000000000 0.009830002656449
8.949999999999999 0.009788605222864
8.960000000000001 0.009747282958003
8.970000000000001 0.009706035699727
8.980000000000000 0.009664863286245
8.990000000000000 0.009623765556106
9.000000000000000 0.009582742348208
9.010000000000000 0.009542923181375
9.020000000000000 0.009503176067364
9.029999999999999 0.009463500850933
9.039999999999999 0.009423897377171
9.050000000000001 0.009384365491499
9.060000000000000 0.009344905039673
9.070000000000000 0.009305515867777
9.080000000000000 0.009266197822228
9.090000000000000 0.009226950749774
9.100000000000000 0.009187774497495
9.109999999999999 0.009149733124150
9.119999999999999 0.009111760253472
9.130000000000001 0.009073855738043
9.140000000000001 0.009036019430769
9.150000000000000 0.008998251184873
9.160000000000000 0.008960550853895
9.170000000000000 0.008922918291697
9.180000000000000 0.008885353352457
9.190000000000000 0.008847855890674
9.199999999999999 0.008810425761163
9.210000000000001 0.008774066290192
9.220000000000001 0.008737771974706
9.230000000000000 0.008701542674693
9.240000000000000 0.008665378250448
9.250000000000000 0.008629278562572
9.260000000000000 0.008593243471972
9.270000000000000 0.008557272839862
9.279999999999999 0.008521366527761
9.289999999999999 0.008485524397493
9.300000000000001 0.008449746311187
9.310000000000000 0.008414978303386
9.320000000000000 0.008380272294904
9.330000000000000 0.008345628152731
9.340000000000000 0.008311045744149
9.350000000000000 0.008276524936735
9.359999999999999 0.008242065598359
9.369999999999999 0.008207667597185
9.380000000000001 0.008173330801671
9.390000000000001 0.008139055080566
9.400000000000000 0.008104840302912
9.410000000000000 0.008071577430272
9.420000000000000 0.008038373582431
9.430000000000000 0.008005228632990
9.440000000000000 0.007972142455833
9.449999999999999 0.007939114925125
9.460000000000001 0.007906145915314
9.470000000000001 0.007873235301128
9.480000000000000 0.007840382957576
9.490000000000000 0.007807588759948
9.500000000000000 0.007774852583812
9.510000000000000 0.007743013801193
9.520000000000000 0.007711231239015
9.529999999999999 0.007679504777128
9.539999999999999 0.007647834295650
9.550000000000001 0.007616219674971
9.560000000000000 0.007584660795748
9.570000000000000 0.007553157538910
9.580000000000000 0.007521709785653
9.590000000000000 0.007490317417441
9.600000000000000 0.007458980316010
9.609999999999999 0.007428492127408
9.619999999999999 0.007398057509523
9.630000000000001 0.007367676348117
9.640000000000001 0.007337348529207
9.650000000000000 0.007307073939071
9.660000000000000 0.007276852464246
9.670000000000000 0.007246683991523
9.680000000000000 0.007216568407953
9.690000000000000 0.007186505600844
9.699999999999999 0.007156495457760
9.710000000000001 0.007127284100672
9.720000000000001 0.007098123818189
9.730000000000000 0.007069014501645
9.740000000000000 0.007039956042626
9.750000000000000 0.007010948332961
9.760000000000000 0.006981991264730
9.770000000000000 0.006953084730255
9.779999999999999 0.006924228622108
9.789999999999999 0.006895422833106
9.800000000000001 0.006866667256310
9.810000000000000 0.006838666540441
9.820000000000000 0.006810714541321
9.830000000000000 0.006782811155557
9.840000000000000 0.006754956279994
9.850000000000000 0.006727149811712
9.859999999999999 0.006699391648030
9.869999999999999 0.006671681686500
9.880000000000001 0.006644019824911
9.890000000000001 0.006616405961287
9.900000000000000 0.006588839993885
9.910000000000000 0.006561985606734
9.920000000000000 0.006535177711914
9.930000000000000 0.006508416211007
9.940000000000000 0.006481701005825
9.949999999999999 0.006455031998405
9.960000000000001 0.006428409091010
9.970000000000001 0.006401832186128
9.980000000000000 0.006375301186472
9.990000000000000 0.006348815994981
10.000000000000000 0.006322376514817
