0.000000000000000 0.000000000000000
0.010000000000000 0.000413513741513
0.020000000000000 0.001650380984349
0.030000000000000 0.003704694211716
0.040000000000000 0.006570032375487
0.050000000000000 0.010239480167788
0.060000000000000 0.014705647581343
0.070000000000000 0.019960689706013
0.080000000000000 0.025996326709964
0.090000000000000 0.032803863955028
0.100000000000000 0.040374212197190
0.110000000000000 0.048469593189483
0.120000000000000 0.057226564548087
0.130000000000000 0.066626167023015
0.140000000000000 0.076649518645828
0.150000000000000 0.087277830469113
0.160000000000000 0.098492421731101
0.170000000000000 0.110274734431045
0.180000000000000 0.122606347303349
0.190000000000000 0.135468989180739
0.200000000000000 0.148844551738963
0.210000000000000 0.162130884353264
0.220000000000000 0.175792734219257
0.230000000000000 0.189807923671430
0.240000000000000 0.204154749880974
0.250000000000000 0.218811989216320
0.260000000000000 0.233758900821801
0.270000000000000 0.248975229436570
0.280000000000000 0.264441207477094
0.290000000000000 0.280137556407492
0.300000000000000 0.296045487422892
0.310000000000000 0.311335112096046
0.320000000000000 0.326711051354050
0.330000000000000 0.342154033444575
0.340000000000000 0.357645428481041
0.350000000000000 0.373167241809867
0.360000000000000 0.388702106829204
0.370000000000000 0.404233277295534
0.380000000000000 0.419744619154060
0.390000000000000 0.435220601928260
0.400000000000000 0.450646289703294
0.410000000000000 0.465191270320105
0.420000000000000 0.479594907522658
0.430000000000000 0.493843419961731
0.440000000000000 0.507923658644395
0.450000000000000 0.521823093693321
0.460000000000000 0.535529800915124
0.470000000000000 0.549032448209488
0.480000000000000 0.562320281849495
0.490000000000000 0.575383112662291
0.500000000000000 0.588211302137849
0.510000000000000 0.600132248274632
0.520000000000000 0.611762872081587
0.530000000000000 0.623095066700486
0.540000000000000 0.634121253251353
0.550000000000000 0.644834365556292
0.560000000000000 0.655227834956886
0.570000000000000 0.665295575244627
0.580000000000000 0.675031967722549
0.590000000000000 0.684431846414879
0.600000000000000 0.693490483440316
0.610000000000000 0.701897438898066
0.620000000000000 0.709941473576654
0.630000000000000 0.717619150937782
0.640000000000000 0.724927424106720
0.650000000000000 0.731863621841279
0.660000000000000 0.738425434744393
0.670000000000000 0.744610901728163
0.680000000000000 0.750418396736257
0.690000000000000 0.755846615730641
0.700000000000000 0.760894563947738
0.710000000000000 0.765690850732073
0.720000000000000 0.770110233531626
0.730000000000000 0.774152532204040
0.740000000000000 0.777817825874078
0.750000000000000 0.781106441698501
0.760000000000000 0.784018943911518
0.770000000000000 0.786556123151041
0.780000000000000 0.788718986065474
0.790000000000000 0.790508745200268
0.800000000000000 0.791926809162975
0.810000000000000 0.793467990827365
0.820000000000000 0.794654491206906
0.830000000000000 0.795488087009732
0.840000000000000 0.795970711122476
0.850000000000000 0.796104444408434
0.860000000000000 0.795891507758560
0.870000000000000 0.795334254391912
0.880000000000000 0.794435162401966
0.890000000000000 0.793196827544969
0.900000000000000 0.791621956266389
0.910000000000000 0.790545462303464
0.920000000000000 0.789156749248929
0.930000000000000 0.787458545520044
0.940000000000000 0.785453662539938
0.950000000000000 0.783144989178993
0.960000000000000 0.780535486395332
0.970000000000000 0.777628182070061
0.980000000000000 0.774426166032869
0.990000000000000 0.770932585273524
1.000000000000000 0.767150639334871
1.010000000000000 0.764137497357050
1.020000000000000 0.760861710064113
1.030000000000000 0.757326289350554
1.040000000000000 0.753534282819959
1.050000000000000 0.749488770242878
1.060000000000000 0.745192860158563
1.070000000000000 0.740649686616575
1.080000000000000 0.735862406054319
1.090000000000000 0.730834194306594
1.100000000000000 0.725568243743292
1.110000000000000 0.721258488699243
1.120000000000000 0.716735157101434
1.130000000000000 0.712001147360682
1.140000000000000 0.707059365581068
1.150000000000000 0.701912723431824
1.160000000000000 0.696564136116898
1.170000000000000 0.691016520439049
1.180000000000000 0.685272792955390
1.190000000000000 0.679335868221373
1.200000000000000 0.673208657120255
1.210000000000000 0.668141201479553
1.220000000000000 0.662904521282823
1.230000000000000 0.657501200380342
1.240000000000000 0.651933815378749
1.250000000000000 0.646204934442260
1.260000000000000 0.640317116157078
1.270000000000000 0.634272908456698
1.280000000000000 0.628074847605950
1.290000000000000 0.621725457241596
1.300000000000000 0.615227247467415
1.310000000000000 0.609812775565648
1.320000000000000 0.604266834623085
1.330000000000000 0.598591621127939
1.340000000000000 0.592789317570576
1.350000000000000 0.586862091822714
1.360000000000000 0.580812096555909
1.370000000000000 0.574641468697771
1.380000000000000 0.568352328924436
1.390000000000000 0.561946781187846
1.400000000000000 0.555426912276425
1.410000000000000 0.549972291467363
1.420000000000000 0.544417204620892
1.430000000000000 0.538763458595022
1.440000000000000 0.533012844261908
1.450000000000000 0.527167136228870
1.460000000000000 0.521228092582962
1.470000000000000 0.515197454658044
1.480000000000000 0.509076946823434
1.490000000000000 0.502868276293180
1.500000000000000 0.496573132955052
1.510000000000000 0.491285234988105
1.520000000000000 0.485921591717369
1.530000000000000 0.480483656070455
1.540000000000000 0.474972865526361
1.550000000000000 0.469390642027496
1.560000000000000 0.463738391905282
1.570000000000000 0.458017505818692
1.580000000000000 0.452229358705119
1.590000000000000 0.446375309742992
1.600000000000000 0.440456702325576
1.610000000000000 0.435468418114867
1.620000000000000 0.430423706795548
1.630000000000000 0.425323717538771
1.640000000000000 0.420169585774191
1.650000000000000 0.414962433201109
1.660000000000000 0.409703367807103
1.670000000000000 0.404393483893752
1.680000000000000 0.399033862109082
1.690000000000000 0.393625569486378
1.700000000000000 0.388169659489015
1.710000000000000 0.383556442926168
1.720000000000000 0.378901654251767
1.730000000000000 0.374206191518294
1.740000000000000 0.369470941136602
1.750000000000000 0.364696777932620
1.760000000000000 0.359884565207930
1.770000000000000 0.355035154803991
1.780000000000000 0.350149387169782
1.790000000000000 0.345228091432654
1.800000000000000 0.340272085472185
1.810000000000000 0.336068979633583
1.820000000000000 0.331835583224531
1.830000000000000 0.327572591813759
1.840000000000000 0.323280691412323
1.850000000000000 0.318960558546142
1.860000000000000 0.314612860330348
1.870000000000000 0.310238254545309
1.880000000000000 0.305837389714190
1.890000000000000 0.301410905181944
1.900000000000000 0.296959431195598
1.910000000000000 0.293174580701187
1.920000000000000 0.289367922026181
1.930000000000000 0.285539990220112
1.940000000000000 0.281691312652905
1.950000000000000 0.277822409087795
1.960000000000000 0.273933791754907
1.970000000000000 0.270025965425434
1.980000000000000 0.266099427486345
1.990000000000000 0.262154668015527
2.000000000000000 0.258192169857330
2.010000000000000 0.254813590870072
2.020000000000000 0.251419519640557
2.030000000000000 0.248010365720254
2.040000000000000 0.244586532580804
2.050000000000000 0.241148417680111
2.060000000000000 0.237696412528504
2.070000000000000 0.234230902754942
2.080000000000000 0.230752268173221
2.090000000000000 0.227260882848133
2.100000000000000 0.223757115161547
2.110000000000000 0.220762436007969
2.120000000000000 0.217756930533881
2.130000000000000 0.214740911005746
2.140000000000000 0.211714684928139
2.150000000000000 0.208678555100330
2.160000000000000 0.205632819672675
2.170000000000000 0.202577772202780
2.180000000000000 0.199513701711421
2.190000000000000 0.196440892738206
2.200000000000000 0.193359625396944
2.210000000000000 0.190720061407411
2.220000000000000 0.188073089834092
2.230000000000000 0.185418948043653
2.240000000000000 0.182757869701954
2.250000000000000 0.180090084820839
2.260000000000000 0.177415819804601
2.270000000000000 0.174735297496137
2.280000000000000 0.172048737222763
2.290000000000000 0.169356354841700
2.300000000000000 0.166658362785199
2.310000000000000 0.164342250959489
2.320000000000000 0.162021215018757
2.330000000000000 0.159695434952276
2.340000000000000 0.157365087889386
2.350000000000000 0.155030348137282
2.360000000000000 0.152691387218470
2.370000000000000 0.150348373907887
2.380000000000000 0.148001474269681
2.390000000000000 0.145650851693650
2.400000000000000 0.143296666931333
2.410000000000000 0.141272085036071
2.420000000000000 0.139244365911657
2.430000000000000 0.137213645740225
2.440000000000000 0.135180058503183
2.450000000000000 0.133143736011247
2.460000000000000 0.131104807934158
2.470000000000000 0.129063401830099
2.480000000000000 0.127019643174792
2.490000000000000 0.124973655390291
2.500000000000000 0.122925559873465
2.510000000000000 0.121161180811308
2.520000000000000 0.119394935345080
2.530000000000000 0.117626926315973
2.540000000000000 0.115857254876890
2.550000000000000 0.114086020516044
2.560000000000000 0.112313321080279
2.570000000000000 0.110539252798124
2.580000000000000 0.108763910302589
2.590000000000000 0.106987386653689
2.600000000000000 0.105209773360697
2.610000000000000 0.103676286655989
2.620000000000000 0.102141824470351
2.630000000000000 0.100606464314669
2.640000000000000 0.099070282407746
2.650000000000000 0.097533353694683
2.660000000000000 0.095995751865034
2.670000000000000 0.094457549370739
2.680000000000000 0.092918817443836
2.690000000000000 0.091379626113956
2.700000000000000 0.089840044225589
2.710000000000000 0.088509876272250
2.720000000000000 0.087179345907722
2.730000000000000 0.085848511448059
2.740000000000000 0.084517430221979
2.750000000000000 0.083186158585091
2.760000000000000 0.081854751933953
2.770000000000000 0.080523264719934
2.780000000000000 0.079191750462913
2.790000000000000 0.077860261764786
2.800000000000000 0.076528850322808
2.810000000000000 0.075377568542769
2.820000000000000 0.074226335313197
2.830000000000000 0.073075194406109
2.840000000000000 0.071924188840225
2.850000000000000 0.070773360891937
2.860000000000000 0.069622752106131
2.870000000000000 0.068472403306866
2.880000000000000 0.067322354607911
2.890000000000000 0.066172645423137
2.900000000000000 0.065023314476778
2.910000000000000 0.064028603890218
2.920000000000000 0.063034207163213
2.930000000000000 0.062040157070630
2.940000000000000 0.061046485813233
2.950000000000000 0.060053225026101
2.960000000000000 0.059060405786940
2.970000000000000 0.058068058624275
2.980000000000000 0.057076213525532
2.990000000000000 0.056084899945013
3.000000000000000 0.055094146811756
3.010000000000000 0.054236113328953
3.020000000000000 0.053378555031019
3.030000000000000 0.052521496388028
3.040000000000000 0.051664961432935
3.050000000000000 0.050808973768027
3.060000000000000 0.049953556571278
3.070000000000000 0.049098732602628
3.080000000000000 0.048244524210160
3.090000000000000 0.047390953336204
3.100000000000000 0.046538041523351
3.110000000000000 0.045799116881897
3.120000000000000 0.045060755354659
3.130000000000000 0.044322975147579
3.140000000000000 0.043585794134107
3.150000000000000 0.042849229860127
3.160000000000000 0.042113299548814
3.170000000000000 0.041378020105429
3.180000000000000 0.040643408122034
3.190000000000000 0.039909479882155
3.200000000000000 0.039176251365368
3.210000000000000 0.038540936127988
3.220000000000000 0.037906220987927
3.230000000000000 0.037272119433849
3.240000000000000 0.036638644701770
3.250000000000000 0.036005809778809
3.260000000000000 0.035373627406895
3.270000000000000 0.034742110086416
3.280000000000000 0.034111270079826
3.290000000000000 0.033481119415184
3.300000000000000 0.032851669889662
3.310000000000000 0.032306318987794
3.320000000000000 0.031761570616950
3.330000000000000 0.031217434720534
3.340000000000000 0.030673921050179
3.350000000000000 0.030131039168602
3.360000000000000 0.029588798452429
3.370000000000000 0.029047208094969
3.380000000000000 0.028506277108960
3.390000000000000 0.027966014329266
3.400000000000000 0.027426428415541
3.410000000000000 0.026959084139664
3.420000000000000 0.026492322134853
3.430000000000000 0.026026149686252
3.440000000000000 0.025560573933626
3.450000000000000 0.025095601873528
3.460000000000000 0.024631240361447
3.470000000000000 0.024167496113917
3.480000000000000 0.023704375710605
3.490000000000000 0.023241885596359
3.500000000000000 0.022780032083234
3.510000000000000 0.022380301765594
3.520000000000000 0.021981119179453
3.530000000000000 0.021582489621777
3.540000000000000 0.021184418279491
3.550000000000000 0.020786910231132
3.560000000000000 0.020389970448473
3.570000000000000 0.019993603798130
3.580000000000000 0.019597815043140
3.590000000000000 0.019202608844519
3.600000000000000 0.018807989762801
3.610000000000000 0.018466745894300
3.620000000000000 0.018126007087883
3.630000000000000 0.017785777159222
3.640000000000000 0.017446059840845
3.650000000000000 0.017106858783391
3.660000000000000 0.016768177556840
3.670000000000000 0.016430019651728
3.680000000000000 0.016092388480349
3.690000000000000 0.015755287377930
3.700000000000000 0.015418719603797
3.710000000000000 0.015128047575214
3.720000000000000 0.014837833985973
3.730000000000000 0.014548081552534
3.740000000000000 0.014258792928680
3.750000000000000 0.013969970706456
3.760000000000000 0.013681617417108
3.770000000000000 0.013393735532002
3.780000000000000 0.013106327463525
3.790000000000000 0.012819395565983
3.800000000000000 0.012532942136479
3.810000000000000 0.012285943293233
3.820000000000000 0.012039355254755
3.830000000000000 0.011793179926209
3.840000000000000 0.011547419165633
3.850000000000000 0.011302074784644
3.860000000000000 0.011057148549151
3.870000000000000 0.010812642180043
3.880000000000000 0.010568557353874
3.890000000000000 0.010324895703539
3.900000000000000 0.010081658818939
3.910000000000000 0.009872338112875
3.920000000000000 0.009663381519071
3.930000000000000 0.009454790347809
3.940000000000000 0.009246565874046
3.950000000000000 0.009038709337947
3.960000000000000 0.008831221945418
3.970000000000000 0.008624104868631
3.980000000000000 0.008417359246534
3.990000000000000 0.008210986185363
4.000000000000000 0.008004986759140
4.010000000000000 0.007828126116224
4.020000000000000 0.007651585118336
4.030000000000000 0.007475364643165
4.040000000000000 0.007299465542015
4.050000000000000 0.007123888640213
4.060000000000000 0.006948634737506
4.070000000000000 0.006773704608453
4.080000000000000 0.006599099002814
4.090000000000000 0.006424818645929
4.100000000000000 0.006250864239097
4.110000000000000 0.006101947727817
4.120000000000000 0.005953309355580
4.130000000000000 0.005804949688688
4.140000000000000 0.005656869273826
4.150000000000000 0.005509068638370
4.160000000000000 0.005361548290681
4.170000000000000 0.005214308720402
4.180000000000000 0.005067350398748
4.190000000000000 0.004920673778790
4.200000000000000 0.004774279295738
4.210000000000000 0.004649374914967
4.220000000000000 0.004524710568823
4.230000000000000 0.004400286602450
4.240000000000000 0.004276103346490
4.250000000000000 0.004152161117303
4.260000000000000 0.004028460217197
4.270000000000000 0.003905000934638
4.280000000000000 0.003781783544474
4.290000000000000 0.003658808308148
4.300000000000000 0.003536075473902
4.310000000000000 0.003431774219967
4.320000000000000 0.003327678460021
4.330000000000000 0.003223788384834
4.340000000000000 0.003120104174515
4.350000000000000 0.003016625998683
4.360000000000000 0.002913354016631
4.370000000000000 0.002810288377492
4.380000000000000 0.002707429220396
4.390000000000000 0.002604776674629
4.400000000000000 0.002502330859794
4.410000000000000 0.002415673559587
4.420000000000000 0.002329190780971
4.430000000000000 0.002242882609433
4.440000000000000 0.002156749122690
4.450000000000000 0.002070790390812
4.460000000000000 0.001985006476340
4.470000000000000 0.001899397434412
4.480000000000000 0.001813963312877
4.490000000000000 0.001728704152416
4.500000000000000 0.001643619986654
4.510000000000000 0.001572039690694
4.520000000000000 0.001500606401854
4.530000000000000 0.001429320136137
4.540000000000000 0.001358180903928
4.550000000000000 0.001287188710088
4.560000000000000 0.001216343554042
4.570000000000000 0.001145645429872
4.580000000000000 0.001075094326398
4.590000000000000 0.001004690227268
4.600000000000000 0.000934433111041
4.610000000000000 0.000875700789162
4.620000000000000 0.000817091242616
4.630000000000000 0.000758604443720
4.640000000000000 0.000700240360776
4.650000000000000 0.000641998958145
4.660000000000000 0.000583880196303
4.670000000000000 0.000525884031915
4.680000000000000 0.000468010417891
4.690000000000000 0.000410259303452
4.700000000000000 0.000352630634193
4.710000000000000 0.000317028420144
4.720000000000000 0.000281501684034
4.730000000000000 0.000246050387820
4.740000000000000 0.000210674491340
4.750000000000000 0.000175373952351
4.760000000000000 0.000140148726564
4.770000000000000 0.000104998767680
4.780000000000000 0.000069924027422
4.790000000000000 0.000034924455572
4.800000000000000 0.000000000000000
4.810000000000000 0.000000000000000
4.820000000000000 0.000000000000000
4.830000000000000 0.000000000000000
4.840000000000000 0.000000000000000
4.850000000000000 0.000000000000000
4.860000000000000 0.000000000000000
4.870000000000000 0.000000000000000
4.880000000000000 0.000000000000000
4.890000000000000 0.000000000000000
4.900000000000000 -0.000000000000000
4.910000000000000 0.000000000000000
4.920000000000000 0.000000000000000
4.930000000000000 0.000000000000000
4.940000000000000 0.000000000000000
4.950000000000000 0.000000000000000
4.960000000000000 0.000000000000000
4.970000000000000 0.000000000000000
4.980000000000000 0.000000000000000
4.990000000000000 0.000000000000000
5.000000000000000 -0.000000000000000
5.010000000000000 0.000000000000000
5.020000000000000 0.000000000000000
5.030000000000000 0.000000000000000
5.040000000000000 0.000000000000000
5.050000000000000 0.000000000000000
5.060000000000000 0.000000000000000
5.070000000000000 0.000000000000000
5.080000000000000 0.000000000000000
5.090000000000000 0.000000000000000
5.100000000000000 -0.000000000000000
5.110000000000000 0.000000000000000
5.120000000000000 0.000000000000000
5.130000000000000 0.000000000000000
5.140000000000000 0.000000000000000
5.150000000000000 0.000000000000000
5.160000000000000 0.000000000000000
5.170000000000000 0.000000000000000
5.180000000000000 0.000000000000000
5.190000000000000 0.000000000000000
5.200000000000000 -0.000000000000000
5.210000000000000 0.000000000000000
5.220000000000000 0.000000000000000
5.230000000000000 0.000000000000000
5.240000000000000 0.000000000000000
5.250000000000000 0.000000000000000
5.260000000000000 0.000000000000000
5.270000000000000 0.000000000000000
5.280000000000000 0.000000000000000
5.290000000000000 0.000000000000000
5.300000000000000 0.000000000000000
5.310000000000000 0.000000000000000
5.320000000000000 0.000000000000000
5.330000000000000 0.000000000000000
5.340000000000000 0.000000000000000
5.350000000000000 0.000000000000000
5.360000000000000 0.000000000000000
5.370000000000000 0.000000000000000
5.380000000000000 0.000000000000000
5.390000000000000 0.000000000000000
5.400000000000000 -0.000000000000000
5.410000000000000 0.000000000000000
5.420000000000000 0.000000000000000
5.430000000000000 0.000000000000000
5.440000000000000 0.000000000000000
5.450000000000000 0.000000000000000
5.460000000000000 0.000000000000000
5.470000000000000 0.000000000000000
5.480000000000000 0.000000000000000
5.490000000000000 0.000000000000000
5.500000000000000 -0.000000000000000
5.510000000000000 0.000000000000000
5.520000000000000 0.000000000000000
5.530000000000000 0.000000000000000
5.540000000000000 0.000000000000000
5.550000000000000 0.000000000000000
5.560000000000000 0.000000000000000
5.570000000000000 0.000000000000000
5.580000000000000 0.000000000000000
5.590000000000000 0.000000000000000
5.600000000000000 -0.000000000000000
5.610000000000000 0.000000000000000
5.620000000000000 0.000000000000000
5.630000000000000 0.000000000000000
5.640000000000000 0.000000000000000
5.650000000000000 0.000000000000000
5.660000000000000 0.000000000000000
5.670000000000000 0.000000000000000
5.680000000000000 0.000000000000000
5.690000000000000 0.000000000000000
5.700000000000000 -0.000000000000000
5.710000000000000 0.000000000000000
5.720000000000000 0.000000000000000
5.730000000000000 0.000000000000000
5.740000000000000 0.000000000000000
5.750000000000000 0.000000000000000
5.760000000000000 0.000000000000000
5.770000000000000 0.000000000000000
5.780000000000000 0.000000000000000
5.790000000000000 0.000000000000000
5.800000000000000 0.000000000000000
5.810000000000000 0.000000000000000
5.820000000000000 0.000000000000000
5.830000000000000 0.000000000000000
5.840000000000000 0.000000000000000
5.850000000000000 0.000000000000000
5.860000000000000 0.000000000000000
5.870000000000000 0.000000000000000
5.880000000000000 0.000000000000000
5.890000000000000 0.000000000000000
5.900000000000000 -0.000000000000000
5.910000000000000 0.000000000000000
5.920000000000000 0.000000000000000
5.930000000000000 0.000000000000000
5.940000000000000 0.000000000000000
5.950000000000000 0.000000000000000
5.960000000000000 0.000000000000000
5.970000000000000 0.000000000000000
5.980000000000000 0.000000000000000
5.990000000000000 0.000000000000000
6.000000000000000 -0.000000000000000
6.010000000000000 0.000000000000000
6.020000000000000 0.000000000000000
6.030000000000000 0.000000000000000
6.040000000000000 0.000000000000000
6.050000000000000 0.000000000000000
6.060000000000000 0.000000000000000
6.070000000000000 0.000000000000000
6.080000000000000 0.000000000000000
6.090000000000000 0.000000000000000
6.100000000000000 -0.000000000000000
6.110000000000000 0.000000000000000
6.120000000000000 0.000000000000000
6.130000000000000 0.000000000000000
6.140000000000000 0.000000000000000
6.150000000000000 0.000000000000000
6.160000000000000 0.000000000000000
6.170000000000000 0.000000000000000
6.180000000000000 0.000000000000000
6.190000000000000 0.000000000000000
6.200000000000000 -0.000000000000000
6.210000000000000 0.000000000000000
6.220000000000000 0.000000000000000
6.230000000000000 0.000000000000000
6.240000000000000 0.000000000000000
6.250000000000000 0.000000000000000
6.260000000000000 0.000000000000000
6.270000000000000 0.000000000000000
6.280000000000000 0.000000000000000
6.290000000000000 0.000000000000000
6.300000000000000 0.000000000000000
6.310000000000000 0.000000000000000
6.320000000000000 0.000000000000000
6.330000000000000 0.000000000000000
6.340000000000000 0.000000000000000
6.350000000000000 0.000000000000000
6.360000000000000 0.000000000000000
6.370000000000000 0.000000000000000
6.380000000000000 0.000000000000000
6.390000000000000 0.000000000000000
6.400000000000000 -0.000000000000000
6.410000000000000 0.000000000000000
6.420000000000000 0.000000000000000
6.430000000000000 0.000000000000000
6.440000000000000 0.000000000000000
6.450000000000000 0.000000000000000
6.460000000000000 0.000000000000000
6.470000000000000 0.000000000000000
6.480000000000000 0.000000000000000
6.490000000000000 0.000000000000000
6.500000000000000 -0.000000000000000
6.510000000000000 0.000000000000000
6.520000000000000 0.000000000000000
6.530000000000000 0.000000000000000
6.540000000000000 0.000000000000000
6.550000000000000 0.000000000000000
6.560000000000000 0.000000000000000
6.570000000000000 0.000000000000000
6.580000000000000 0.000000000000000
6.590000000000000 0.000000000000000
6.600000000000000 -0.000000000000000
6.610000000000000 0.000000000000000
6.620000000000000 0.000000000000000
6.630000000000000 0.000000000000000
6.640000000000000 0.000000000000000
6.650000000000000 0.000000000000000
6.660000000000000 0.000000000000000
6.670000000000000 0.000000000000000
6.680000000000000 0.000000000000000
6.690000000000000 0.000000000000000
6.700000000000000 -0.000000000000000
6.710000000000000 0.000000000000000
6.720000000000000 0.000000000000000
6.730000000000000 0.000000000000000
6.740000000000000 0.000000000000000
6.750000000000000 0.000000000000000
6.760000000000000 0.000000000000000
6.770000000000000 0.000000000000000
6.780000000000000 0.000000000000000
6.790000000000000 0.000000000000000
6.800000000000000 0.000000000000000
6.810000000000000 0.000000000000000
6.820000000000000 0.000000000000000
6.830000000000000 0.000000000000000
6.840000000000000 0.000000000000000
6.850000000000000 0.000000000000000
6.860000000000000 0.000000000000000
6.870000000000000 0.000000000000000
6.880000000000000 0.000000000000000
6.890000000000000 0.000000000000000
6.900000000000000 -0.000000000000000
6.910000000000000 0.000000000000000
6.920000000000000 0.000000000000000
6.930000000000000 0.000000000000000
6.940000000000000 0.000000000000000
6.950000000000000 0.000000000000000
6.960000000000000 0.000000000000000
6.970000000000000 0.000000000000000
6.980000000000000 0.000000000000000
6.990000000000000 0.000000000000000
7.000000000000000 -0.000000000000000
7.010000000000000 0.000000000000000
7.020000000000000 0.000000000000000
7.030000000000000 0.000000000000000
7.040000000000000 0.000000000000000
7.050000000000000 0.000000000000000
7.060000000000000 0.000000000000000
7.070000000000000 0.000000000000000
7.080000000000000 0.000000000000000
7.090000000000000 0.000000000000000
7.100000000000000 -0.000000000000000
7.110000000000000 0.000000000000000
7.120000000000000 0.000000000000000
7.130000000000000 0.000000000000000
7.140000000000000 0.000000000000000
7.150000000000000 0.000000000000000
7.160000000000000 0.000000000000000
7.170000000000000 0.000000000000000
7.180000000000000 0.000000000000000
7.190000000000000 0.000000000000000
7.200000000000000 -0.000000000000000
7.210000000000000 0.000000000000000
7.220000000000000 0.000000000000000
7.230000000000000 0.000000000000000
7.240000000000000 0.000000000000000
7.250000000000000 0.000000000000000
7.260000000000000 0.000000000000000
7.270000000000000 0.000000000000000
7.280000000000000 0.000000000000000
7.290000000000000 0.000000000000000
7.300000000000000 0.000000000000000
7.310000000000000 0.000000000000000
7.320000000000000 0.000000000000000
7.330000000000000 0.000000000000000
7.340000000000000 0.000000000000000
7.350000000000000 0.000000000000000
7.360000000000000 0.000000000000000
7.370000000000000 0.000000000000000
7.380000000000000 0.000000000000000
7.390000000000000 0.000000000000000
7.400000000000000 -0.000000000000000
7.410000000000000 0.000000000000000
7.420000000000000 0.000000000000000
7.430000000000000 0.000000000000000
7.440000000000000 0.000000000000000
7.450000000000000 0.000000000000000
7.460000000000000 0.000000000000000
7.470000000000000 0.000000000000000
7.480000000000000 0.000000000000000
7.490000000000000 0.000000000000000
7.500000000000000 -0.000000000000000
7.510000000000000 0.000000000000000
7.520000000000000 0.000000000000000
7.530000000000000 0.000000000000000
7.540000000000000 0.000000000000000
7.550000000000000 0.000000000000000
7.560000000000000 0.000000000000000
7.570000000000000 0.000000000000000
7.580000000000000 0.000000000000000
7.590000000000000 0.000000000000000
7.600000000000000 -0.000000000000000
7.610000000000000 0.000000000000000
7.620000000000000 0.000000000000000
7.630000000000000 0.000000000000000
7.640000000000000 0.000000000000000
7.650000000000000 0.000000000000000
7.660000000000000 0.000000000000000
7.670000000000000 0.000000000000000
7.680000000000000 0.000000000000000
7.690000000000000 0.000000000000000
7.700000000000000 -0.000000000000000
7.710000000000000 0.000000000000000
7.720000000000000 0.000000000000000
7.730000000000000 0.000000000000000
7.740000000000000 0.000000000000000
7.750000000000000 0.000000000000000
7.760000000000000 0.000000000000000
7.770000000000000 0.000000000000000
7.780000000000000 0.000000000000000
7.790000000000000 0.000000000000000
7.800000000000000 0.000000000000000
7.810000000000000 0.000000000000000
7.820000000000000 0.000000000000000
7.830000000000000 0.000000000000000
7.840000000000000 0.000000000000000
7.850000000000000 0.000000000000000
7.860000000000000 0.000000000000000
7.870000000000000 0.000000000000000
7.880000000000000 0.000000000000000
7.890000000000000 0.000000000000000
7.900000000000000 -0.000000000000000
7.910000000000000 0.000000000000000
7.920000000000000 0.000000000000000
7.930000000000000 0.000000000000000
7.940000000000000 0.000000000000000
7.950000000000000 0.000000000000000
7.960000000000000 0.000000000000000
7.970000000000000 0.000000000000000
7.980000000000000 0.000000000000000
7.990000000000000 0.000000000000000
8.000000000000000 -0.000000000000000
8.010000000000000 0.000000000000000
8.020000000000000 0.000000000000000
8.029999999999999 0.000000000000000
8.039999999999999 0.000000000000000
8.050000000000001 0.000000000000000
8.060000000000000 0.000000000000000
8.070000000000000 0.000000000000000
8.080000000000000 0.000000000000000
8.090000000000000 0.000000000000000
8.100000000000000 -0.000000000000000
8.109999999999999 0.000000000000000
8.119999999999999 0.000000000000000
8.130000000000001 0.000000000000000
8.140000000000001 0.000000000000000
8.150000000000000 0.000000000000000
8.160000000000000 0.000000000000000
8.170000000000000 0.000000000000000
8.180000000000000 0.000000000000000
8.190000000000000 0.000000000000000
8.199999999999999 0.000000000000000
8.210000000000001 0.000000000000000
8.220000000000001 0.000000000000000
8.230000000000000 0.000000000000000
8.240000000000000 0.000000000000000
8.250000000000000 0.000000000000000
8.260000000000000 0.000000000000000
8.270000000000000 0.000000000000000
8.279999999999999 0.000000000000000
8.289999999999999 0.000000000000000
8.300000000000001 -0.000000000000000
8.310000000000000 0.000000000000000
8.320000000000000 0.000000000000000
8.330000000000000 0.000000000000000
8.340000000000000 0.000000000000000
8.350000000000000 0.000000000000000
8.359999999999999 0.000000000000000
8.369999999999999 0.000000000000000
8.380000000000001 0.000000000000000
8.390000000000001 0.000000000000000
8.400000000000000 -0.000000000000000
8.410000000000000 0.000000000000000
8.420000000000000 0.000000000000000
8.430000000000000 0.000000000000000
8.440000000000000 0.000000000000000
8.449999999999999 0.000000000000000
8.460000000000001 0.000000000000000
8.470000000000001 0.000000000000000
8.480000000000000 0.000000000000000
8.490000000000000 0.000000000000000
8.500000000000000 -0.000000000000000
8.510000000000000 0.000000000000000
8.520000000000000 0.000000000000000
8.529999999999999 0.000000000000000
8.539999999999999 0.000000000000000
8.550000000000001 0.000000000000000
8.560000000000000 0.000000000000000
8.570000000000000 0.000000000000000
8.580000000000000 0.000000000000000
8.590000000000000 0.000000000000000
8.600000000000000 -0.000000000000000
8.609999999999999 0.000000000000000
8.619999999999999 0.000000000000000
8.630000000000001 0.000000000000000
8.640000000000001 0.000000000000000
8.650000000000000 0.000000000000000
8.660000000000000 0.000000000000000
8.670000000000000 0.000000000000000
8.680000000000000 0.000000000000000
8.690000000000000 0.000000000000000
8.699999999999999 -0.000000000000000
8.710000000000001 0.000000000000000
8.720000000000001 0.000000000000000
8.730000000000000 0.000000000000000
8.740000000000000 0.000000000000000
8.750000000000000 0.000000000000000
8.760000000000000 0.000000000000000
8.770000000000000 0.000000000000000
8.779999999999999 0.000000000000000
8.789999999999999 0.000000000000000
8.800000000000001 -0.000000000000000
8.810000000000000 0.000000000000000
8.820000000000000 0.000000000000000
8.830000000000000 0.000000000000000
8.840000000000000 0.000000000000000
8.850000000000000 0.000000000000000
8.859999999999999 0.000000000000000
8.869999999999999 0.000000000000000
8.880000000000001 0.000000000000000
8.890000000000001 0.000000000000000
8.900000000000000 -0.000000000000000
8.910000000000000 0.000000000000000
8.920000000000000 0.000000000000000
8.930000000000000 0.000000000000000
8.940000000000000 0.000000000000000
8.949999999999999 0.000000000000000
8.960000000000001 0.000000000000000
8.970000000000001 0.000000000000000
8.980000000000000 0.000000000000000
8.990000000000000 0.000000000000000
9.000000000000000 -0.000000000000000
9.010000000000000 0.000000000000000
9.020000000000000 0.000000000000000
9.029999999999999 0.000000000000000
9.039999999999999 0.000000000000000
9.050000000000001 0.000000000000000
9.060000000000000 0.000000000000000
9.070000000000000 0.000000000000000
9.080000000000000 0.000000000000000
9.090000000000000 0.000000000000000
9.100000000000000 -0.000000000000000
9.109999999999999 0.000000000000000
9.119999999999999 0.000000000000000
9.130000000000001 0.000000000000000
9.140000000000001 0.000000000000000
9.150000000000000 0.000000000000000
9.160000000000000 0.000000000000000
9.170000000000000 0.000000000000000
9.180000000000000 0.000000000000000
9.190000000000000 0.000000000000000
9.199999999999999 -0.000000000000000
9.210000000000001 0.000000000000000
9.220000000000001 0.000000000000000
9.230000000000000 0.000000000000000
9.240000000000000 0.000000000000000
9.250000000000000 0.000000000000000
9.260000000000000 0.000000000000000
9.270000000000000 0.000000000000000
9.279999999999999 0.000000000000000
9.289999999999999 0.000000000000000
9.300000000000001 -0.000000000000000
9.310000000000000 0.000000000000000
9.320000000000000 0.000000000000000
9.330000000000000 0.000000000000000
9.340000000000000 0.000000000000000
9.350000000000000 0.000000000000000
9.359999999999999 0.000000000000000
9.369999999999999 0.000000000000000
9.380000000000001 0.000000000000000
9.390000000000001 0.000000000000000
9.400000000000000 -0.000000000000000
9.410000000000000 0.000000000000000
9.420000000000000 0.000000000000000
9.430000000000000 0.000000000000000
9.440000000000000 0.000000000000000
9.449999999999999 0.000000000000000
9.460000000000001 0.000000000000000
9.470000000000001 0.000000000000000
9.480000000000000 0.000000000000000
9.490000000000000 0.000000000000000
9.500000000000000 -0.000000000000000
9.510000000000000 0.000000000000000
9.520000000000000 0.000000000000000
9.529999999999999 0.000000000000000
9.539999999999999 0.000000000000000
9.550000000000001 0.000000000000000
9.560000000000000 0.000000000000000
9.570000000000000 0.000000000000000
9.580000000000000 0.000000000000000
9.590000000000000 0.000000000000000
9.600000000000000 0.000000000000000
9.609999999999999 0.000000000000000
9.619999999999999 0.000000000000000
9.630000000000001 0.000000000000000
9.640000000000001 0.000000000000000
9.650000000000000 0.000000000000000
9.660000000000000 0.000000000000000
9.670000000000000 0.000000000000000
9.680000000000000 0.000000000000000
9.690000000000000 0.000000000000000
9.699999999999999 -0.000000000000000
9.710000000000001 0.000000000000000
9.720000000000001 0.000000000000000
9.730000000000000 0.000000000000000
9.740000000000000 0.000000000000000
9.750000000000000 0.000000000000000
9.760000000000000 0.000000000000000
9.770000000000000 0.000000000000000
9.779999999999999 0.000000000000000
9.789999999999999 0.000000000000000
9.800000000000001 -0.000000000000000
9.810000000000000 0.000000000000000
9.820000000000000 0.000000000000000
9.830000000000000 0.000000000000000
9.840000000000000 0.000000000000000
9.850000000000000 0.000000000000000
9.859999999999999 0.000000000000000
9.869999999999999 0.000000000000000
9.880000000000001 0.000000000000000
9.890000000000001 0.000000000000000
9.900000000000000 -0.000000000000000
9.910000000000000 0.000000000000000
9.920000000000000 0.000000000000000
9.930000000000000 0.000000000000000
9.940000000000000 0.000000000000000
9.949999999999999 0.000000000000000
9.960000000000001 0.000000000000000
9.970000000000001 0.000000000000000
9.980000000000000 0.000000000000000
9.990000000000000 0.000000000000000
10.000000000000000 -0.000000000000000
